CODONML (in paml version 4.10.7, June 2023)  /home/rachel/ruminants_paml/6406-phy-tree/ENSBTAT00000017847.fasta.phy
Model: free dN/dS Ratios for branches,  kappa = 2.000 fixed

Codon frequency model: F3x4
ns =  54  ls = 305

Codon usage in sequences
--------------------------------------------------------------------------------------------------------------------------------------
Phe TTT   3   3   3   3   3   3 | Ser TCT  12  12  12  12  12  12 | Tyr TAT   4   4   4   4   4   3 | Cys TGT   3   3   3   3   3   3
    TTC   2   2   2   2   2   2 |     TCC  12  12  12  12  12  12 |     TAC   3   3   3   3   3   4 |     TGC   4   4   4   4   4   4
Leu TTA   3   3   3   3   2   3 |     TCA   8   9   8   8   9   9 | *** TAA   0   0   0   0   0   0 | *** TGA   0   0   0   0   0   0
    TTG   9   9   9   9  10  10 |     TCG   0   0   0   0   0   0 |     TAG   0   0   0   0   0   0 | Trp TGG   1   1   1   1   1   1
--------------------------------------------------------------------------------------------------------------------------------------
Leu CTT   7   7   6   7   7   7 | Pro CCT   5   6   6   5   5   5 | His CAT   5   5   5   5   4   5 | Arg CGT   1   1   1   1   1   1
    CTC   0   0   1   0   0   0 |     CCC   3   2   3   3   3   3 |     CAC   2   2   2   2   3   2 |     CGC   0   0   0   0   0   0
    CTA   0   0   0   0   0   0 |     CCA  16  14  15  16  15  15 | Gln CAA   7   6   7   7   7   8 |     CGA   5   4   5   5   5   5
    CTG   1   1   1   1   2   1 |     CCG   2   3   2   2   2   2 |     CAG  13  14  13  13  14  13 |     CGG   1   1   1   1   1   1
--------------------------------------------------------------------------------------------------------------------------------------
Ile ATT   4   4   4   4   4   4 | Thr ACT   6   6   6   6   6   6 | Asn AAT   7   7   8   7   8   8 | Ser AGT  10   9  10  10  10  10
    ATC   1   1   1   1   1   1 |     ACC  10   9  10  10  10  10 |     AAC  15  15  13  15  14  14 |     AGC   6   7   7   6   6   6
    ATA   5   5   5   5   5   5 |     ACA   6   5   6   6   6   6 | Lys AAA   6   6   6   6   5   6 | Arg AGA   1   2   1   1   1   1
Met ATG  10  10  10  10   9   9 |     ACG   1   1   1   1   1   1 |     AAG   6   6   6   6   7   6 |     AGG   2   2   2   2   2   2
--------------------------------------------------------------------------------------------------------------------------------------
Val GTT   5   4   4   4   4   4 | Ala GCT   6   6   6   6   6   6 | Asp GAT  11  11  11  11   9  10 | Gly GGT   1   1   1   1   1   1
    GTC   3   3   4   4   3   3 |     GCC   4   5   4   4   4   4 |     GAC   5   5   5   5   7   6 |     GGC   5   5   5   5   5   5
    GTA   6   5   6   6   5   5 |     GCA   4   5   4   4   3   3 | Glu GAA   5   5   5   5   5   4 |     GGA   5   4   5   5   5   5
    GTG   4   6   4   4   6   6 |     GCG   0   0   0   0   0   0 |     GAG   8   8   8   8   8   9 |     GGG   5   6   5   5   5   5
--------------------------------------------------------------------------------------------------------------------------------------

--------------------------------------------------------------------------------------------------------------------------------------
Phe TTT   3   3   3   3   3   3 | Ser TCT  11  12  12  12  11  12 | Tyr TAT   4   4   4   4   4   4 | Cys TGT   3   3   3   3   3   3
    TTC   2   2   2   2   2   2 |     TCC  13  12  12  12  12  12 |     TAC   3   3   3   3   3   3 |     TGC   4   4   4   4   4   4
Leu TTA   3   3   3   3   3   3 |     TCA   8   8   8   8   8   8 | *** TAA   0   0   0   0   0   0 | *** TGA   0   0   0   0   0   0
    TTG   9   9   9   9   9   9 |     TCG   0   0   0   0   1   0 |     TAG   0   0   0   0   0   0 | Trp TGG   1   1   1   1   1   1
--------------------------------------------------------------------------------------------------------------------------------------
Leu CTT   7   7   7   7   7   7 | Pro CCT   5   5   5   5   6   5 | His CAT   5   5   5   5   5   5 | Arg CGT   1   1   1   1   1   1
    CTC   0   0   0   0   0   0 |     CCC   3   3   3   3   3   3 |     CAC   2   2   2   2   2   2 |     CGC   0   0   0   0   0   0
    CTA   0   0   0   0   0   0 |     CCA  16  16  16  16  15  16 | Gln CAA   7   7   7   7   7   7 |     CGA   5   5   5   5   5   5
    CTG   1   1   1   1   1   1 |     CCG   2   2   2   2   2   2 |     CAG  13  13  13  13  13  13 |     CGG   1   1   1   1   1   1
--------------------------------------------------------------------------------------------------------------------------------------
Ile ATT   4   4   3   4   4   4 | Thr ACT   6   6   6   6   6   6 | Asn AAT   7   7   8   7   8   7 | Ser AGT  10  10  10  10  10  10
    ATC   1   1   2   1   1   1 |     ACC  10  10  11  10  10  10 |     AAC  15  15  14  15  13  15 |     AGC   6   6   6   6   7   6
    ATA   5   5   5   5   5   5 |     ACA   6   6   5   6   6   6 | Lys AAA   6   6   6   6   6   6 | Arg AGA   1   1   1   1   1   1
Met ATG  10  10  10  10  10  10 |     ACG   1   1   1   1   1   1 |     AAG   6   6   6   6   6   6 |     AGG   2   2   2   2   2   2
--------------------------------------------------------------------------------------------------------------------------------------
Val GTT   4   5   4   4   4   2 | Ala GCT   6   6   6   7   6   5 | Asp GAT  11  11  11  11  11  11 | Gly GGT   1   1   1   1   1   2
    GTC   4   3   4   4   4   5 |     GCC   4   4   4   3   4   4 |     GAC   5   5   5   5   5   5 |     GGC   5   5   5   5   5   5
    GTA   5   6   6   6   6   7 |     GCA   4   4   4   4   4   4 | Glu GAA   5   5   5   5   5   5 |     GGA   5   5   5   5   5   5
    GTG   5   4   4   4   4   4 |     GCG   0   0   0   0   0   0 |     GAG   8   8   8   8   8   8 |     GGG   5   5   5   5   5   5
--------------------------------------------------------------------------------------------------------------------------------------

--------------------------------------------------------------------------------------------------------------------------------------
Phe TTT   3   3   4   3   3   3 | Ser TCT  12  13  12  12  12  12 | Tyr TAT   4   4   4   4   4   3 | Cys TGT   3   3   3   3   3   3
    TTC   2   2   1   2   2   2 |     TCC  12  11  12  12  12  12 |     TAC   3   3   3   3   3   4 |     TGC   4   4   4   4   4   4
Leu TTA   3   3   3   3   4   3 |     TCA   8   8   8   8   8   8 | *** TAA   0   0   0   0   0   0 | *** TGA   0   0   0   0   0   0
    TTG   9   9   9   9   8   9 |     TCG   0   0   0   0   0   0 |     TAG   0   0   0   0   0   0 | Trp TGG   1   1   1   1   1   1
--------------------------------------------------------------------------------------------------------------------------------------
Leu CTT   7   7   7   7   7   7 | Pro CCT   5   6   5   5   5   5 | His CAT   5   5   5   5   5   5 | Arg CGT   1   1   1   1   1   1
    CTC   0   0   0   0   0   0 |     CCC   3   3   3   3   3   3 |     CAC   2   2   2   2   2   2 |     CGC   0   0   0   0   0   0
    CTA   0   0   0   0   0   0 |     CCA  16  15  16  16  16  16 | Gln CAA   7   8   7   8   8   7 |     CGA   5   5   5   5   5   5
    CTG   1   1   1   1   1   1 |     CCG   2   2   2   2   2   2 |     CAG  13  12  13  12  12  13 |     CGG   1   1   1   1   1   1
--------------------------------------------------------------------------------------------------------------------------------------
Ile ATT   4   4   4   4   4   4 | Thr ACT   6   6   6   6   6   6 | Asn AAT   7   8   7   7   7   8 | Ser AGT  10  10  10  10   9   9
    ATC   1   1   1   1   1   1 |     ACC  10  10  10  10  10  10 |     AAC  15  13  15  15  15  14 |     AGC   6   7   6   6   6   6
    ATA   5   5   5   5   5   5 |     ACA   6   6   6   6   6   5 | Lys AAA   6   6   6   6   6   6 | Arg AGA   1   1   1   1   1   1
Met ATG  10  10  10  10  10  10 |     ACG   1   1   1   1   1   2 |     AAG   6   6   6   6   6   6 |     AGG   2   2   2   2   2   2
--------------------------------------------------------------------------------------------------------------------------------------
Val GTT   4   4   4   4   4   4 | Ala GCT   6   6   6   6   6   6 | Asp GAT  11  11  11  11  11  11 | Gly GGT   1   1   1   1   2   2
    GTC   4   4   4   4   4   4 |     GCC   4   4   4   4   4   4 |     GAC   5   5   5   5   5   5 |     GGC   5   5   5   5   5   5
    GTA   6   6   6   6   6   6 |     GCA   4   4   4   4   4   4 | Glu GAA   5   5   5   5   5   5 |     GGA   5   5   5   5   5   5
    GTG   4   4   4   4   4   4 |     GCG   0   0   0   0   0   0 |     GAG   8   8   8   8   8   8 |     GGG   5   5   5   5   5   5
--------------------------------------------------------------------------------------------------------------------------------------

--------------------------------------------------------------------------------------------------------------------------------------
Phe TTT   3   3   3   3   3   3 | Ser TCT  12  12  12  11  12  12 | Tyr TAT   4   4   4   4   4   4 | Cys TGT   3   3   3   3   3   3
    TTC   2   2   2   2   2   2 |     TCC  11  12  12  12  12  12 |     TAC   3   3   3   3   3   3 |     TGC   4   4   4   4   4   4
Leu TTA   3   3   3   3   3   3 |     TCA   8   8   8   8   8   8 | *** TAA   0   0   0   0   0   0 | *** TGA   0   0   0   0   0   0
    TTG   9   9   9   9   9   9 |     TCG   1   0   0   1   0   0 |     TAG   0   0   0   0   0   0 | Trp TGG   1   1   1   1   1   1
--------------------------------------------------------------------------------------------------------------------------------------
Leu CTT   7   7   7   7   7   7 | Pro CCT   5   5   5   6   5   5 | His CAT   5   5   5   5   5   5 | Arg CGT   1   1   1   1   1   1
    CTC   0   0   0   0   0   0 |     CCC   3   3   3   3   3   3 |     CAC   2   2   2   2   2   2 |     CGC   0   0   0   0   0   0
    CTA   0   0   0   0   0   0 |     CCA  15  16  16  15  16  16 | Gln CAA   7   6   7   7   7   7 |     CGA   5   5   5   5   5   5
    CTG   1   2   1   1   1   1 |     CCG   3   2   2   2   2   2 |     CAG  13  14  13  13  13  13 |     CGG   1   1   1   1   1   1
--------------------------------------------------------------------------------------------------------------------------------------
Ile ATT   3   3   4   4   4   4 | Thr ACT   6   6   6   6   6   6 | Asn AAT   7   7   7   7   8   7 | Ser AGT  10  10  10  10  10  10
    ATC   2   2   1   1   1   1 |     ACC  10  10  10  10  10  10 |     AAC  15  15  15  14  14  15 |     AGC   6   6   6   7   6   6
    ATA   5   5   5   5   5   5 |     ACA   6   6   6   6   6   6 | Lys AAA   6   6   6   6   6   6 | Arg AGA   1   1   1   1   1   1
Met ATG  10   9  10  10  10  10 |     ACG   1   1   1   1   1   1 |     AAG   6   6   6   6   6   6 |     AGG   2   2   2   2   2   2
--------------------------------------------------------------------------------------------------------------------------------------
Val GTT   4   4   4   4   5   4 | Ala GCT   6   6   6   6   6   6 | Asp GAT  11  11  11  11  11  11 | Gly GGT   1   1   1   1   1   1
    GTC   4   4   4   4   3   4 |     GCC   4   4   4   4   4   4 |     GAC   5   5   5   5   5   5 |     GGC   4   4   5   5   5   5
    GTA   6   6   6   6   6   6 |     GCA   4   4   4   4   4   4 | Glu GAA   5   5   5   5   5   5 |     GGA   5   5   5   5   5   5
    GTG   4   4   4   4   4   4 |     GCG   0   0   0   0   0   0 |     GAG   8   8   8   8   8   8 |     GGG   6   6   5   5   5   5
--------------------------------------------------------------------------------------------------------------------------------------

--------------------------------------------------------------------------------------------------------------------------------------
Phe TTT   3   3   3   3   4   3 | Ser TCT  12  12  12  12  11  11 | Tyr TAT   4   4   4   3   4   4 | Cys TGT   3   3   3   3   3   3
    TTC   2   2   2   2   1   2 |     TCC  12  12  12  12  13  12 |     TAC   3   3   3   4   3   3 |     TGC   4   4   4   4   4   4
Leu TTA   3   3   3   3   3   3 |     TCA   8   8   8   8   8   8 | *** TAA   0   0   0   0   0   0 | *** TGA   0   0   0   0   0   0
    TTG   9   9   9   9   9   9 |     TCG   0   0   0   0   0   1 |     TAG   0   0   0   0   0   0 | Trp TGG   1   1   1   1   1   1
--------------------------------------------------------------------------------------------------------------------------------------
Leu CTT   7   7   7   7   7   7 | Pro CCT   5   5   5   6   5   6 | His CAT   5   5   5   5   5   5 | Arg CGT   1   1   1   1   1   1
    CTC   0   0   0   0   0   0 |     CCC   3   3   3   2   3   3 |     CAC   2   2   2   2   2   2 |     CGC   0   0   0   0   0   0
    CTA   0   0   0   0   0   0 |     CCA  16  16  16  16  16  15 | Gln CAA   7   6   7   7   7   7 |     CGA   5   5   5   5   5   5
    CTG   1   1   1   1   1   1 |     CCG   2   2   2   2   2   2 |     CAG  13  14  13  13  13  13 |     CGG   1   1   1   1   1   1
--------------------------------------------------------------------------------------------------------------------------------------
Ile ATT   4   4   4   4   4   4 | Thr ACT   6   6   6   6   6   6 | Asn AAT   7   7   7   8   7   7 | Ser AGT  10  10  10  10  10  10
    ATC   1   1   1   1   1   1 |     ACC  10  10  10  10  10  10 |     AAC  15  15  15  14  15  14 |     AGC   6   6   6   6   6   7
    ATA   5   5   5   5   5   5 |     ACA   6   6   6   6   6   6 | Lys AAA   6   6   6   6   6   6 | Arg AGA   1   1   1   1   1   1
Met ATG  10  10  10  10  10  10 |     ACG   1   1   1   1   1   1 |     AAG   6   6   6   6   6   6 |     AGG   2   2   2   2   2   2
--------------------------------------------------------------------------------------------------------------------------------------
Val GTT   4   4   4   4   4   4 | Ala GCT   5   5   6   6   6   6 | Asp GAT  11  11  11  11  11  11 | Gly GGT   2   2   1   1   1   1
    GTC   4   4   4   4   4   4 |     GCC   4   4   4   4   4   4 |     GAC   5   5   5   5   5   5 |     GGC   5   5   5   5   5   5
    GTA   6   6   6   6   6   6 |     GCA   4   4   4   4   4   4 | Glu GAA   5   5   5   5   5   5 |     GGA   5   5   5   5   5   5
    GTG   4   4   4   4   4   4 |     GCG   0   0   0   0   0   0 |     GAG   8   8   8   8   8   8 |     GGG   5   5   5   5   5   5
--------------------------------------------------------------------------------------------------------------------------------------

--------------------------------------------------------------------------------------------------------------------------------------
Phe TTT   3   3   3   3   3   4 | Ser TCT  12  12  12  12  12  12 | Tyr TAT   3   4   4   4   4   4 | Cys TGT   3   3   3   3   3   3
    TTC   2   2   2   2   2   1 |     TCC  12  12  12  12  12  12 |     TAC   4   3   3   3   3   3 |     TGC   4   4   4   4   4   4
Leu TTA   3   3   3   3   3   3 |     TCA   8   8   8   8   8   8 | *** TAA   0   0   0   0   0   0 | *** TGA   0   0   0   0   0   0
    TTG   9   9   9   9   9   9 |     TCG   0   0   0   0   0   0 |     TAG   0   0   0   0   0   0 | Trp TGG   1   1   1   1   1   1
--------------------------------------------------------------------------------------------------------------------------------------
Leu CTT   7   7   7   7   7   7 | Pro CCT   5   6   5   5   5   5 | His CAT   5   5   5   5   5   5 | Arg CGT   1   1   1   1   1   1
    CTC   0   0   0   0   0   0 |     CCC   3   3   3   3   3   3 |     CAC   2   2   2   2   2   2 |     CGC   0   0   0   0   0   0
    CTA   0   0   0   0   0   0 |     CCA  16  15  16  15  16  16 | Gln CAA   7   7   7   8   8   7 |     CGA   5   5   5   5   5   5
    CTG   1   1   1   1   1   1 |     CCG   2   2   2   3   2   2 |     CAG  13  13  13  12  12  13 |     CGG   1   1   1   1   1   1
--------------------------------------------------------------------------------------------------------------------------------------
Ile ATT   4   4   4   4   3   4 | Thr ACT   6   6   6   6   6   6 | Asn AAT   8   7   7   7   7   7 | Ser AGT  10  10  10  10  10  10
    ATC   1   1   1   1   2   1 |     ACC  10  10  10  10  10  10 |     AAC  14  14  15  15  15  15 |     AGC   6   7   6   6   7   6
    ATA   5   5   5   5   5   5 |     ACA   6   6   6   6   6   6 | Lys AAA   6   6   6   6   6   6 | Arg AGA   1   1   1   1   1   1
Met ATG  10  10  10  10  10  10 |     ACG   1   1   1   1   1   1 |     AAG   6   6   6   6   6   6 |     AGG   2   2   2   2   2   2
--------------------------------------------------------------------------------------------------------------------------------------
Val GTT   4   4   3   4   4   4 | Ala GCT   6   6   5   6   6   6 | Asp GAT  11  11  11  11  11  11 | Gly GGT   1   1   2   1   1   1
    GTC   4   4   4   4   4   4 |     GCC   4   4   4   4   4   4 |     GAC   5   5   5   5   5   5 |     GGC   5   5   5   5   4   5
    GTA   6   6   7   6   6   6 |     GCA   4   4   4   4   4   4 | Glu GAA   5   5   5   5   5   5 |     GGA   5   5   5   5   5   5
    GTG   4   4   4   4   4   4 |     GCG   0   0   0   0   0   0 |     GAG   8   8   8   8   8   8 |     GGG   5   5   5   5   5   5
--------------------------------------------------------------------------------------------------------------------------------------

--------------------------------------------------------------------------------------------------------------------------------------
Phe TTT   3   3   3   3   3   3 | Ser TCT  12  12  12  11  12  12 | Tyr TAT   4   4   4   4   4   4 | Cys TGT   3   3   3   3   3   3
    TTC   2   2   2   2   2   2 |     TCC  12  12  12  13  12  12 |     TAC   3   3   3   3   3   3 |     TGC   4   4   4   4   4   4
Leu TTA   3   3   3   3   3   3 |     TCA   8   8   8   8   8   8 | *** TAA   0   0   0   0   0   0 | *** TGA   0   0   0   0   0   0
    TTG   9   9   9   9   9   9 |     TCG   0   0   0   0   0   0 |     TAG   0   0   0   0   0   0 | Trp TGG   1   1   1   1   1   1
--------------------------------------------------------------------------------------------------------------------------------------
Leu CTT   7   7   7   7   7   7 | Pro CCT   5   6   5   5   5   5 | His CAT   5   5   5   5   5   5 | Arg CGT   1   1   1   1   1   1
    CTC   0   0   0   0   0   0 |     CCC   3   3   3   3   3   3 |     CAC   2   2   2   2   2   2 |     CGC   0   0   0   0   0   0
    CTA   0   0   0   0   0   0 |     CCA  16  15  16  16  16  16 | Gln CAA   7   7   7   7   7   7 |     CGA   5   5   5   5   5   5
    CTG   1   1   1   1   1   1 |     CCG   2   2   2   2   2   2 |     CAG  13  13  13  13  13  13 |     CGG   1   1   1   1   1   1
--------------------------------------------------------------------------------------------------------------------------------------
Ile ATT   4   4   4   4   4   4 | Thr ACT   5   6   6   6   6   6 | Asn AAT   7   7   7   7   8   7 | Ser AGT  10  10  10  10  10  10
    ATC   1   1   1   1   1   1 |     ACC  11  10  10  10  11  10 |     AAC  15  14  15  15  14  15 |     AGC   6   7   6   6   6   6
    ATA   5   5   5   5   5   5 |     ACA   6   6   6   5   5   6 | Lys AAA   6   6   6   6   6   6 | Arg AGA   1   1   1   1   1   1
Met ATG  10  10  10  10  10  10 |     ACG   1   1   1   1   1   1 |     AAG   6   6   6   6   6   6 |     AGG   2   2   2   2   2   2
--------------------------------------------------------------------------------------------------------------------------------------
Val GTT   4   4   4   4   5   4 | Ala GCT   6   6   6   6   6   5 | Asp GAT  11  11  11  11  11  11 | Gly GGT   1   1   1   1   1   2
    GTC   4   4   4   4   3   4 |     GCC   4   4   4   4   4   4 |     GAC   5   5   5   5   5   5 |     GGC   5   5   5   5   5   5
    GTA   6   6   6   5   6   6 |     GCA   4   4   4   5   4   4 | Glu GAA   5   5   5   5   5   5 |     GGA   5   5   5   5   5   5
    GTG   4   4   4   5   4   4 |     GCG   0   0   0   0   0   0 |     GAG   8   8   8   8   8   8 |     GGG   5   5   5   5   5   5
--------------------------------------------------------------------------------------------------------------------------------------

--------------------------------------------------------------------------------------------------------------------------------------
Phe TTT   3   3   3   3   3   3 | Ser TCT  12  12  12  12  12  11 | Tyr TAT   4   3   4   4   4   4 | Cys TGT   3   3   3   3   3   3
    TTC   2   2   2   2   2   2 |     TCC  12  12  12  12  12  12 |     TAC   3   4   3   3   3   3 |     TGC   4   4   4   4   4   4
Leu TTA   3   3   3   3   3   4 |     TCA   8   8   8   8   8   8 | *** TAA   0   0   0   0   0   0 | *** TGA   0   0   0   0   0   0
    TTG   9   9   9   9   9   8 |     TCG   0   0   0   0   0   0 |     TAG   0   0   0   0   0   0 | Trp TGG   1   1   1   1   1   1
--------------------------------------------------------------------------------------------------------------------------------------
Leu CTT   7   7   7   7   7   7 | Pro CCT   5   5   5   5   6   6 | His CAT   5   5   5   5   5   5 | Arg CGT   1   1   1   1   1   1
    CTC   0   0   0   0   0   0 |     CCC   3   3   3   3   3   3 |     CAC   2   2   2   2   2   2 |     CGC   0   0   0   0   0   0
    CTA   0   0   0   0   0   0 |     CCA  16  16  16  16  15  16 | Gln CAA   7   7   7   7   7   6 |     CGA   5   5   5   5   5   5
    CTG   1   1   1   1   1   1 |     CCG   2   2   2   2   2   2 |     CAG  13  13  13  13  13  14 |     CGG   1   1   1   1   1   1
--------------------------------------------------------------------------------------------------------------------------------------
Ile ATT   4   4   4   4   4   4 | Thr ACT   6   6   6   6   6   6 | Asn AAT   7   8   7   7   7   8 | Ser AGT  10  10  10  10  10  10
    ATC   1   1   1   1   1   1 |     ACC  10  10  10  10  10  10 |     AAC  15  14  15  15  14  14 |     AGC   6   6   6   6   7   6
    ATA   5   5   5   5   5   5 |     ACA   6   6   6   6   6   6 | Lys AAA   6   6   6   6   6   6 | Arg AGA   1   1   1   1   1   1
Met ATG  10  10  10  10  10  10 |     ACG   1   1   1   1   1   1 |     AAG   6   6   6   6   6   6 |     AGG   2   2   2   2   2   2
--------------------------------------------------------------------------------------------------------------------------------------
Val GTT   4   4   3   4   4   4 | Ala GCT   5   6   5   5   6   6 | Asp GAT  11  11  11  11  11  12 | Gly GGT   2   1   2   2   1   1
    GTC   4   4   4   4   4   4 |     GCC   4   4   4   4   4   4 |     GAC   5   5   5   5   5   4 |     GGC   5   5   5   5   5   5
    GTA   6   6   7   6   6   6 |     GCA   4   4   4   4   4   4 | Glu GAA   5   5   5   5   5   5 |     GGA   5   5   5   5   5   5
    GTG   4   4   4   4   4   4 |     GCG   0   0   0   0   0   0 |     GAG   8   8   8   8   8   8 |     GGG   5   5   5   5   5   5
--------------------------------------------------------------------------------------------------------------------------------------

--------------------------------------------------------------------------------------------------------------------------------------
Phe TTT   3   3   3   3   3   3 | Ser TCT  12  12  12  12  11  12 | Tyr TAT   4   4   4   4   4   4 | Cys TGT   3   3   3   3   3   3
    TTC   2   2   2   2   2   2 |     TCC  12  12  12  12  12  12 |     TAC   3   3   3   3   3   3 |     TGC   4   4   4   4   4   4
Leu TTA   3   3   4   3   3   3 |     TCA   8   8   8   8   8   8 | *** TAA   0   0   0   0   0   0 | *** TGA   0   0   0   0   0   0
    TTG   9   9   8   9   9   9 |     TCG   0   0   0   0   1   0 |     TAG   0   0   0   0   0   0 | Trp TGG   1   1   1   1   1   1
--------------------------------------------------------------------------------------------------------------------------------------
Leu CTT   7   7   7   7   7   7 | Pro CCT   5   5   5   5   6   6 | His CAT   5   5   5   5   5   5 | Arg CGT   1   1   1   1   1   1
    CTC   0   0   0   0   0   0 |     CCC   3   3   3   3   3   3 |     CAC   2   2   2   2   2   2 |     CGC   0   0   0   0   0   0
    CTA   0   0   0   0   0   0 |     CCA  16  16  16  16  15  15 | Gln CAA   7   7   7   7   7   7 |     CGA   5   5   5   5   5   5
    CTG   1   1   1   1   1   1 |     CCG   2   2   2   2   2   2 |     CAG  13  13  13  13  13  13 |     CGG   1   1   1   1   1   1
--------------------------------------------------------------------------------------------------------------------------------------
Ile ATT   4   4   4   4   4   4 | Thr ACT   6   6   6   6   6   6 | Asn AAT   8   7   7   7   8   7 | Ser AGT  10  10  10  10  10  10
    ATC   1   1   1   1   1   1 |     ACC  10  10  10  10  10  10 |     AAC  14  15  15  15  13  14 |     AGC   6   6   6   6   7   7
    ATA   5   5   5   5   5   5 |     ACA   6   6   6   6   6   6 | Lys AAA   6   6   7   6   6   6 | Arg AGA   1   1   1   1   1   1
Met ATG  10  10  10  10  10  10 |     ACG   1   1   1   1   1   1 |     AAG   6   6   5   6   6   6 |     AGG   2   2   2   2   2   2
--------------------------------------------------------------------------------------------------------------------------------------
Val GTT   4   4   4   4   4   4 | Ala GCT   6   6   6   6   6   6 | Asp GAT  11  11  11  11  11  11 | Gly GGT   1   1   1   1   1   1
    GTC   4   4   4   4   4   4 |     GCC   4   4   4   4   4   4 |     GAC   5   5   5   5   5   5 |     GGC   5   5   5   5   5   5
    GTA   6   6   6   6   6   6 |     GCA   4   4   4   4   4   4 | Glu GAA   5   5   5   5   5   5 |     GGA   5   5   5   5   5   5
    GTG   4   4   4   4   4   4 |     GCG   0   0   0   0   0   0 |     GAG   8   8   8   8   8   8 |     GGG   5   5   5   5   5   5
--------------------------------------------------------------------------------------------------------------------------------------

Codon position x base (3x4) table for each sequence.

#1: Argali         
position  1:    T:0.20984    C:0.22295    A:0.31475    G:0.25246
position  2:    T:0.20656    C:0.31148    A:0.31803    G:0.16393
position  3:    T:0.29508    C:0.24590    A:0.25246    G:0.20656
Average         T:0.23716    C:0.26011    A:0.29508    G:0.20765

#2: LesserMouseDeer
position  1:    T:0.21311    C:0.21639    A:0.31148    G:0.25902
position  2:    T:0.20656    C:0.31148    A:0.31803    G:0.16393
position  3:    T:0.29180    C:0.24590    A:0.23934    G:0.22295
Average         T:0.23716    C:0.25792    A:0.28962    G:0.21530

#3: LesserKudu     
position  1:    T:0.20984    C:0.22295    A:0.31475    G:0.25246
position  2:    T:0.20656    C:0.31148    A:0.31475    G:0.16721
position  3:    T:0.29508    C:0.24918    A:0.24918    G:0.20656
Average         T:0.23716    C:0.26120    A:0.29290    G:0.20874

#4: ForestMuskDeer2
position  1:    T:0.20984    C:0.22295    A:0.31475    G:0.25246
position  2:    T:0.20656    C:0.31148    A:0.31803    G:0.16393
position  3:    T:0.29180    C:0.24918    A:0.25246    G:0.20656
Average         T:0.23607    C:0.26120    A:0.29508    G:0.20765

#5: Camel          
position  1:    T:0.21311    C:0.22623    A:0.31148    G:0.24918
position  2:    T:0.20656    C:0.30820    A:0.32131    G:0.16393
position  3:    T:0.28525    C:0.25246    A:0.23934    G:0.22295
Average         T:0.23497    C:0.26230    A:0.29071    G:0.21202

#6: KillerWhale    
position  1:    T:0.21639    C:0.22295    A:0.31148    G:0.24918
position  2:    T:0.20656    C:0.30820    A:0.32131    G:0.16393
position  3:    T:0.28852    C:0.24918    A:0.24590    G:0.21639
Average         T:0.23716    C:0.26011    A:0.29290    G:0.20984

#7: DefassaWaterbuck
position  1:    T:0.20984    C:0.22295    A:0.31475    G:0.25246
position  2:    T:0.20656    C:0.31148    A:0.31803    G:0.16393
position  3:    T:0.28852    C:0.25246    A:0.24918    G:0.20984
Average         T:0.23497    C:0.26230    A:0.29399    G:0.20874

#8: Sheep          
position  1:    T:0.20984    C:0.22295    A:0.31475    G:0.25246
position  2:    T:0.20656    C:0.31148    A:0.31803    G:0.16393
position  3:    T:0.29508    C:0.24590    A:0.25246    G:0.20656
Average         T:0.23716    C:0.26011    A:0.29508    G:0.20765

#9: MaxwellsDuiker 
position  1:    T:0.20984    C:0.22295    A:0.31475    G:0.25246
position  2:    T:0.20656    C:0.31148    A:0.31803    G:0.16393
position  3:    T:0.29180    C:0.25246    A:0.24918    G:0.20656
Average         T:0.23607    C:0.26230    A:0.29399    G:0.20765

#10: GazellaPrzewalskyi
position  1:    T:0.20984    C:0.22295    A:0.31475    G:0.25246
position  2:    T:0.20656    C:0.31148    A:0.31803    G:0.16393
position  3:    T:0.29508    C:0.24590    A:0.25246    G:0.20656
Average         T:0.23716    C:0.26011    A:0.29508    G:0.20765

#11: MountainNyala  
position  1:    T:0.20984    C:0.22295    A:0.31475    G:0.25246
position  2:    T:0.20656    C:0.31148    A:0.31475    G:0.16721
position  3:    T:0.29508    C:0.24590    A:0.24918    G:0.20984
Average         T:0.23716    C:0.26011    A:0.29290    G:0.20984

#12: MuntiacusMuntjak
position  1:    T:0.20984    C:0.22295    A:0.31475    G:0.25246
position  2:    T:0.20656    C:0.30820    A:0.31803    G:0.16721
position  3:    T:0.28525    C:0.25246    A:0.25574    G:0.20656
Average         T:0.23388    C:0.26120    A:0.29617    G:0.20874

#13: goat           
position  1:    T:0.20984    C:0.22295    A:0.31475    G:0.25246
position  2:    T:0.20656    C:0.31148    A:0.31803    G:0.16393
position  3:    T:0.29180    C:0.24918    A:0.25246    G:0.20656
Average         T:0.23607    C:0.26120    A:0.29508    G:0.20765

#14: AfricanBuffalo 
position  1:    T:0.20984    C:0.22295    A:0.31475    G:0.25246
position  2:    T:0.20656    C:0.31148    A:0.31475    G:0.16721
position  3:    T:0.30164    C:0.24262    A:0.25246    G:0.20328
Average         T:0.23934    C:0.25902    A:0.29399    G:0.20765

#15: Topi           
position  1:    T:0.20984    C:0.22295    A:0.31475    G:0.25246
position  2:    T:0.20656    C:0.31148    A:0.31803    G:0.16393
position  3:    T:0.29508    C:0.24590    A:0.25246    G:0.20656
Average         T:0.23716    C:0.26011    A:0.29508    G:0.20765

#16: CommonDuiker   
position  1:    T:0.20984    C:0.22295    A:0.31475    G:0.25246
position  2:    T:0.20656    C:0.31148    A:0.31803    G:0.16393
position  3:    T:0.29180    C:0.24918    A:0.25574    G:0.20328
Average         T:0.23607    C:0.26120    A:0.29617    G:0.20656

#17: Suni           
position  1:    T:0.20984    C:0.22295    A:0.31148    G:0.25574
position  2:    T:0.20656    C:0.31148    A:0.31803    G:0.16393
position  3:    T:0.29180    C:0.24918    A:0.25902    G:0.20000
Average         T:0.23607    C:0.26120    A:0.29617    G:0.20656

#18: Springbuck     
position  1:    T:0.20984    C:0.22295    A:0.31148    G:0.25574
position  2:    T:0.20656    C:0.31148    A:0.31803    G:0.16393
position  3:    T:0.29180    C:0.24918    A:0.24918    G:0.20984
Average         T:0.23607    C:0.26120    A:0.29290    G:0.20984

#19: Okapi          
position  1:    T:0.20984    C:0.22295    A:0.31475    G:0.25246
position  2:    T:0.20656    C:0.31148    A:0.31803    G:0.16393
position  3:    T:0.28852    C:0.24590    A:0.24918    G:0.21639
Average         T:0.23497    C:0.26011    A:0.29399    G:0.21093

#20: Giraffe        
position  1:    T:0.20984    C:0.22623    A:0.31148    G:0.25246
position  2:    T:0.20656    C:0.31148    A:0.31803    G:0.16393
position  3:    T:0.28852    C:0.24918    A:0.24918    G:0.21311
Average         T:0.23497    C:0.26230    A:0.29290    G:0.20984

#21: TibetanAntelope
position  1:    T:0.20984    C:0.22295    A:0.31475    G:0.25246
position  2:    T:0.20656    C:0.31148    A:0.31803    G:0.16393
position  3:    T:0.29180    C:0.24918    A:0.25246    G:0.20656
Average         T:0.23607    C:0.26120    A:0.29508    G:0.20765

#22: Sitatunga      
position  1:    T:0.20984    C:0.22295    A:0.31475    G:0.25246
position  2:    T:0.20656    C:0.31148    A:0.31475    G:0.16721
position  3:    T:0.29180    C:0.24918    A:0.24918    G:0.20984
Average         T:0.23607    C:0.26120    A:0.29290    G:0.20984

#23: Oribi          
position  1:    T:0.20984    C:0.22295    A:0.31475    G:0.25246
position  2:    T:0.20656    C:0.31148    A:0.31803    G:0.16393
position  3:    T:0.29836    C:0.24262    A:0.25246    G:0.20656
Average         T:0.23825    C:0.25902    A:0.29508    G:0.20765

#24: BarbarySheep   
position  1:    T:0.20984    C:0.22295    A:0.31475    G:0.25246
position  2:    T:0.20656    C:0.31148    A:0.31803    G:0.16393
position  3:    T:0.29180    C:0.24918    A:0.25246    G:0.20656
Average         T:0.23607    C:0.26120    A:0.29508    G:0.20765

#25: Daviddeer      
position  1:    T:0.20984    C:0.22295    A:0.31475    G:0.25246
position  2:    T:0.20656    C:0.30820    A:0.31803    G:0.16721
position  3:    T:0.29180    C:0.24918    A:0.25246    G:0.20656
Average         T:0.23607    C:0.26011    A:0.29508    G:0.20874

#26: Reindeer       
position  1:    T:0.20984    C:0.22295    A:0.31475    G:0.25246
position  2:    T:0.20656    C:0.30820    A:0.31803    G:0.16721
position  3:    T:0.29180    C:0.24918    A:0.24918    G:0.20984
Average         T:0.23607    C:0.26011    A:0.29399    G:0.20984

#27: Ibex           
position  1:    T:0.20984    C:0.22295    A:0.31475    G:0.25246
position  2:    T:0.20656    C:0.31148    A:0.31803    G:0.16393
position  3:    T:0.29180    C:0.24918    A:0.25246    G:0.20656
Average         T:0.23607    C:0.26120    A:0.29508    G:0.20765

#28: GyrantGazelle  
position  1:    T:0.20984    C:0.22295    A:0.31475    G:0.25246
position  2:    T:0.20656    C:0.31148    A:0.31803    G:0.16393
position  3:    T:0.29508    C:0.24590    A:0.25246    G:0.20656
Average         T:0.23716    C:0.26011    A:0.29508    G:0.20765

#29: Hartebeest     
position  1:    T:0.20984    C:0.22295    A:0.31475    G:0.25246
position  2:    T:0.20656    C:0.31148    A:0.31803    G:0.16393
position  3:    T:0.29180    C:0.24918    A:0.25246    G:0.20656
Average         T:0.23607    C:0.26120    A:0.29508    G:0.20765

#30: Bongo          
position  1:    T:0.20984    C:0.22295    A:0.31475    G:0.25246
position  2:    T:0.20656    C:0.31148    A:0.31475    G:0.16721
position  3:    T:0.29180    C:0.24918    A:0.24918    G:0.20984
Average         T:0.23607    C:0.26120    A:0.29290    G:0.20984

#31: Gerenuk        
position  1:    T:0.20984    C:0.22295    A:0.31475    G:0.25246
position  2:    T:0.20656    C:0.31148    A:0.31803    G:0.16393
position  3:    T:0.29180    C:0.24918    A:0.25246    G:0.20656
Average         T:0.23607    C:0.26120    A:0.29508    G:0.20765

#32: CommonEland    
position  1:    T:0.20984    C:0.22295    A:0.31475    G:0.25246
position  2:    T:0.20656    C:0.31148    A:0.31475    G:0.16721
position  3:    T:0.29508    C:0.24918    A:0.24918    G:0.20656
Average         T:0.23716    C:0.26120    A:0.29290    G:0.20874

#33: MuntiacusReevesi
position  1:    T:0.20984    C:0.22295    A:0.31475    G:0.25246
position  2:    T:0.20656    C:0.30820    A:0.31803    G:0.16721
position  3:    T:0.28852    C:0.24918    A:0.25574    G:0.20656
Average         T:0.23497    C:0.26011    A:0.29617    G:0.20874

#34: HarveysDuiker  
position  1:    T:0.20984    C:0.22295    A:0.31475    G:0.25246
position  2:    T:0.20656    C:0.31148    A:0.31803    G:0.16393
position  3:    T:0.29180    C:0.24918    A:0.25246    G:0.20656
Average         T:0.23607    C:0.26120    A:0.29508    G:0.20765

#35: Pronghorn      
position  1:    T:0.20984    C:0.22295    A:0.31803    G:0.24918
position  2:    T:0.20656    C:0.31148    A:0.31803    G:0.16393
position  3:    T:0.28852    C:0.25246    A:0.25574    G:0.20328
Average         T:0.23497    C:0.26230    A:0.29727    G:0.20546

#36: BlueWildebeest 
position  1:    T:0.20984    C:0.22295    A:0.31475    G:0.25246
position  2:    T:0.20656    C:0.31148    A:0.31803    G:0.16393
position  3:    T:0.29508    C:0.24590    A:0.25246    G:0.20656
Average         T:0.23716    C:0.26011    A:0.29508    G:0.20765

#37: Gemsbok        
position  1:    T:0.20984    C:0.22295    A:0.31475    G:0.25246
position  2:    T:0.20656    C:0.31148    A:0.31803    G:0.16393
position  3:    T:0.28852    C:0.25246    A:0.25246    G:0.20656
Average         T:0.23497    C:0.26230    A:0.29508    G:0.20765

#38: Yak            
position  1:    T:0.20984    C:0.22295    A:0.31475    G:0.25246
position  2:    T:0.20656    C:0.31148    A:0.31475    G:0.16721
position  3:    T:0.29508    C:0.24918    A:0.24918    G:0.20656
Average         T:0.23716    C:0.26120    A:0.29290    G:0.20874

#39: BlueSheep      
position  1:    T:0.20984    C:0.22295    A:0.31475    G:0.25246
position  2:    T:0.20656    C:0.31148    A:0.31803    G:0.16393
position  3:    T:0.29180    C:0.24918    A:0.25246    G:0.20656
Average         T:0.23607    C:0.26120    A:0.29508    G:0.20765

#40: BohorReedbuck  
position  1:    T:0.20984    C:0.22295    A:0.31148    G:0.25574
position  2:    T:0.20656    C:0.31148    A:0.31803    G:0.16393
position  3:    T:0.28852    C:0.25246    A:0.24918    G:0.20984
Average         T:0.23497    C:0.26230    A:0.29290    G:0.20984

#41: KirksDik       
position  1:    T:0.20984    C:0.22295    A:0.31475    G:0.25246
position  2:    T:0.20656    C:0.31148    A:0.31803    G:0.16393
position  3:    T:0.29836    C:0.24590    A:0.24918    G:0.20656
Average         T:0.23825    C:0.26011    A:0.29399    G:0.20765

#42: RoeDeer        
position  1:    T:0.20984    C:0.22295    A:0.31475    G:0.25246
position  2:    T:0.20656    C:0.30820    A:0.31803    G:0.16721
position  3:    T:0.29180    C:0.24918    A:0.25246    G:0.20656
Average         T:0.23607    C:0.26011    A:0.29508    G:0.20874

#43: WhiteLippedDeer
position  1:    T:0.20984    C:0.22295    A:0.31475    G:0.25246
position  2:    T:0.20656    C:0.30820    A:0.31803    G:0.16721
position  3:    T:0.29180    C:0.24918    A:0.25246    G:0.20656
Average         T:0.23607    C:0.26011    A:0.29508    G:0.20874

#44: ThomsonGazelle 
position  1:    T:0.20984    C:0.22295    A:0.31475    G:0.25246
position  2:    T:0.20656    C:0.31148    A:0.31803    G:0.16393
position  3:    T:0.29180    C:0.24918    A:0.25246    G:0.20656
Average         T:0.23607    C:0.26120    A:0.29508    G:0.20765

#45: MuntiacusCrinifrons
position  1:    T:0.20984    C:0.22295    A:0.31475    G:0.25246
position  2:    T:0.20656    C:0.30820    A:0.31803    G:0.16721
position  3:    T:0.28852    C:0.24918    A:0.25574    G:0.20656
Average         T:0.23497    C:0.26011    A:0.29617    G:0.20874

#46: WhiteTailedDeer
position  1:    T:0.20984    C:0.22295    A:0.31475    G:0.25246
position  2:    T:0.20656    C:0.30820    A:0.31803    G:0.16721
position  3:    T:0.29180    C:0.24918    A:0.25246    G:0.20656
Average         T:0.23607    C:0.26011    A:0.29508    G:0.20874

#47: Cattle         
position  1:    T:0.20984    C:0.22295    A:0.31475    G:0.25246
position  2:    T:0.20656    C:0.31148    A:0.31475    G:0.16721
position  3:    T:0.29508    C:0.24918    A:0.24918    G:0.20656
Average         T:0.23716    C:0.26120    A:0.29290    G:0.20874

#48: RoyalAntelope  
position  1:    T:0.20656    C:0.22623    A:0.31475    G:0.25246
position  2:    T:0.20656    C:0.31148    A:0.31803    G:0.16393
position  3:    T:0.29836    C:0.24262    A:0.25246    G:0.20656
Average         T:0.23716    C:0.26011    A:0.29508    G:0.20765

#49: Steenbok       
position  1:    T:0.20984    C:0.22295    A:0.31475    G:0.25246
position  2:    T:0.20656    C:0.31148    A:0.31803    G:0.16393
position  3:    T:0.29508    C:0.24590    A:0.25246    G:0.20656
Average         T:0.23716    C:0.26011    A:0.29508    G:0.20765

#50: Impala         
position  1:    T:0.20984    C:0.22295    A:0.31475    G:0.25246
position  2:    T:0.20656    C:0.31148    A:0.31803    G:0.16393
position  3:    T:0.29180    C:0.24918    A:0.25246    G:0.20656
Average         T:0.23607    C:0.26120    A:0.29508    G:0.20765

#51: Klipspringer   
position  1:    T:0.20984    C:0.22295    A:0.31475    G:0.25246
position  2:    T:0.20656    C:0.31148    A:0.31803    G:0.16393
