CODONML (in paml version 4.10.7, June 2023)  /home/rachel/ruminants_paml/6406-phy-tree/ENSBTAT00000014930.fasta.phy
Model: free dN/dS Ratios for branches,  kappa = 2.000 fixed

Codon frequency model: F3x4
ns =  54  ls =  16

Codon usage in sequences
--------------------------------------------------------------------------------------------------------------------------------------
Phe TTT   0   0   0   0   0   0 | Ser TCT   0   0   0   0   0   0 | Tyr TAT   0   0   0   0   0   0 | Cys TGT   1   1   1   1   1   1
    TTC   1   1   1   1   1   1 |     TCC   0   0   0   0   0   0 |     TAC   0   0   0   0   0   0 |     TGC   0   0   0   0   0   0
Leu TTA   0   0   0   0   0   0 |     TCA   0   0   0   0   0   0 | *** TAA   0   0   0   0   0   0 | *** TGA   0   0   0   0   0   0
    TTG   1   1   1   1   1   1 |     TCG   0   0   0   0   0   0 |     TAG   0   0   0   0   0   0 | Trp TGG   0   0   0   0   0   0
--------------------------------------------------------------------------------------------------------------------------------------
Leu CTT   0   0   0   0   1   0 | Pro CCT   0   0   0   0   0   0 | His CAT   2   2   2   2   2   2 | Arg CGT   0   0   0   0   0   0
    CTC   1   1   1   1   0   1 |     CCC   0   0   0   0   0   0 |     CAC   0   0   0   0   0   0 |     CGC   0   0   0   0   0   0
    CTA   0   0   0   0   0   0 |     CCA   0   0   0   0   0   0 | Gln CAA   1   1   1   1   2   2 |     CGA   0   0   0   0   0   0
    CTG   0   0   0   0   0   0 |     CCG   0   0   0   0   0   0 |     CAG   1   1   1   1   0   0 |     CGG   0   0   0   0   0   0
--------------------------------------------------------------------------------------------------------------------------------------
Ile ATT   0   0   0   0   0   0 | Thr ACT   0   0   0   0   0   0 | Asn AAT   0   0   0   0   0   0 | Ser AGT   0   0   0   0   0   0
    ATC   0   0   0   0   0   0 |     ACC   0   0   0   0   0   0 |     AAC   0   0   0   0   0   0 |     AGC   0   0   0   0   0   0
    ATA   0   0   0   0   0   0 |     ACA   1   1   1   1   1   1 | Lys AAA   0   0   0   0   0   0 | Arg AGA   0   0   0   0   0   0
Met ATG   1   1   1   1   1   1 |     ACG   0   0   0   0   0   0 |     AAG   0   0   0   0   0   0 |     AGG   0   0   0   0   0   0
--------------------------------------------------------------------------------------------------------------------------------------
Val GTT   0   0   0   0   0   0 | Ala GCT   0   0   0   0   0   0 | Asp GAT   0   0   0   0   0   0 | Gly GGT   1   0   1   1   1   1
    GTC   0   0   0   0   0   0 |     GCC   0   0   0   0   0   0 |     GAC   0   0   0   0   0   0 |     GGC   0   0   0   0   0   0
    GTA   1   1   1   1   2   1 |     GCA   1   1   1   1   1   1 | Glu GAA   0   0   0   0   0   0 |     GGA   1   1   1   1   1   1
    GTG   1   1   1   1   0   1 |     GCG   0   0   0   0   0   0 |     GAG   1   1   1   1   1   1 |     GGG   0   1   0   0   0   0
--------------------------------------------------------------------------------------------------------------------------------------

--------------------------------------------------------------------------------------------------------------------------------------
Phe TTT   0   0   0   0   0   0 | Ser TCT   0   0   0   0   0   0 | Tyr TAT   0   0   0   0   0   0 | Cys TGT   1   1   1   1   1   1
    TTC   1   1   1   1   1   1 |     TCC   0   0   0   0   0   0 |     TAC   0   0   0   0   0   0 |     TGC   0   0   0   0   0   0
Leu TTA   0   0   0   0   0   0 |     TCA   0   0   0   0   0   0 | *** TAA   0   0   0   0   0   0 | *** TGA   0   0   0   0   0   0
    TTG   1   1   1   1   1   1 |     TCG   0   0   0   0   0   0 |     TAG   0   0   0   0   0   0 | Trp TGG   0   0   0   0   0   0
--------------------------------------------------------------------------------------------------------------------------------------
Leu CTT   0   0   0   0   0   0 | Pro CCT   0   0   0   0   0   0 | His CAT   2   2   2   2   2   2 | Arg CGT   0   0   0   0   0   0
    CTC   1   1   1   1   1   1 |     CCC   0   0   0   0   0   0 |     CAC   0   0   0   0   0   0 |     CGC   0   0   0   0   0   0
    CTA   0   0   0   0   0   0 |     CCA   0   0   0   0   0   0 | Gln CAA   1   1   1   1   1   1 |     CGA   0   0   0   0   0   0
    CTG   0   0   0   0   0   0 |     CCG   0   0   0   0   0   0 |     CAG   1   1   1   1   1   1 |     CGG   0   0   0   0   0   0
--------------------------------------------------------------------------------------------------------------------------------------
Ile ATT   0   0   0   0   0   0 | Thr ACT   0   0   0   0   0   0 | Asn AAT   0   0   0   0   0   0 | Ser AGT   0   0   0   0   0   0
    ATC   0   0   0   0   0   0 |     ACC   0   0   0   0   0   0 |     AAC   0   0   0   0   0   0 |     AGC   0   0   0   0   0   0
    ATA   0   0   0   0   0   0 |     ACA   1   1   1   1   1   1 | Lys AAA   0   0   0   0   0   0 | Arg AGA   0   0   0   0   0   0
Met ATG   1   1   1   1   1   1 |     ACG   0   0   0   0   0   0 |     AAG   0   0   0   0   0   0 |     AGG   0   0   0   0   0   0
--------------------------------------------------------------------------------------------------------------------------------------
Val GTT   0   0   0   0   1   0 | Ala GCT   0   0   0   0   0   0 | Asp GAT   0   0   0   0   0   0 | Gly GGT   1   1   1   1   1   1
    GTC   0   0   0   0   0   0 |     GCC   0   0   0   0   0   0 |     GAC   0   0   0   0   0   0 |     GGC   0   0   0   0   0   0
    GTA   1   1   1   1   0   1 |     GCA   1   1   1   1   1   1 | Glu GAA   0   0   0   0   0   0 |     GGA   1   1   1   1   1   1
    GTG   1   1   1   1   1   1 |     GCG   0   0   0   0   0   0 |     GAG   1   1   1   1   1   1 |     GGG   0   0   0   0   0   0
--------------------------------------------------------------------------------------------------------------------------------------

--------------------------------------------------------------------------------------------------------------------------------------
Phe TTT   0   0   0   0   0   0 | Ser TCT   0   0   0   0   0   0 | Tyr TAT   0   0   0   0   0   0 | Cys TGT   1   1   1   1   1   1
    TTC   1   1   1   1   1   1 |     TCC   0   0   0   0   0   0 |     TAC   0   0   0   0   0   0 |     TGC   0   0   0   0   0   0
Leu TTA   0   0   0   0   0   0 |     TCA   0   0   0   0   0   0 | *** TAA   0   0   0   0   0   0 | *** TGA   0   0   0   0   0   0
    TTG   1   1   1   1   0   0 |     TCG   0   0   0   0   0   0 |     TAG   0   0   0   0   0   0 | Trp TGG   0   0   0   0   0   0
--------------------------------------------------------------------------------------------------------------------------------------
Leu CTT   0   0   0   0   0   1 | Pro CCT   0   0   0   0   0   0 | His CAT   2   2   2   2   1   2 | Arg CGT   0   0   0   0   0   0
    CTC   1   1   1   1   1   0 |     CCC   0   0   0   0   0   0 |     CAC   0   0   0   0   1   0 |     CGC   0   0   0   0   0   0
    CTA   0   0   0   0   0   0 |     CCA   0   0   0   0   0   0 | Gln CAA   1   0   1   1   1   1 |     CGA   0   0   0   0   0   0
    CTG   0   0   0   0   1   1 |     CCG   0   0   0   0   0   0 |     CAG   1   2   1   1   1   1 |     CGG   0   0   0   0   0   0
--------------------------------------------------------------------------------------------------------------------------------------
Ile ATT   0   0   0   0   0   0 | Thr ACT   0   0   0   0   0   0 | Asn AAT   0   0   0   0   0   0 | Ser AGT   0   0   0   0   0   0
    ATC   0   0   0   0   0   0 |     ACC   0   0   0   0   0   0 |     AAC   0   0   0   0   0   0 |     AGC   0   0   0   0   0   0
    ATA   0   0   0   0   0   0 |     ACA   1   1   1   1   1   1 | Lys AAA   0   0   0   0   0   0 | Arg AGA   0   0   0   0   0   0
Met ATG   1   1   1   1   1   1 |     ACG   0   0   0   0   0   0 |     AAG   0   0   0   0   0   0 |     AGG   0   0   0   0   0   0
--------------------------------------------------------------------------------------------------------------------------------------
Val GTT   0   0   0   0   0   0 | Ala GCT   0   0   0   0   0   0 | Asp GAT   0   0   0   0   0   0 | Gly GGT   1   1   1   1   1   1
    GTC   0   0   0   0   0   0 |     GCC   0   0   0   0   0   0 |     GAC   0   0   0   0   0   0 |     GGC   0   0   0   0   0   0
    GTA   1   1   1   1   1   1 |     GCA   1   1   1   1   1   1 | Glu GAA   0   0   0   0   0   0 |     GGA   1   1   1   1   1   1
    GTG   1   1   1   1   1   1 |     GCG   0   0   0   0   0   0 |     GAG   1   1   1   1   1   1 |     GGG   0   0   0   0   0   0
--------------------------------------------------------------------------------------------------------------------------------------

--------------------------------------------------------------------------------------------------------------------------------------
Phe TTT   0   0   0   0   0   0 | Ser TCT   0   0   0   0   0   0 | Tyr TAT   0   0   0   0   0   0 | Cys TGT   1   1   1   1   1   1
    TTC   1   1   1   1   1   1 |     TCC   0   0   0   0   0   0 |     TAC   0   0   0   0   0   0 |     TGC   0   0   0   0   0   0
Leu TTA   0   0   0   0   0   0 |     TCA   0   0   0   0   0   0 | *** TAA   0   0   0   0   0   0 | *** TGA   0   0   0   0   0   0
    TTG   1   1   1   1   1   1 |     TCG   0   0   0   0   0   0 |     TAG   0   0   0   0   0   0 | Trp TGG   0   0   0   0   0   0
--------------------------------------------------------------------------------------------------------------------------------------
Leu CTT   0   0   0   0   0   0 | Pro CCT   0   0   0   0   0   0 | His CAT   2   2   2   2   2   2 | Arg CGT   0   0   0   0   0   0
    CTC   1   1   1   1   1   1 |     CCC   0   0   0   0   0   0 |     CAC   0   0   0   0   0   0 |     CGC   0   0   0   0   0   0
    CTA   0   0   0   0   0   0 |     CCA   0   0   0   0   0   0 | Gln CAA   1   1   1   1   1   1 |     CGA   0   0   0   0   0   0
    CTG   0   0   0   0   0   0 |     CCG   0   0   0   0   0   0 |     CAG   1   1   1   1   1   1 |     CGG   0   0   0   0   0   0
--------------------------------------------------------------------------------------------------------------------------------------
Ile ATT   0   0   0   0   0   0 | Thr ACT   0   0   0   0   0   0 | Asn AAT   0   0   0   0   0   0 | Ser AGT   0   0   0   0   0   0
    ATC   0   0   0   0   0   0 |     ACC   0   0   0   0   0   0 |     AAC   0   0   0   0   0   0 |     AGC   0   0   0   0   0   0
    ATA   0   0   0   0   0   0 |     ACA   1   1   1   1   1   1 | Lys AAA   0   0   0   0   0   0 | Arg AGA   0   0   0   0   0   0
Met ATG   1   1   1   1   1   1 |     ACG   0   0   0   0   0   0 |     AAG   0   0   0   0   0   0 |     AGG   0   0   0   0   0   0
--------------------------------------------------------------------------------------------------------------------------------------
Val GTT   1   0   0   1   0   0 | Ala GCT   0   0   0   0   0   0 | Asp GAT   0   0   0   0   0   0 | Gly GGT   1   1   1   1   1   1
    GTC   0   0   0   0   0   0 |     GCC   0   0   0   0   0   0 |     GAC   0   0   0   0   0   0 |     GGC   0   0   0   0   0   0
    GTA   1   1   1   0   1   1 |     GCA   1   1   1   1   1   1 | Glu GAA   0   0   0   0   0   0 |     GGA   1   1   1   1   1   1
    GTG   0   1   1   1   1   1 |     GCG   0   0   0   0   0   0 |     GAG   1   1   1   1   1   1 |     GGG   0   0   0   0   0   0
--------------------------------------------------------------------------------------------------------------------------------------

--------------------------------------------------------------------------------------------------------------------------------------
Phe TTT   0   0   0   0   0   0 | Ser TCT   0   0   0   0   0   0 | Tyr TAT   0   0   0   0   0   0 | Cys TGT   1   1   1   1   1   1
    TTC   1   1   1   1   1   1 |     TCC   0   0   0   0   0   0 |     TAC   0   0   0   0   0   0 |     TGC   0   0   0   0   0   0
Leu TTA   0   0   0   0   0   0 |     TCA   0   0   0   0   0   0 | *** TAA   0   0   0   0   0   0 | *** TGA   0   0   0   0   0   0
    TTG   1   1   1   1   1   1 |     TCG   0   0   0   0   0   0 |     TAG   0   0   0   0   0   0 | Trp TGG   0   0   0   0   0   0
--------------------------------------------------------------------------------------------------------------------------------------
Leu CTT   0   0   0   1   0   0 | Pro CCT   0   0   0   0   0   0 | His CAT   2   2   2   2   2   2 | Arg CGT   0   0   0   0   0   0
    CTC   1   1   1   0   1   1 |     CCC   0   0   0   0   0   0 |     CAC   0   0   0   0   0   0 |     CGC   0   0   0   0   0   0
    CTA   0   0   0   0   0   0 |     CCA   0   0   0   0   0   0 | Gln CAA   1   1   1   1   1   1 |     CGA   0   0   0   0   0   0
    CTG   0   0   0   0   0   0 |     CCG   0   0   0   0   0   0 |     CAG   1   1   1   1   1   1 |     CGG   0   0   0   0   0   0
--------------------------------------------------------------------------------------------------------------------------------------
Ile ATT   0   0   0   0   0   0 | Thr ACT   0   0   0   0   0   0 | Asn AAT   0   0   0   0   0   0 | Ser AGT   0   0   0   0   0   0
    ATC   0   0   0   0   0   0 |     ACC   0   0   0   0   0   0 |     AAC   0   0   0   0   0   0 |     AGC   0   0   0   0   0   0
    ATA   0   0   0   0   0   0 |     ACA   1   1   1   1   1   1 | Lys AAA   0   0   0   0   0   0 | Arg AGA   0   0   0   0   0   0
Met ATG   1   1   1   1   1   1 |     ACG   0   0   0   0   0   0 |     AAG   0   0   0   0   0   0 |     AGG   0   0   0   0   0   0
--------------------------------------------------------------------------------------------------------------------------------------
Val GTT   0   0   0   0   0   1 | Ala GCT   0   0   0   0   0   0 | Asp GAT   0   0   0   0   0   0 | Gly GGT   1   1   1   1   1   1
    GTC   0   0   0   0   0   0 |     GCC   0   0   0   0   0   0 |     GAC   0   0   0   0   0   0 |     GGC   0   0   0   0   0   0
    GTA   1   1   1   1   1   0 |     GCA   1   1   1   1   1   1 | Glu GAA   0   0   0   0   0   0 |     GGA   1   1   1   1   1   1
    GTG   1   1   1   1   1   1 |     GCG   0   0   0   0   0   0 |     GAG   1   1   1   1   1   1 |     GGG   0   0   0   0   0   0
--------------------------------------------------------------------------------------------------------------------------------------

--------------------------------------------------------------------------------------------------------------------------------------
Phe TTT   0   0   0   0   0   0 | Ser TCT   0   0   0   0   0   0 | Tyr TAT   0   0   0   0   0   0 | Cys TGT   1   1   1   1   1   1
    TTC   1   1   1   1   1   1 |     TCC   0   0   0   0   0   0 |     TAC   0   0   0   0   0   0 |     TGC   0   0   0   0   0   0
Leu TTA   0   0   0   0   0   0 |     TCA   0   0   0   0   0   0 | *** TAA   0   0   0   0   0   0 | *** TGA   0   0   0   0   0   0
    TTG   1   1   1   1   1   1 |     TCG   0   0   0   0   0   0 |     TAG   0   0   0   0   0   0 | Trp TGG   0   0   0   0   0   0
--------------------------------------------------------------------------------------------------------------------------------------
Leu CTT   1   0   0   0   0   0 | Pro CCT   0   0   0   0   0   0 | His CAT   2   2   2   2   2   2 | Arg CGT   0   0   0   0   0   0
    CTC   0   1   1   1   1   1 |     CCC   0   0   0   0   0   0 |     CAC   0   0   0   0   0   0 |     CGC   0   0   0   0   0   0
    CTA   0   0   0   0   0   0 |     CCA   0   0   0   0   0   0 | Gln CAA   1   1   1   1   1   1 |     CGA   0   0   0   0   0   0
    CTG   0   0   0   0   0   0 |     CCG   0   0   0   0   0   0 |     CAG   1   1   1   1   1   1 |     CGG   0   0   0   0   0   0
--------------------------------------------------------------------------------------------------------------------------------------
Ile ATT   0   0   0   0   0   0 | Thr ACT   0   0   0   0   0   0 | Asn AAT   0   0   0   0   0   0 | Ser AGT   0   0   0   0   0   0
    ATC   0   0   0   0   0   0 |     ACC   0   0   0   0   0   0 |     AAC   0   0   0   0   0   0 |     AGC   0   0   0   0   0   0
    ATA   0   0   0   0   0   0 |     ACA   1   1   1   1   1   1 | Lys AAA   0   0   0   0   0   0 | Arg AGA   0   0   0   0   0   0
Met ATG   1   1   1   1   1   1 |     ACG   0   0   0   0   0   0 |     AAG   0   0   0   0   0   0 |     AGG   0   0   0   0   0   0
--------------------------------------------------------------------------------------------------------------------------------------
Val GTT   0   0   0   0   0   0 | Ala GCT   0   0   0   0   0   0 | Asp GAT   0   0   0   0   0   0 | Gly GGT   1   1   1   1   1   1
    GTC   0   0   0   0   0   0 |     GCC   0   0   0   0   0   0 |     GAC   0   0   0   0   0   0 |     GGC   0   0   0   0   0   0
    GTA   1   1   1   1   1   1 |     GCA   1   1   1   1   1   1 | Glu GAA   0   0   0   0   0   0 |     GGA   1   1   1   1   1   1
    GTG   1   1   1   1   1   1 |     GCG   0   0   0   0   0   0 |     GAG   1   1   1   1   1   1 |     GGG   0   0   0   0   0   0
--------------------------------------------------------------------------------------------------------------------------------------

--------------------------------------------------------------------------------------------------------------------------------------
Phe TTT   0   0   0   0   0   0 | Ser TCT   0   0   0   0   0   0 | Tyr TAT   0   0   0   0   0   0 | Cys TGT   1   1   1   1   1   1
    TTC   1   1   1   1   1   1 |     TCC   0   0   0   0   0   0 |     TAC   0   0   0   0   0   0 |     TGC   0   0   0   0   0   0
Leu TTA   0   0   0   0   0   0 |     TCA   0   0   0   0   0   0 | *** TAA   0   0   0   0   0   0 | *** TGA   0   0   0   0   0   0
    TTG   1   1   1   1   1   1 |     TCG   0   0   0   0   0   0 |     TAG   0   0   0   0   0   0 | Trp TGG   0   0   0   0   0   0
--------------------------------------------------------------------------------------------------------------------------------------
Leu CTT   0   0   0   0   0   0 | Pro CCT   0   0   0   0   0   0 | His CAT   2   2   2   2   2   2 | Arg CGT   0   0   0   0   0   0
    CTC   1   1   1   1   1   1 |     CCC   0   0   0   0   0   0 |     CAC   0   0   0   0   0   0 |     CGC   0   0   0   0   0   0
    CTA   0   0   0   0   0   0 |     CCA   0   0   0   0   0   0 | Gln CAA   1   1   1   1   1   1 |     CGA   0   0   0   0   0   0
    CTG   0   0   0   0   0   0 |     CCG   0   0   0   0   0   0 |     CAG   1   1   1   1   1   1 |     CGG   0   0   0   0   0   0
--------------------------------------------------------------------------------------------------------------------------------------
Ile ATT   0   0   0   0   0   0 | Thr ACT   0   0   0   0   0   0 | Asn AAT   0   0   0   0   0   0 | Ser AGT   0   0   0   0   0   0
    ATC   0   0   0   0   0   0 |     ACC   0   0   0   0   0   0 |     AAC   0   0   0   0   0   0 |     AGC   0   0   0   0   0   0
    ATA   0   0   0   0   0   0 |     ACA   1   1   1   1   1   1 | Lys AAA   0   0   0   0   0   0 | Arg AGA   0   0   0   0   0   0
Met ATG   1   1   1   1   1   1 |     ACG   0   0   0   0   0   0 |     AAG   0   0   0   0   0   0 |     AGG   0   0   0   0   0   0
--------------------------------------------------------------------------------------------------------------------------------------
Val GTT   0   0   0   0   0   0 | Ala GCT   0   0   0   0   0   0 | Asp GAT   0   0   0   0   0   0 | Gly GGT   1   1   1   1   1   1
    GTC   0   0   0   0   0   0 |     GCC   0   0   0   0   0   0 |     GAC   0   0   0   0   0   0 |     GGC   0   0   0   0   0   0
    GTA   1   1   1   1   1   1 |     GCA   1   1   1   1   1   1 | Glu GAA   0   0   0   0   0   0 |     GGA   1   1   1   1   1   1
    GTG   1   1   1   1   1   1 |     GCG   0   0   0   0   0   0 |     GAG   1   1   1   1   1   1 |     GGG   0   0   0   0   0   0
--------------------------------------------------------------------------------------------------------------------------------------

--------------------------------------------------------------------------------------------------------------------------------------
Phe TTT   0   0   0   0   0   0 | Ser TCT   0   0   0   0   0   0 | Tyr TAT   0   0   0   0   0   0 | Cys TGT   1   1   1   1   1   1
    TTC   1   1   1   1   1   1 |     TCC   0   0   0   0   0   0 |     TAC   0   0   0   0   0   0 |     TGC   0   0   0   0   0   0
Leu TTA   0   0   0   0   0   0 |     TCA   0   0   0   0   0   0 | *** TAA   0   0   0   0   0   0 | *** TGA   0   0   0   0   0   0
    TTG   1   1   1   1   1   1 |     TCG   0   0   0   0   0   0 |     TAG   0   0   0   0   0   0 | Trp TGG   0   0   0   0   0   0
--------------------------------------------------------------------------------------------------------------------------------------
Leu CTT   0   1   0   0   0   0 | Pro CCT   0   0   0   0   0   0 | His CAT   2   2   2   2   2   2 | Arg CGT   0   0   0   0   0   0
    CTC   1   0   1   1   1   1 |     CCC   0   0   0   0   0   0 |     CAC   0   0   0   0   0   0 |     CGC   0   0   0   0   0   0
    CTA   0   0   0   0   0   0 |     CCA   0   0   0   0   0   0 | Gln CAA   1   1   1   1   1   1 |     CGA   0   0   0   0   0   0
    CTG   0   0   0   0   0   0 |     CCG   0   0   0   0   0   0 |     CAG   1   1   1   1   1   1 |     CGG   0   0   0   0   0   0
--------------------------------------------------------------------------------------------------------------------------------------
Ile ATT   0   0   0   0   0   0 | Thr ACT   0   0   0   0   0   0 | Asn AAT   0   0   0   0   0   0 | Ser AGT   0   0   0   0   0   0
    ATC   0   0   0   0   0   0 |     ACC   0   0   0   0   0   0 |     AAC   0   0   0   0   0   0 |     AGC   0   0   0   0   0   0
    ATA   0   0   0   0   0   0 |     ACA   1   1   1   1   1   1 | Lys AAA   0   0   0   0   0   0 | Arg AGA   0   0   0   0   0   0
Met ATG   1   1   1   1   1   1 |     ACG   0   0   0   0   0   0 |     AAG   0   0   0   0   0   0 |     AGG   0   0   0   0   0   0
--------------------------------------------------------------------------------------------------------------------------------------
Val GTT   0   0   0   0   0   0 | Ala GCT   0   0   0   0   0   0 | Asp GAT   0   0   0   0   0   0 | Gly GGT   1   1   1   1   1   1
    GTC   0   0   0   0   0   0 |     GCC   0   0   0   0   0   0 |     GAC   0   0   0   0   0   0 |     GGC   0   0   0   0   0   0
    GTA   1   1   1   1   1   1 |     GCA   1   1   1   1   1   1 | Glu GAA   0   0   0   0   0   0 |     GGA   1   1   1   1   1   1
    GTG   1   1   1   1   1   1 |     GCG   0   0   0   0   0   0 |     GAG   1   1   1   1   1   1 |     GGG   0   0   0   0   0   0
--------------------------------------------------------------------------------------------------------------------------------------

--------------------------------------------------------------------------------------------------------------------------------------
Phe TTT   0   0   0   0   0   0 | Ser TCT   0   0   0   0   0   0 | Tyr TAT   0   0   0   0   0   0 | Cys TGT   1   1   1   1   1   1
    TTC   1   1   1   1   1   1 |     TCC   0   0   0   0   0   0 |     TAC   0   0   0   0   0   0 |     TGC   0   0   0   0   0   0
Leu TTA   0   0   0   0   0   0 |     TCA   0   0   0   0   0   0 | *** TAA   0   0   0   0   0   0 | *** TGA   0   0   0   0   0   0
    TTG   1   1   1   1   1   1 |     TCG   0   0   0   0   0   0 |     TAG   0   0   0   0   0   0 | Trp TGG   0   0   0   0   0   0
--------------------------------------------------------------------------------------------------------------------------------------
Leu CTT   0   0   0   0   0   0 | Pro CCT   0   0   0   0   0   0 | His CAT   2   1   2   2   2   2 | Arg CGT   0   0   0   0   0   0
    CTC   1   1   1   1   1   1 |     CCC   0   0   0   0   0   0 |     CAC   0   1   0   0   0   0 |     CGC   0   0   0   0   0   0
    CTA   0   0   0   0   0   0 |     CCA   0   0   0   0   0   0 | Gln CAA   1   1   1   1   1   1 |     CGA   0   0   0   0   0   0
    CTG   0   0   0   0   0   0 |     CCG   0   0   0   0   0   0 |     CAG   1   1   1   1   1   1 |     CGG   0   0   0   0   0   0
--------------------------------------------------------------------------------------------------------------------------------------
Ile ATT   0   0   0   0   0   0 | Thr ACT   0   0   0   0   0   0 | Asn AAT   0   0   0   0   0   0 | Ser AGT   0   0   0   0   0   0
    ATC   0   0   0   0   0   0 |     ACC   0   0   0   0   0   0 |     AAC   0   0   0   0   0   0 |     AGC   0   0   0   0   0   0
    ATA   0   0   0   0   0   0 |     ACA   1   1   1   1   1   1 | Lys AAA   0   0   0   0   0   0 | Arg AGA   0   0   0   0   0   0
Met ATG   1   1   1   1   1   1 |     ACG   0   0   0   0   0   0 |     AAG   0   0   0   0   0   0 |     AGG   0   0   0   0   0   0
--------------------------------------------------------------------------------------------------------------------------------------
Val GTT   0   0   0   0   0   0 | Ala GCT   0   0   0   0   0   0 | Asp GAT   0   0   0   0   0   0 | Gly GGT   1   1   1   1   1   1
    GTC   0   0   0   0   0   0 |     GCC   0   0   0   0   0   0 |     GAC   0   0   0   0   0   0 |     GGC   0   0   0   0   0   0
    GTA   1   1   1   1   1   1 |     GCA   1   1   1   1   1   1 | Glu GAA   0   0   0   0   0   0 |     GGA   1   1   1   1   1   1
    GTG   1   1   1   1   1   1 |     GCG   0   0   0   0   0   0 |     GAG   1   1   1   1   1   1 |     GGG   0   0   0   0   0   0
--------------------------------------------------------------------------------------------------------------------------------------

Codon position x base (3x4) table for each sequence.

#1: Argali         
position  1:    T:0.18750    C:0.31250    A:0.12500    G:0.37500
position  2:    T:0.37500    C:0.12500    A:0.31250    G:0.18750
position  3:    T:0.25000    C:0.12500    A:0.31250    G:0.31250
Average         T:0.27083    C:0.18750    A:0.25000    G:0.29167

#2: LesserMouseDeer
position  1:    T:0.18750    C:0.31250    A:0.12500    G:0.37500
position  2:    T:0.37500    C:0.12500    A:0.31250    G:0.18750
position  3:    T:0.18750    C:0.12500    A:0.31250    G:0.37500
Average         T:0.25000    C:0.18750    A:0.25000    G:0.31250

#3: LesserKudu     
position  1:    T:0.18750    C:0.31250    A:0.12500    G:0.37500
position  2:    T:0.37500    C:0.12500    A:0.31250    G:0.18750
position  3:    T:0.25000    C:0.12500    A:0.31250    G:0.31250
Average         T:0.27083    C:0.18750    A:0.25000    G:0.29167

#4: ForestMuskDeer2
position  1:    T:0.18750    C:0.31250    A:0.12500    G:0.37500
position  2:    T:0.37500    C:0.12500    A:0.31250    G:0.18750
position  3:    T:0.25000    C:0.12500    A:0.31250    G:0.31250
Average         T:0.27083    C:0.18750    A:0.25000    G:0.29167

#5: Camel          
position  1:    T:0.18750    C:0.31250    A:0.12500    G:0.37500
position  2:    T:0.37500    C:0.12500    A:0.31250    G:0.18750
position  3:    T:0.31250    C:0.06250    A:0.43750    G:0.18750
Average         T:0.29167    C:0.16667    A:0.29167    G:0.25000

#6: KillerWhale    
position  1:    T:0.18750    C:0.31250    A:0.12500    G:0.37500
position  2:    T:0.37500    C:0.12500    A:0.31250    G:0.18750
position  3:    T:0.25000    C:0.12500    A:0.37500    G:0.25000
Average         T:0.27083    C:0.18750    A:0.27083    G:0.27083

#7: DefassaWaterbuck
position  1:    T:0.18750    C:0.31250    A:0.12500    G:0.37500
position  2:    T:0.37500    C:0.12500    A:0.31250    G:0.18750
position  3:    T:0.25000    C:0.12500    A:0.31250    G:0.31250
Average         T:0.27083    C:0.18750    A:0.25000    G:0.29167

#8: Sheep          
position  1:    T:0.18750    C:0.31250    A:0.12500    G:0.37500
position  2:    T:0.37500    C:0.12500    A:0.31250    G:0.18750
position  3:    T:0.25000    C:0.12500    A:0.31250    G:0.31250
Average         T:0.27083    C:0.18750    A:0.25000    G:0.29167

#9: MaxwellsDuiker 
position  1:    T:0.18750    C:0.31250    A:0.12500    G:0.37500
position  2:    T:0.37500    C:0.12500    A:0.31250    G:0.18750
position  3:    T:0.25000    C:0.12500    A:0.31250    G:0.31250
Average         T:0.27083    C:0.18750    A:0.25000    G:0.29167

#10: GazellaPrzewalskyi
position  1:    T:0.18750    C:0.31250    A:0.12500    G:0.37500
position  2:    T:0.37500    C:0.12500    A:0.31250    G:0.18750
position  3:    T:0.25000    C:0.12500    A:0.31250    G:0.31250
Average         T:0.27083    C:0.18750    A:0.25000    G:0.29167

#11: MountainNyala  
position  1:    T:0.18750    C:0.31250    A:0.12500    G:0.37500
position  2:    T:0.37500    C:0.12500    A:0.31250    G:0.18750
position  3:    T:0.31250    C:0.12500    A:0.25000    G:0.31250
Average         T:0.29167    C:0.18750    A:0.22917    G:0.29167

#12: MuntiacusMuntjak
position  1:    T:0.18750    C:0.31250    A:0.12500    G:0.37500
position  2:    T:0.37500    C:0.12500    A:0.31250    G:0.18750
position  3:    T:0.25000    C:0.12500    A:0.31250    G:0.31250
Average         T:0.27083    C:0.18750    A:0.25000    G:0.29167

#13: goat           
position  1:    T:0.18750    C:0.31250    A:0.12500    G:0.37500
position  2:    T:0.37500    C:0.12500    A:0.31250    G:0.18750
position  3:    T:0.25000    C:0.12500    A:0.31250    G:0.31250
Average         T:0.27083    C:0.18750    A:0.25000    G:0.29167

#14: AfricanBuffalo 
position  1:    T:0.18750    C:0.31250    A:0.12500    G:0.37500
position  2:    T:0.37500    C:0.12500    A:0.31250    G:0.18750
position  3:    T:0.25000    C:0.12500    A:0.25000    G:0.37500
Average         T:0.27083    C:0.18750    A:0.22917    G:0.31250

#15: Topi           
position  1:    T:0.18750    C:0.31250    A:0.12500    G:0.37500
position  2:    T:0.37500    C:0.12500    A:0.31250    G:0.18750
position  3:    T:0.25000    C:0.12500    A:0.31250    G:0.31250
Average         T:0.27083    C:0.18750    A:0.25000    G:0.29167

#16: CommonDuiker   
position  1:    T:0.18750    C:0.31250    A:0.12500    G:0.37500
position  2:    T:0.37500    C:0.12500    A:0.31250    G:0.18750
position  3:    T:0.25000    C:0.12500    A:0.31250    G:0.31250
Average         T:0.27083    C:0.18750    A:0.25000    G:0.29167

#17: Suni           
position  1:    T:0.12500    C:0.37500    A:0.12500    G:0.37500
position  2:    T:0.37500    C:0.12500    A:0.31250    G:0.18750
position  3:    T:0.18750    C:0.18750    A:0.31250    G:0.31250
Average         T:0.22917    C:0.22917    A:0.25000    G:0.29167

#18: Springbuck     
position  1:    T:0.12500    C:0.37500    A:0.12500    G:0.37500
position  2:    T:0.37500    C:0.12500    A:0.31250    G:0.18750
position  3:    T:0.31250    C:0.06250    A:0.31250    G:0.31250
Average         T:0.27083    C:0.18750    A:0.25000    G:0.29167

#19: Okapi          
position  1:    T:0.18750    C:0.31250    A:0.12500    G:0.37500
position  2:    T:0.37500    C:0.12500    A:0.31250    G:0.18750
position  3:    T:0.31250    C:0.12500    A:0.31250    G:0.25000
Average         T:0.29167    C:0.18750    A:0.25000    G:0.27083

#20: Giraffe        
position  1:    T:0.18750    C:0.31250    A:0.12500    G:0.37500
position  2:    T:0.37500    C:0.12500    A:0.31250    G:0.18750
position  3:    T:0.25000    C:0.12500    A:0.31250    G:0.31250
Average         T:0.27083    C:0.18750    A:0.25000    G:0.29167

#21: TibetanAntelope
position  1:    T:0.18750    C:0.31250    A:0.12500    G:0.37500
position  2:    T:0.37500    C:0.12500    A:0.31250    G:0.18750
position  3:    T:0.25000    C:0.12500    A:0.31250    G:0.31250
Average         T:0.27083    C:0.18750    A:0.25000    G:0.29167

#22: Sitatunga      
position  1:    T:0.18750    C:0.31250    A:0.12500    G:0.37500
position  2:    T:0.37500    C:0.12500    A:0.31250    G:0.18750
position  3:    T:0.31250    C:0.12500    A:0.25000    G:0.31250
Average         T:0.29167    C:0.18750    A:0.22917    G:0.29167

#23: Oribi          
position  1:    T:0.18750    C:0.31250    A:0.12500    G:0.37500
position  2:    T:0.37500    C:0.12500    A:0.31250    G:0.18750
position  3:    T:0.25000    C:0.12500    A:0.31250    G:0.31250
Average         T:0.27083    C:0.18750    A:0.25000    G:0.29167

#24: BarbarySheep   
position  1:    T:0.18750    C:0.31250    A:0.12500    G:0.37500
position  2:    T:0.37500    C:0.12500    A:0.31250    G:0.18750
position  3:    T:0.25000    C:0.12500    A:0.31250    G:0.31250
Average         T:0.27083    C:0.18750    A:0.25000    G:0.29167

#25: Daviddeer      
position  1:    T:0.18750    C:0.31250    A:0.12500    G:0.37500
position  2:    T:0.37500    C:0.12500    A:0.31250    G:0.18750
position  3:    T:0.25000    C:0.12500    A:0.31250    G:0.31250
Average         T:0.27083    C:0.18750    A:0.25000    G:0.29167

#26: Reindeer       
position  1:    T:0.18750    C:0.31250    A:0.12500    G:0.37500
position  2:    T:0.37500    C:0.12500    A:0.31250    G:0.18750
position  3:    T:0.25000    C:0.12500    A:0.31250    G:0.31250
Average         T:0.27083    C:0.18750    A:0.25000    G:0.29167

#27: Ibex           
position  1:    T:0.18750    C:0.31250    A:0.12500    G:0.37500
position  2:    T:0.37500    C:0.12500    A:0.31250    G:0.18750
position  3:    T:0.25000    C:0.12500    A:0.31250    G:0.31250
Average         T:0.27083    C:0.18750    A:0.25000    G:0.29167

#28: GyrantGazelle  
position  1:    T:0.18750    C:0.31250    A:0.12500    G:0.37500
position  2:    T:0.37500    C:0.12500    A:0.31250    G:0.18750
position  3:    T:0.31250    C:0.06250    A:0.31250    G:0.31250
Average         T:0.29167    C:0.16667    A:0.25000    G:0.29167

#29: Hartebeest     
position  1:    T:0.18750    C:0.31250    A:0.12500    G:0.37500
position  2:    T:0.37500    C:0.12500    A:0.31250    G:0.18750
position  3:    T:0.25000    C:0.12500    A:0.31250    G:0.31250
Average         T:0.27083    C:0.18750    A:0.25000    G:0.29167

#30: Bongo          
position  1:    T:0.18750    C:0.31250    A:0.12500    G:0.37500
position  2:    T:0.37500    C:0.12500    A:0.31250    G:0.18750
position  3:    T:0.31250    C:0.12500    A:0.25000    G:0.31250
Average         T:0.29167    C:0.18750    A:0.22917    G:0.29167

#31: Gerenuk        
position  1:    T:0.18750    C:0.31250    A:0.12500    G:0.37500
position  2:    T:0.37500    C:0.12500    A:0.31250    G:0.18750
position  3:    T:0.31250    C:0.06250    A:0.31250    G:0.31250
Average         T:0.29167    C:0.16667    A:0.25000    G:0.29167

#32: CommonEland    
position  1:    T:0.18750    C:0.31250    A:0.12500    G:0.37500
position  2:    T:0.37500    C:0.12500    A:0.31250    G:0.18750
position  3:    T:0.25000    C:0.12500    A:0.31250    G:0.31250
Average         T:0.27083    C:0.18750    A:0.25000    G:0.29167

#33: MuntiacusReevesi
position  1:    T:0.18750    C:0.31250    A:0.12500    G:0.37500
position  2:    T:0.37500    C:0.12500    A:0.31250    G:0.18750
position  3:    T:0.25000    C:0.12500    A:0.31250    G:0.31250
Average         T:0.27083    C:0.18750    A:0.25000    G:0.29167

#34: HarveysDuiker  
position  1:    T:0.18750    C:0.31250    A:0.12500    G:0.37500
position  2:    T:0.37500    C:0.12500    A:0.31250    G:0.18750
position  3:    T:0.25000    C:0.12500    A:0.31250    G:0.31250
Average         T:0.27083    C:0.18750    A:0.25000    G:0.29167

#35: Pronghorn      
position  1:    T:0.18750    C:0.31250    A:0.12500    G:0.37500
position  2:    T:0.37500    C:0.12500    A:0.31250    G:0.18750
position  3:    T:0.25000    C:0.12500    A:0.31250    G:0.31250
Average         T:0.27083    C:0.18750    A:0.25000    G:0.29167

#36: BlueWildebeest 
position  1:    T:0.18750    C:0.31250    A:0.12500    G:0.37500
position  2:    T:0.37500    C:0.12500    A:0.31250    G:0.18750
position  3:    T:0.25000    C:0.12500    A:0.31250    G:0.31250
Average         T:0.27083    C:0.18750    A:0.25000    G:0.29167

#37: Gemsbok        
position  1:    T:0.18750    C:0.31250    A:0.12500    G:0.37500
position  2:    T:0.37500    C:0.12500    A:0.31250    G:0.18750
position  3:    T:0.25000    C:0.12500    A:0.31250    G:0.31250
Average         T:0.27083    C:0.18750    A:0.25000    G:0.29167

#38: Yak            
position  1:    T:0.18750    C:0.31250    A:0.12500    G:0.37500
position  2:    T:0.37500    C:0.12500    A:0.31250    G:0.18750
position  3:    T:0.25000    C:0.12500    A:0.31250    G:0.31250
Average         T:0.27083    C:0.18750    A:0.25000    G:0.29167

#39: BlueSheep      
position  1:    T:0.18750    C:0.31250    A:0.12500    G:0.37500
position  2:    T:0.37500    C:0.12500    A:0.31250    G:0.18750
position  3:    T:0.25000    C:0.12500    A:0.31250    G:0.31250
Average         T:0.27083    C:0.18750    A:0.25000    G:0.29167

#40: BohorReedbuck  
position  1:    T:0.18750    C:0.31250    A:0.12500    G:0.37500
position  2:    T:0.37500    C:0.12500    A:0.31250    G:0.18750
position  3:    T:0.25000    C:0.12500    A:0.31250    G:0.31250
Average         T:0.27083    C:0.18750    A:0.25000    G:0.29167

#41: KirksDik       
position  1:    T:0.18750    C:0.31250    A:0.12500    G:0.37500
position  2:    T:0.37500    C:0.12500    A:0.31250    G:0.18750
position  3:    T:0.25000    C:0.12500    A:0.31250    G:0.31250
Average         T:0.27083    C:0.18750    A:0.25000    G:0.29167

#42: RoeDeer        
position  1:    T:0.18750    C:0.31250    A:0.12500    G:0.37500
position  2:    T:0.37500    C:0.12500    A:0.31250    G:0.18750
position  3:    T:0.25000    C:0.12500    A:0.31250    G:0.31250
Average         T:0.27083    C:0.18750    A:0.25000    G:0.29167

#43: WhiteLippedDeer
position  1:    T:0.18750    C:0.31250    A:0.12500    G:0.37500
position  2:    T:0.37500    C:0.12500    A:0.31250    G:0.18750
position  3:    T:0.25000    C:0.12500    A:0.31250    G:0.31250
Average         T:0.27083    C:0.18750    A:0.25000    G:0.29167

#44: ThomsonGazelle 
position  1:    T:0.18750    C:0.31250    A:0.12500    G:0.37500
position  2:    T:0.37500    C:0.12500    A:0.31250    G:0.18750
position  3:    T:0.31250    C:0.06250    A:0.31250    G:0.31250
Average         T:0.29167    C:0.16667    A:0.25000    G:0.29167

#45: MuntiacusCrinifrons
position  1:    T:0.18750    C:0.31250    A:0.12500    G:0.37500
position  2:    T:0.37500    C:0.12500    A:0.31250    G:0.18750
position  3:    T:0.25000    C:0.12500    A:0.31250    G:0.31250
Average         T:0.27083    C:0.18750    A:0.25000    G:0.29167

#46: WhiteTailedDeer
position  1:    T:0.18750    C:0.31250    A:0.12500    G:0.37500
position  2:    T:0.37500    C:0.12500    A:0.31250    G:0.18750
position  3:    T:0.25000    C:0.12500    A:0.31250    G:0.31250
Average         T:0.27083    C:0.18750    A:0.25000    G:0.29167

#47: Cattle         
position  1:    T:0.18750    C:0.31250    A:0.12500    G:0.37500
position  2:    T:0.37500    C:0.12500    A:0.31250    G:0.18750
position  3:    T:0.25000    C:0.12500    A:0.31250    G:0.31250
Average         T:0.27083    C:0.18750    A:0.25000    G:0.29167

#48: RoyalAntelope  
position  1:    T:0.18750    C:0.31250    A:0.12500    G:0.37500
position  2:    T:0.37500    C:0.12500    A:0.31250    G:0.18750
position  3:    T:0.25000    C:0.12500    A:0.31250    G:0.31250
Average         T:0.27083    C:0.18750    A:0.25000    G:0.29167

#49: Steenbok       
position  1:    T:0.18750    C:0.31250    A:0.12500    G:0.37500
position  2:    T:0.37500    C:0.12500    A:0.31250    G:0.18750
position  3:    T:0.25000    C:0.12500    A:0.31250    G:0.31250
Average         T:0.27083    C:0.18750    A:0.25000    G:0.29167

#50: Impala         
position  1:    T:0.18750    C:0.31250    A:0.12500    G:0.37500
position  2:    T:0.37500    C:0.12500    A:0.31250    G:0.18750
position  3:    T:0.18750    C:0.18750    A:0.31250    G:0.31250
Average         T:0.25000    C:0.20833    A:0.25000    G:0.29167

#51: Klipspringer   
position  1:    T:0.18750    C:0.31250    A:0.12500    G:0.37500
position  2:    T:0.37500    C:0.12500    A:0.31250    G:0.18750
