1
52 1
Argali 0.000000 0.085200 0.064700 0.113100 0.043200 0.000000 0.064400 0.066700 0.087000 0.020700 0.000000 0.042900 0.065100 0.041700 0.043000 0.066700 0.042000 0.063200 0.042900 0.087000 0.092000 0.041500 0.020800 0.041200 0.000000 0.066700 0.043400 0.087000 0.066800 0.108000 0.020700 0.041700 0.042000 0.065500 0.043500 0.064600 0.020100 0.020800 0.042900 0.020700 0.020800 0.066700 0.020700 0.020800 0.041500 0.061500 0.065500 0.020900 0.042100 0.043300 0.064700 0.151600
LesserMous 0.085200 0.000000 0.111700 0.165100 0.088700 0.084900 0.111000 0.114500 0.135400 0.064100 0.084900 0.088700 0.111600 0.086200 0.089200 0.114600 0.087000 0.109200 0.088800 0.135400 0.142700 0.086100 0.064400 0.085400 0.084900 0.114600 0.089500 0.135400 0.114600 0.157500 0.064100 0.086200 0.083900 0.112400 0.089700 0.111900 0.107000 0.064400 0.088700 0.064200 0.064400 0.114600 0.064100 0.064400 0.086100 0.106200 0.113100 0.064800 0.087000 0.089100 0.111700 0.180500
LesserKudu 0.064700 0.111700 0.000000 0.143100 0.067600 0.064600 0.090000 0.093300 0.020600 0.043400 0.064600 0.067600 0.090900 0.065500 0.021900 0.093400 0.066200 0.088700 0.067500 0.021400 0.121100 0.065300 0.043600 0.064800 0.064600 0.093400 0.068400 0.021400 0.093400 0.040300 0.043400 0.065500 0.066100 0.091500 0.068500 0.090600 0.086500 0.043600 0.067500 0.043400 0.043600 0.093400 0.043400 0.043600 0.065400 0.086000 0.091700 0.043700 0.066200 0.068100 0.000000 0.085100
KillerWhal 0.113100 0.165100 0.143100 0.000000 0.118600 0.112700 0.091300 0.095000 0.168700 0.090900 0.112700 0.068600 0.142700 0.114500 0.118800 0.095100 0.116100 0.139900 0.068400 0.168700 0.123800 0.114500 0.091300 0.113200 0.112700 0.095100 0.119400 0.168700 0.095200 0.191700 0.090900 0.114500 0.115400 0.144000 0.119600 0.143500 0.136200 0.091300 0.118200 0.091100 0.091300 0.095100 0.090900 0.091300 0.114600 0.135000 0.144800 0.091800 0.115600 0.119100 0.143100 0.241100
DefassaWat 0.043200 0.088700 0.067600 0.118600 0.000000 0.043100 0.067100 0.045400 0.090700 0.021700 0.043100 0.044700 0.067800 0.043400 0.044900 0.045500 0.000200 0.021200 0.044700 0.090700 0.095000 0.043700 0.021600 0.042800 0.043100 0.045500 0.045300 0.090700 0.045500 0.112700 0.021700 0.043400 0.043800 0.068300 0.045400 0.067500 0.065000 0.021600 0.021900 0.021600 0.021600 0.045500 0.021700 0.021600 0.043300 0.064000 0.044600 0.021700 0.043900 0.045200 0.067600 0.158200
Sheep 0.000000 0.084900 0.064600 0.112700 0.043100 0.000000 0.064200 0.066500 0.086800 0.020600 0.000000 0.042800 0.064900 0.041600 0.042900 0.066600 0.041900 0.063100 0.042700 0.086800 0.091800 0.041300 0.020700 0.041100 0.000000 0.066600 0.043300 0.086800 0.066600 0.107800 0.020200 0.041600 0.042000 0.065300 0.043400 0.064500 0.019900 0.020700 0.042800 0.020600 0.020700 0.066600 0.020200 0.020700 0.041400 0.061400 0.065300 0.020800 0.042000 0.043200 0.064600 0.151200
MaxwellsDu 0.064400 0.111000 0.090000 0.091300 0.067100 0.064200 0.000000 0.092700 0.113500 0.043100 0.064200 0.021700 0.090400 0.020900 0.067400 0.092300 0.065800 0.087900 0.021600 0.113500 0.120500 0.064900 0.043100 0.064300 0.064200 0.092300 0.067900 0.113500 0.092900 0.135400 0.043100 0.020900 0.065600 0.091000 0.068100 0.090100 0.086100 0.043100 0.067100 0.043100 0.043100 0.092300 0.043100 0.043100 0.065000 0.085200 0.091100 0.043400 0.065700 0.067700 0.090000 0.181100
GazellaPrz 0.066700 0.114500 0.093300 0.095000 0.045400 0.066500 0.092700 0.000000 0.117600 0.044700 0.066500 0.069500 0.093800 0.067400 0.069800 0.000000 0.068100 0.091000 0.069600 0.117600 0.023400 0.067300 0.044800 0.066500 0.066500 0.000000 0.070500 0.117600 0.000100 0.139900 0.044700 0.067400 0.068000 0.094400 0.070700 0.093300 0.089000 0.044800 0.022400 0.044600 0.044800 0.000000 0.044700 0.044800 0.067200 0.088000 0.045600 0.045000 0.068100 0.070200 0.093300 0.186700
MountainNy 0.087000 0.135400 0.020600 0.168700 0.090700 0.086800 0.113500 0.117600 0.000000 0.065500 0.086800 0.090800 0.114400 0.088000 0.044200 0.117600 0.089000 0.111700 0.090700 0.000000 0.146700 0.087800 0.065800 0.087100 0.086800 0.117600 0.091800 0.000000 0.117600 0.020700 0.065500 0.088000 0.088800 0.115300 0.092000 0.114300 0.109100 0.065800 0.090700 0.065600 0.065800 0.117600 0.065500 0.065800 0.087900 0.108400 0.115600 0.066100 0.088900 0.091500 0.020500 0.062300
MuntiacusM 0.020700 0.064100 0.043400 0.090900 0.021700 0.020600 0.043100 0.044700 0.065500 0.000000 0.020200 0.021500 0.043500 0.020900 0.021600 0.044700 0.021100 0.042300 0.021500 0.065500 0.069500 0.020800 0.000000 0.020700 0.020600 0.044700 0.021800 0.065500 0.044800 0.086800 0.000000 0.020900 0.021100 0.043800 0.021800 0.043300 0.041300 0.000000 0.021600 0.000100 0.000000 0.044700 0.000000 0.000000 0.020800 0.041100 0.043900 0.000100 0.021200 0.021700 0.043400 0.130600
goat 0.000000 0.084900 0.064600 0.112700 0.043100 0.000000 0.064200 0.066500 0.086800 0.020200 0.000000 0.042800 0.064900 0.041600 0.042900 0.066600 0.041900 0.063100 0.042700 0.086800 0.091800 0.041300 0.020700 0.041100 0.000000 0.066600 0.043300 0.086800 0.066600 0.107800 0.020600 0.041600 0.042000 0.065300 0.043400 0.064500 0.019600 0.020700 0.042800 0.020600 0.020700 0.066600 0.020600 0.020700 0.041400 0.061400 0.065300 0.020800 0.042000 0.043200 0.064600 0.151200
AfricanBuf 0.042900 0.088700 0.067600 0.068600 0.044700 0.042800 0.021700 0.069500 0.090800 0.021500 0.042800 0.000000 0.067700 0.043400 0.045000 0.069600 0.043900 0.065900 0.000100 0.090800 0.096300 0.043300 0.021700 0.042900 0.042800 0.069600 0.045300 0.090800 0.069700 0.112800 0.021500 0.043400 0.043800 0.068200 0.045400 0.067600 0.064400 0.021700 0.044700 0.021600 0.021700 0.069600 0.021500 0.021700 0.043300 0.064100 0.068300 0.021700 0.043800 0.044900 0.067600 0.158400
Topi 0.065100 0.111600 0.090900 0.142700 0.067800 0.064900 0.090400 0.093800 0.114400 0.043500 0.064900 0.067700 0.000000 0.065900 0.068000 0.093900 0.066400 0.088900 0.067700 0.114400 0.121800 0.065600 0.043700 0.065000 0.064900 0.093900 0.022100 0.114400 0.093900 0.136200 0.043500 0.065900 0.066300 0.044400 0.022200 0.090700 0.086900 0.043700 0.067700 0.043600 0.043700 0.093900 0.043500 0.043700 0.065500 0.086100 0.091900 0.043900 0.066500 0.068500 0.090900 0.181700
CommonDuik 0.041700 0.086200 0.065500 0.114500 0.043400 0.041600 0.020900 0.067400 0.088000 0.020900 0.041600 0.043400 0.065900 0.000000 0.043600 0.067200 0.042600 0.064000 0.043400 0.088000 0.093200 0.042000 0.019900 0.041600 0.041600 0.067200 0.044000 0.088000 0.067500 0.109400 0.020900 0.000000 0.042500 0.066300 0.044100 0.065500 0.062700 0.020900 0.043400 0.021000 0.020200 0.067200 0.020900 0.020000 0.042100 0.062200 0.066200 0.021100 0.042600 0.043800 0.065500 0.153600
Suni 0.043000 0.089200 0.021900 0.118800 0.044900 0.042900 0.067400 0.069800 0.044200 0.021600 0.042900 0.045000 0.068000 0.043600 0.000000 0.069900 0.044000 0.066200 0.044900 0.044200 0.096800 0.043500 0.021700 0.043000 0.042900 0.069900 0.045500 0.044200 0.070000 0.065800 0.021600 0.043600 0.043900 0.068500 0.045600 0.067900 0.064700 0.021700 0.044900 0.021600 0.021700 0.069900 0.021600 0.021700 0.043500 0.064200 0.068600 0.021800 0.044000 0.045300 0.021900 0.110000
Springbuck 0.066700 0.114600 0.093400 0.095100 0.045500 0.066600 0.092300 0.000000 0.117600 0.044700 0.066600 0.069600 0.093900 0.067200 0.069900 0.000000 0.068200 0.091100 0.069600 0.117600 0.023400 0.067400 0.044700 0.066600 0.066600 0.000000 0.070600 0.117600 0.000000 0.140100 0.044700 0.067200 0.068000 0.094500 0.070800 0.093400 0.089100 0.044700 0.022500 0.044700 0.044700 0.000000 0.044700 0.044700 0.067300 0.088100 0.045600 0.045100 0.068200 0.070300 0.093400 0.186800
Okapi 0.042000 0.087000 0.066200 0.116100 0.000200 0.041900 0.065800 0.068100 0.089000 0.021100 0.041900 0.043900 0.066400 0.042600 0.044000 0.068200 0.000000 0.020800 0.043800 0.089000 0.094300 0.042500 0.021200 0.042000 0.041900 0.068200 0.044400 0.089000 0.068200 0.110500 0.021100 0.042600 0.043000 0.066900 0.044400 0.066200 0.063300 0.021200 0.043800 0.021100 0.021200 0.068200 0.021100 0.021200 0.042500 0.062900 0.066900 0.021300 0.043000 0.044300 0.066200 0.155200
Giraffe 0.063200 0.109200 0.088700 0.139900 0.021200 0.063100 0.087900 0.091000 0.111700 0.042300 0.063100 0.065900 0.088900 0.064000 0.066200 0.091100 0.020800 0.000000 0.065800 0.111700 0.118000 0.063800 0.042500 0.063100 0.063100 0.091100 0.066700 0.111700 0.091200 0.133200 0.042300 0.064000 0.064600 0.089400 0.066900 0.088500 0.084600 0.042500 0.065800 0.042300 0.042500 0.091100 0.042300 0.042500 0.063800 0.084100 0.089400 0.042700 0.064600 0.066500 0.088700 0.178300
TibetanAnt 0.042900 0.088800 0.067500 0.068400 0.044700 0.042700 0.021600 0.069600 0.090700 0.021500 0.042700 0.000100 0.067700 0.043400 0.044900 0.069600 0.043800 0.065800 0.000000 0.090700 0.096300 0.043300 0.021600 0.042800 0.042700 0.069600 0.045300 0.090700 0.069700 0.112700 0.021500 0.043400 0.043800 0.068200 0.045400 0.067500 0.064400 0.021600 0.044700 0.021500 0.021600 0.069600 0.021500 0.021600 0.043300 0.063900 0.068300 0.021700 0.043800 0.045100 0.067500 0.158300
Sitatunga 0.087000 0.135400 0.021400 0.168700 0.090700 0.086800 0.113500 0.117600 0.000000 0.065500 0.086800 0.090800 0.114400 0.088000 0.044200 0.117600 0.089000 0.111700 0.090700 0.000000 0.146700 0.087800 0.065800 0.087100 0.086800 0.117600 0.091800 0.000000 0.117600 0.020700 0.065500 0.088000 0.088800 0.115300 0.092000 0.114300 0.109100 0.065800 0.090700 0.065600 0.065800 0.117600 0.065500 0.065800 0.087900 0.108400 0.115600 0.066100 0.088900 0.091500 0.021400 0.062300
Oribi 0.092000 0.142700 0.121100 0.123800 0.095000 0.091800 0.120500 0.023400 0.146700 0.069500 0.091800 0.096300 0.121800 0.093200 0.096800 0.023400 0.094300 0.118000 0.096300 0.146700 0.000000 0.093100 0.069700 0.092000 0.091800 0.023400 0.097700 0.146700 0.023400 0.169700 0.069500 0.093200 0.093900 0.122600 0.097900 0.121300 0.115300 0.069700 0.046400 0.069500 0.069700 0.023400 0.069500 0.069700 0.092900 0.113900 0.070800 0.070000 0.094200 0.097300 0.121100 0.218400
BarbaryShe 0.041500 0.086100 0.065300 0.114500 0.043700 0.041300 0.064900 0.067300 0.087800 0.020800 0.041300 0.043300 0.065600 0.042000 0.043500 0.067400 0.042500 0.063800 0.043300 0.087800 0.093100 0.000000 0.021000 0.041500 0.041300 0.067400 0.043800 0.087800 0.067400 0.109300 0.020800 0.042000 0.042400 0.066000 0.043900 0.065300 0.019500 0.021000 0.043300 0.020900 0.021000 0.067400 0.020300 0.021000 0.042000 0.062100 0.066200 0.021000 0.042500 0.043600 0.065300 0.105700
Daviddeer 0.020800 0.064400 0.043600 0.091300 0.021600 0.020700 0.043100 0.044800 0.065800 0.000000 0.020700 0.021700 0.043700 0.019900 0.021700 0.044700 0.021200 0.042500 0.021600 0.065800 0.069700 0.021000 0.000000 0.020800 0.020700 0.044700 0.021900 0.065800 0.044900 0.087200 0.000000 0.020100 0.021200 0.044000 0.022000 0.043500 0.041600 0.000000 0.021600 0.000000 0.000000 0.044700 0.000000 0.000000 0.021000 0.041300 0.044000 0.000000 0.021200 0.021800 0.043600 0.131100
Reindeer 0.041200 0.085400 0.064800 0.113200 0.042800 0.041100 0.064300 0.066500 0.087100 0.020700 0.041100 0.042900 0.065000 0.041600 0.043000 0.066600 0.042000 0.063100 0.042800 0.087100 0.092000 0.041500 0.020800 0.000000 0.041100 0.066600 0.043400 0.087100 0.066600 0.108300 0.020700 0.041600 0.042000 0.065300 0.043500 0.020900 0.061900 0.020800 0.042900 0.020700 0.020800 0.066600 0.020700 0.020800 0.000100 0.061500 0.065400 0.020800 0.042100 0.043200 0.064800 0.152400
Ibex 0.000000 0.084900 0.064600 0.112700 0.043100 0.000000 0.064200 0.066500 0.086800 0.020600 0.000000 0.042800 0.064900 0.041600 0.042900 0.066600 0.041900 0.063100 0.042700 0.086800 0.091800 0.041300 0.020700 0.041100 0.000000 0.066600 0.043300 0.086800 0.066600 0.107800 0.020200 0.041600 0.042000 0.065300 0.043400 0.064500 0.019400 0.020700 0.042800 0.020600 0.020700 0.066600 0.020600 0.020700 0.041400 0.061400 0.065300 0.020800 0.042000 0.043200 0.064600 0.151200
GyrantGaze 0.066700 0.114600 0.093400 0.095100 0.045500 0.066600 0.092300 0.000000 0.117600 0.044700 0.066600 0.069600 0.093900 0.067200 0.069900 0.000000 0.068200 0.091100 0.069600 0.117600 0.023400 0.067400 0.044700 0.066600 0.066600 0.000000 0.070600 0.117600 0.000000 0.140100 0.044700 0.067200 0.068000 0.094500 0.070800 0.093400 0.089100 0.044700 0.022500 0.044700 0.044700 0.000000 0.044700 0.044700 0.067300 0.088100 0.045600 0.045100 0.068200 0.070300 0.093400 0.186800
Hartebeest 0.043400 0.089500 0.068400 0.119400 0.045300 0.043300 0.067900 0.070500 0.091800 0.021800 0.043300 0.045300 0.022100 0.044000 0.045500 0.070600 0.044400 0.066700 0.045300 0.091800 0.097700 0.043800 0.021900 0.043400 0.043300 0.070600 0.000000 0.091800 0.070700 0.113900 0.021800 0.044000 0.044300 0.022200 0.000000 0.068300 0.065200 0.021900 0.045300 0.021800 0.021900 0.070600 0.021800 0.021900 0.043800 0.064700 0.069100 0.022000 0.044400 0.045800 0.068400 0.159400
Bongo 0.087000 0.135400 0.021400 0.168700 0.090700 0.086800 0.113500 0.117600 0.000000 0.065500 0.086800 0.090800 0.114400 0.088000 0.044200 0.117600 0.089000 0.111700 0.090700 0.000000 0.146700 0.087800 0.065800 0.087100 0.086800 0.117600 0.091800 0.000000 0.117600 0.020100 0.065500 0.088000 0.088800 0.115300 0.092000 0.114300 0.109100 0.065800 0.090700 0.065600 0.065800 0.117600 0.065500 0.065800 0.087900 0.108400 0.115600 0.066100 0.088900 0.091500 0.020500 0.062300
Gerenuk 0.066800 0.114600 0.093400 0.095200 0.045500 0.066600 0.092900 0.000100 0.117600 0.044800 0.066600 0.069700 0.093900 0.067500 0.070000 0.000000 0.068200 0.091200 0.069700 0.117600 0.023400 0.067400 0.044900 0.066600 0.066600 0.000000 0.070700 0.117600 0.000000 0.140000 0.044800 0.067500 0.068000 0.094500 0.070800 0.093500 0.089100 0.044900 0.022500 0.044700 0.044900 0.000000 0.044800 0.044900 0.067300 0.088100 0.045700 0.045100 0.068200 0.070300 0.093400 0.186700
CommonElan 0.108000 0.157500 0.040300 0.191700 0.112700 0.107800 0.135400 0.139900 0.020700 0.086800 0.107800 0.112800 0.136200 0.109400 0.065800 0.140100 0.110500 0.133200 0.112700 0.020700 0.169700 0.109300 0.087200 0.108300 0.107800 0.140100 0.113900 0.020100 0.140000 0.000000 0.086800 0.109400 0.110300 0.137300 0.114100 0.136500 0.130200 0.087200 0.112700 0.087000 0.087200 0.140100 0.086800 0.087200 0.109300 0.129400 0.137900 0.087600 0.110400 0.113500 0.042500 0.040300
MuntiacusR 0.020700 0.064100 0.043400 0.090900 0.021700 0.020200 0.043100 0.044700 0.065500 0.000000 0.020600 0.021500 0.043500 0.020900 0.021600 0.044700 0.021100 0.042300 0.021500 0.065500 0.069500 0.020800 0.000000 0.020700 0.020200 0.044700 0.021800 0.065500 0.044800 0.086800 0.000000 0.020900 0.021100 0.043800 0.021800 0.043300 0.041300 0.000000 0.021600 0.000100 0.000000 0.044700 0.000000 0.000000 0.020800 0.041100 0.043900 0.000100 0.021200 0.021700 0.043400 0.130600
HarveysDui 0.041700 0.086200 0.065500 0.114500 0.043400 0.041600 0.020900 0.067400 0.088000 0.020900 0.041600 0.043400 0.065900 0.000000 0.043600 0.067200 0.042600 0.064000 0.043400 0.088000 0.093200 0.042000 0.020100 0.041600 0.041600 0.067200 0.044000 0.088000 0.067500 0.109400 0.020900 0.000000 0.042500 0.066300 0.044100 0.065500 0.062700 0.019900 0.043400 0.021000 0.020900 0.067200 0.020900 0.020900 0.042100 0.062200 0.066200 0.021100 0.042600 0.043800 0.065500 0.153600
Pronghorn 0.042000 0.083900 0.066100 0.115400 0.043800 0.042000 0.065600 0.068000 0.088800 0.021100 0.042000 0.043800 0.066300 0.042500 0.043900 0.068000 0.043000 0.064600 0.043800 0.088800 0.093900 0.042400 0.021200 0.042000 0.042000 0.068000 0.044300 0.088800 0.068000 0.110300 0.021100 0.042500 0.000000 0.066800 0.044400 0.065900 0.063200 0.021200 0.043800 0.021200 0.021200 0.068000 0.021100 0.021200 0.042400 0.062900 0.066800 0.021300 0.043000 0.044200 0.066100 0.154800
BlueWildeb 0.065500 0.112400 0.091500 0.144000 0.068300 0.065300 0.091000 0.094400 0.115300 0.043800 0.065300 0.068200 0.044400 0.066300 0.068500 0.094500 0.066900 0.089400 0.068200 0.115300 0.122600 0.066000 0.044000 0.065300 0.065300 0.094500 0.022200 0.115300 0.094500 0.137300 0.043800 0.066300 0.066800 0.000000 0.022400 0.091400 0.087500 0.044000 0.068200 0.043900 0.044000 0.094500 0.043800 0.044000 0.065900 0.086600 0.092500 0.044200 0.066900 0.068900 0.091500 0.183100
Gemsbok 0.043500 0.089700 0.068500 0.119600 0.045400 0.043400 0.068100 0.070700 0.092000 0.021800 0.043400 0.045400 0.022200 0.044100 0.045600 0.070800 0.044400 0.066900 0.045400 0.092000 0.097900 0.043900 0.022000 0.043500 0.043400 0.070800 0.000000 0.092000 0.070800 0.114100 0.021800 0.044100 0.044400 0.022400 0.000000 0.068400 0.065400 0.022000 0.045400 0.021900 0.022000 0.070800 0.021800 0.022000 0.043800 0.064800 0.069300 0.022000 0.044500 0.045800 0.068500 0.159800
Yak 0.064600 0.111900 0.090600 0.143500 0.067500 0.064500 0.090100 0.093300 0.114300 0.043300 0.064500 0.067600 0.090700 0.065500 0.067900 0.093400 0.066200 0.088500 0.067500 0.114300 0.121300 0.065300 0.043500 0.020900 0.064500 0.093400 0.068300 0.114300 0.093500 0.136500 0.043300 0.065500 0.065900 0.091400 0.068400 0.000000 0.086500 0.043500 0.067500 0.024900 0.043500 0.093400 0.043300 0.043500 0.021000 0.086000 0.091700 0.043700 0.066200 0.068100 0.090600 0.183000
BlueSheep 0.020100 0.107000 0.086500 0.136200 0.065000 0.019900 0.086100 0.089000 0.109100 0.041300 0.019600 0.064400 0.086900 0.062700 0.064700 0.089100 0.063300 0.084600 0.064400 0.109100 0.115300 0.019500 0.041600 0.061900 0.019400 0.089100 0.065200 0.109100 0.089100 0.130200 0.041300 0.062700 0.063200 0.087500 0.065400 0.086500 0.000000 0.041600 0.064500 0.041500 0.041600 0.089100 0.040000 0.041600 0.062500 0.082300 0.087600 0.041800 0.063300 0.065000 0.086500 0.126000
BohorReedb 0.020800 0.064400 0.043600 0.091300 0.021600 0.020700 0.043100 0.044800 0.065800 0.000000 0.020700 0.021700 0.043700 0.020900 0.021700 0.044700 0.021200 0.042500 0.021600 0.065800 0.069700 0.021000 0.000000 0.020800 0.020700 0.044700 0.021900 0.065800 0.044900 0.087200 0.000000 0.019900 0.021200 0.044000 0.022000 0.043500 0.041600 0.000000 0.021600 0.000000 0.000000 0.044700 0.000000 0.000000 0.021000 0.041300 0.044000 0.000000 0.021200 0.021800 0.043600 0.131100
KirksDik 0.042900 0.088700 0.067500 0.118200 0.021900 0.042800 0.067100 0.022400 0.090700 0.021600 0.042800 0.044700 0.067700 0.043400 0.044900 0.022500 0.043800 0.065800 0.044700 0.090700 0.046400 0.043300 0.021600 0.042900 0.042800 0.022500 0.045300 0.090700 0.022500 0.112700 0.021600 0.043400 0.043800 0.068200 0.045400 0.067500 0.064500 0.021600 0.000000 0.021600 0.021600 0.022500 0.021600 0.021600 0.043300 0.064000 0.022000 0.021700 0.043800 0.045100 0.067500 0.158200
RoeDeer 0.020700 0.064200 0.043400 0.091100 0.021600 0.020600 0.043100 0.044600 0.065600 0.000100 0.020600 0.021600 0.043600 0.021000 0.021600 0.044700 0.021100 0.042300 0.021500 0.065600 0.069500 0.020900 0.000000 0.020700 0.020600 0.044700 0.021800 0.065600 0.044700 0.087000 0.000100 0.021000 0.021200 0.043900 0.021900 0.024900 0.041500 0.000000 0.021600 0.000000 0.000000 0.044700 0.000100 0.000000 0.020900 0.041200 0.043900 0.000100 0.021200 0.021800 0.043400 0.130900
WhiteLippe 0.020800 0.064400 0.043600 0.091300 0.021600 0.020700 0.043100 0.044800 0.065800 0.000000 0.020700 0.021700 0.043700 0.020200 0.021700 0.044700 0.021200 0.042500 0.021600 0.065800 0.069700 0.021000 0.000000 0.020800 0.020700 0.044700 0.021900 0.065800 0.044900 0.087200 0.000000 0.020900 0.021200 0.044000 0.022000 0.043500 0.041600 0.000000 0.021600 0.000000 0.000000 0.044700 0.000000 0.000000 0.021000 0.041300 0.044000 0.000000 0.021200 0.021800 0.043600 0.131100
ThomsonGaz 0.066700 0.114600 0.093400 0.095100 0.045500 0.066600 0.092300 0.000000 0.117600 0.044700 0.066600 0.069600 0.093900 0.067200 0.069900 0.000000 0.068200 0.091100 0.069600 0.117600 0.023400 0.067400 0.044700 0.066600 0.066600 0.000000 0.070600 0.117600 0.000000 0.140100 0.044700 0.067200 0.068000 0.094500 0.070800 0.093400 0.089100 0.044700 0.022500 0.044700 0.044700 0.000000 0.044700 0.044700 0.067300 0.088100 0.045600 0.045100 0.068200 0.070300 0.093400 0.186800
MuntiacusC 0.020700 0.064100 0.043400 0.090900 0.021700 0.020200 0.043100 0.044700 0.065500 0.000000 0.020600 0.021500 0.043500 0.020900 0.021600 0.044700 0.021100 0.042300 0.021500 0.065500 0.069500 0.020300 0.000000 0.020700 0.020600 0.044700 0.021800 0.065500 0.044800 0.086800 0.000000 0.020900 0.021100 0.043800 0.021800 0.043300 0.040000 0.000000 0.021600 0.000100 0.000000 0.044700 0.000000 0.000000 0.020800 0.041100 0.043900 0.000100 0.021200 0.021700 0.043400 0.130600
WhiteTaile 0.020800 0.064400 0.043600 0.091300 0.021600 0.020700 0.043100 0.044800 0.065800 0.000000 0.020700 0.021700 0.043700 0.020000 0.021700 0.044700 0.021200 0.042500 0.021600 0.065800 0.069700 0.021000 0.000000 0.020800 0.020700 0.044700 0.021900 0.065800 0.044900 0.087200 0.000000 0.020900 0.021200 0.044000 0.022000 0.043500 0.041600 0.000000 0.021600 0.000000 0.000000 0.044700 0.000000 0.000000 0.021000 0.041300 0.044000 0.000000 0.021200 0.021800 0.043600 0.131100
Cattle 0.041500 0.086100 0.065400 0.114600 0.043300 0.041400 0.065000 0.067200 0.087900 0.020800 0.041400 0.043300 0.065500 0.042100 0.043500 0.067300 0.042500 0.063800 0.043300 0.087900 0.092900 0.042000 0.021000 0.000100 0.041400 0.067300 0.043800 0.087900 0.067300 0.109300 0.020800 0.042100 0.042400 0.065900 0.043800 0.021000 0.062500 0.021000 0.043300 0.020900 0.021000 0.067300 0.020800 0.021000 0.000000 0.062200 0.066100 0.021000 0.042500 0.043700 0.065400 0.153800
RoyalAntel 0.061500 0.106200 0.086000 0.135000 0.064000 0.061400 0.085200 0.088000 0.108400 0.041100 0.061400 0.064100 0.086100 0.062200 0.064200 0.088100 0.062900 0.084100 0.063900 0.108400 0.113900 0.062100 0.041300 0.061500 0.061400 0.088100 0.064700 0.108400 0.088100 0.129400 0.041100 0.062200 0.062900 0.086600 0.064800 0.086000 0.082300 0.041300 0.064000 0.041200 0.041300 0.088100 0.041100 0.041300 0.062200 0.000000 0.086700 0.041500 0.062800 0.064600 0.086000 0.173100
Steenbok 0.065500 0.113100 0.091700 0.144800 0.044600 0.065300 0.091100 0.045600 0.115600 0.043900 0.065300 0.068300 0.091900 0.066200 0.068600 0.045600 0.066900 0.089400 0.068300 0.115600 0.070800 0.066200 0.044000 0.065400 0.065300 0.045600 0.069100 0.115600 0.045700 0.137900 0.043900 0.066200 0.066800 0.092500 0.069300 0.091700 0.087600 0.044000 0.022000 0.043900 0.044000 0.045600 0.043900 0.044000 0.066100 0.086700 0.000000 0.044200 0.066900 0.068800 0.091700 0.184800
Impala 0.020900 0.064800 0.043700 0.091800 0.021700 0.020800 0.043400 0.045000 0.066100 0.000100 0.020800 0.021700 0.043900 0.021100 0.021800 0.045100 0.021300 0.042700 0.021700 0.066100 0.070000 0.021000 0.000000 0.020800 0.020800 0.045100 0.022000 0.066100 0.045100 0.087600 0.000100 0.021100 0.021300 0.044200 0.022000 0.043700 0.041800 0.000000 0.021700 0.000100 0.000000 0.045100 0.000100 0.000000 0.021000 0.041500 0.044200 0.000000 0.021300 0.021900 0.043700 0.131700
Klipspring 0.042100 0.087000 0.066200 0.115600 0.043900 0.042000 0.065700 0.068100 0.088900 0.021200 0.042000 0.043800 0.066500 0.042600 0.044000 0.068200 0.043000 0.064600 0.043800 0.088900 0.094200 0.042500 0.021200 0.042100 0.042000 0.068200 0.044400 0.088900 0.068200 0.110400 0.021200 0.042600 0.043000 0.066900 0.044500 0.066200 0.063300 0.021200 0.043800 0.021200 0.021200 0.068200 0.021200 0.021200 0.042500 0.062800 0.066900 0.021300 0.000000 0.044200 0.066200 0.154800
ForestMusk 0.043300 0.089100 0.068100 0.119100 0.045200 0.043200 0.067700 0.070200 0.091500 0.021700 0.043200 0.044900 0.068500 0.043800 0.045300 0.070300 0.044300 0.066500 0.045100 0.091500 0.097300 0.043600 0.021800 0.043200 0.043200 0.070300 0.045800 0.091500 0.070300 0.113500 0.021700 0.043800 0.044200 0.068900 0.045800 0.068100 0.065000 0.021800 0.045100 0.021800 0.021800 0.070300 0.021700 0.021800 0.043700 0.064600 0.068800 0.021900 0.044200 0.000000 0.068100 0.158800
Bushbuck 0.064700 0.111700 0.000000 0.143100 0.067600 0.064600 0.090000 0.093300 0.020500 0.043400 0.064600 0.067600 0.090900 0.065500 0.021900 0.093400 0.066200 0.088700 0.067500 0.021400 0.121100 0.065300 0.043600 0.064800 0.064600 0.093400 0.068400 0.020500 0.093400 0.042500 0.043400 0.065500 0.066100 0.091500 0.068500 0.090600 0.086500 0.043600 0.067500 0.043400 0.043600 0.093400 0.043400 0.043600 0.065400 0.086000 0.091700 0.043700 0.066200 0.068100 0.000000 0.085100
GreaterKud 0.151600 0.180500 0.085100 0.241100 0.158200 0.151200 0.181100 0.186700 0.062300 0.130600 0.151200 0.158400 0.181700 0.153600 0.110000 0.186800 0.155200 0.178300 0.158300 0.062300 0.218400 0.105700 0.131100 0.152400 0.151200 0.186800 0.159400 0.062300 0.186700 0.040300 0.130600 0.153600 0.154800 0.183100 0.159800 0.183000 0.126000 0.131100 0.158200 0.130900 0.131100 0.186800 0.130600 0.131100 0.153800 0.173100 0.184800 0.131700 0.154800 0.158800 0.085100 0.000000
