CODONML (in paml version 4.10.7, June 2023)  /home/rachel/ruminants_paml/6406-phy-tree/ENSBTAT00000021521.fasta.phy
Model: free dN/dS Ratios for branches,  kappa = 2.000 fixed

Codon frequency model: F3x4
ns =  54  ls =   8

Codon usage in sequences
--------------------------------------------------------------------------------------------------------------------------------------
Phe TTT   0   0   0   0   0   0 | Ser TCT   0   0   0   0   0   0 | Tyr TAT   0   0   0   0   0   0 | Cys TGT   1   1   1   1   1   0
    TTC   0   0   0   0   0   0 |     TCC   0   0   0   0   0   0 |     TAC   0   0   0   0   0   0 |     TGC   0   0   0   0   0   1
Leu TTA   0   0   0   0   0   0 |     TCA   0   0   0   0   0   0 | *** TAA   0   0   0   0   0   0 | *** TGA   0   0   0   0   0   0
    TTG   0   0   0   0   0   0 |     TCG   0   0   0   0   0   0 |     TAG   0   0   0   0   0   0 | Trp TGG   0   0   0   0   0   0
--------------------------------------------------------------------------------------------------------------------------------------
Leu CTT   0   0   0   0   0   0 | Pro CCT   0   0   0   0   0   0 | His CAT   0   0   0   0   0   0 | Arg CGT   0   0   0   0   0   0
    CTC   0   0   0   0   0   0 |     CCC   0   0   0   0   0   0 |     CAC   0   0   0   0   0   0 |     CGC   0   0   0   0   0   0
    CTA   0   0   0   0   0   0 |     CCA   1   0   1   1   2   1 | Gln CAA   0   0   0   0   0   0 |     CGA   0   0   0   0   0   0
    CTG   0   0   0   0   0   0 |     CCG   0   0   0   0   0   0 |     CAG   0   0   0   0   0   0 |     CGG   0   0   0   0   0   0
--------------------------------------------------------------------------------------------------------------------------------------
Ile ATT   0   0   0   0   0   0 | Thr ACT   0   0   0   0   0   0 | Asn AAT   0   0   0   0   0   0 | Ser AGT   0   0   0   0   0   0
    ATC   0   0   0   0   0   0 |     ACC   0   0   0   0   0   0 |     AAC   0   0   0   0   0   0 |     AGC   0   0   0   0   0   0
    ATA   0   0   0   0   0   0 |     ACA   0   0   0   0   0   0 | Lys AAA   0   0   0   0   0   0 | Arg AGA   0   0   0   0   0   0
Met ATG   0   0   0   0   0   0 |     ACG   0   0   0   0   0   0 |     AAG   0   0   0   0   0   0 |     AGG   0   0   0   0   0   0
--------------------------------------------------------------------------------------------------------------------------------------
Val GTT   1   1   1   1   1   1 | Ala GCT   0   0   0   0   0   0 | Asp GAT   1   1   1   1   1   1 | Gly GGT   0   0   0   0   0   0
    GTC   0   0   0   0   0   0 |     GCC   0   0   0   0   0   0 |     GAC   1   1   1   1   1   1 |     GGC   0   0   0   0   0   0
    GTA   0   0   0   0   0   0 |     GCA   0   1   0   0   0   0 | Glu GAA   0   0   0   0   0   0 |     GGA   0   0   0   0   0   0
    GTG   0   0   0   0   0   0 |     GCG   3   2   3   3   2   3 |     GAG   0   0   0   0   0   0 |     GGG   0   1   0   0   0   0
--------------------------------------------------------------------------------------------------------------------------------------

--------------------------------------------------------------------------------------------------------------------------------------
Phe TTT   0   0   0   0   0   0 | Ser TCT   0   0   0   0   0   0 | Tyr TAT   0   0   0   0   0   0 | Cys TGT   1   1   1   1   1   1
    TTC   0   0   0   0   0   0 |     TCC   0   0   0   0   0   0 |     TAC   0   0   0   0   0   0 |     TGC   0   0   0   0   0   0
Leu TTA   0   0   0   0   0   0 |     TCA   0   0   0   0   0   0 | *** TAA   0   0   0   0   0   0 | *** TGA   0   0   0   0   0   0
    TTG   0   0   0   0   0   0 |     TCG   0   0   0   0   0   0 |     TAG   0   0   0   0   0   0 | Trp TGG   0   0   0   0   0   0
--------------------------------------------------------------------------------------------------------------------------------------
Leu CTT   0   0   0   0   0   0 | Pro CCT   0   0   0   0   0   0 | His CAT   0   0   0   0   0   0 | Arg CGT   0   0   0   0   0   0
    CTC   0   0   0   0   0   0 |     CCC   0   0   0   0   0   0 |     CAC   0   0   0   0   0   0 |     CGC   0   0   0   0   0   0
    CTA   0   0   0   0   0   0 |     CCA   1   1   1   1   1   1 | Gln CAA   0   0   0   0   0   0 |     CGA   0   0   0   0   0   0
    CTG   0   0   0   0   0   0 |     CCG   0   0   0   0   0   0 |     CAG   0   0   0   0   0   0 |     CGG   0   0   0   0   0   0
--------------------------------------------------------------------------------------------------------------------------------------
Ile ATT   0   0   0   0   0   0 | Thr ACT   0   0   0   0   0   0 | Asn AAT   0   0   0   0   0   0 | Ser AGT   0   0   0   0   0   0
    ATC   0   0   0   0   0   0 |     ACC   0   0   0   0   0   0 |     AAC   0   0   0   0   0   0 |     AGC   0   0   0   0   0   0
    ATA   0   0   0   0   0   0 |     ACA   0   0   0   0   0   0 | Lys AAA   0   0   0   0   0   0 | Arg AGA   0   0   0   0   0   0
Met ATG   0   0   0   0   0   0 |     ACG   0   0   0   0   0   0 |     AAG   0   0   0   0   0   0 |     AGG   0   0   0   0   0   0
--------------------------------------------------------------------------------------------------------------------------------------
Val GTT   1   1   1   1   1   1 | Ala GCT   0   0   0   0   0   0 | Asp GAT   1   1   1   1   1   1 | Gly GGT   0   0   0   0   0   0
    GTC   0   0   0   0   0   0 |     GCC   1   0   0   0   0   0 |     GAC   1   1   1   1   1   1 |     GGC   0   0   0   0   0   0
    GTA   0   0   0   0   0   0 |     GCA   0   0   0   0   0   0 | Glu GAA   0   0   0   0   0   0 |     GGA   0   0   0   0   0   0
    GTG   0   0   0   0   0   0 |     GCG   2   3   3   3   3   3 |     GAG   0   0   0   0   0   0 |     GGG   0   0   0   0   0   0
--------------------------------------------------------------------------------------------------------------------------------------

--------------------------------------------------------------------------------------------------------------------------------------
Phe TTT   0   0   0   0   0   0 | Ser TCT   0   0   0   0   0   0 | Tyr TAT   0   0   0   0   0   0 | Cys TGT   1   1   1   1   1   1
    TTC   0   0   0   0   0   0 |     TCC   0   0   0   0   0   0 |     TAC   0   0   0   0   0   0 |     TGC   0   0   0   0   0   0
Leu TTA   0   0   0   0   0   0 |     TCA   0   0   0   0   0   0 | *** TAA   0   0   0   0   0   0 | *** TGA   0   0   0   0   0   0
    TTG   0   0   0   0   0   0 |     TCG   0   0   0   0   0   0 |     TAG   0   0   0   0   0   0 | Trp TGG   0   0   0   0   0   0
--------------------------------------------------------------------------------------------------------------------------------------
Leu CTT   0   0   0   0   0   0 | Pro CCT   0   0   0   0   0   0 | His CAT   0   0   0   0   0   0 | Arg CGT   0   0   0   0   0   0
    CTC   0   0   0   0   0   0 |     CCC   0   0   0   0   0   0 |     CAC   0   0   0   0   0   0 |     CGC   0   0   0   0   0   0
    CTA   0   0   0   0   0   0 |     CCA   1   1   1   1   1   1 | Gln CAA   0   0   0   0   0   0 |     CGA   0   0   0   0   0   0
    CTG   0   0   0   0   0   0 |     CCG   0   0   0   0   0   0 |     CAG   0   0   0   0   0   0 |     CGG   0   0   0   0   0   0
--------------------------------------------------------------------------------------------------------------------------------------
Ile ATT   0   0   0   0   0   0 | Thr ACT   0   0   0   0   0   0 | Asn AAT   0   0   0   0   0   0 | Ser AGT   0   0   0   0   0   0
    ATC   0   0   0   0   0   0 |     ACC   0   0   0   0   0   0 |     AAC   0   0   0   0   0   0 |     AGC   0   0   0   0   0   0
    ATA   0   0   0   0   0   0 |     ACA   0   0   0   0   0   0 | Lys AAA   0   0   0   0   0   0 | Arg AGA   0   0   0   0   0   0
Met ATG   0   0   0   0   0   0 |     ACG   0   0   0   0   0   0 |     AAG   0   0   0   0   0   0 |     AGG   0   0   0   0   0   0
--------------------------------------------------------------------------------------------------------------------------------------
Val GTT   1   1   1   1   1   1 | Ala GCT   0   0   0   0   0   0 | Asp GAT   1   1   1   1   1   1 | Gly GGT   0   0   0   0   0   0
    GTC   0   0   0   0   0   0 |     GCC   0   0   0   0   0   0 |     GAC   1   1   1   1   1   1 |     GGC   0   0   0   0   0   0
    GTA   0   0   0   0   0   0 |     GCA   0   0   0   0   0   0 | Glu GAA   0   0   0   0   0   0 |     GGA   0   0   0   0   0   0
    GTG   0   0   0   0   0   0 |     GCG   3   3   3   3   3   3 |     GAG   0   0   0   0   0   0 |     GGG   0   0   0   0   0   0
--------------------------------------------------------------------------------------------------------------------------------------

--------------------------------------------------------------------------------------------------------------------------------------
Phe TTT   0   0   0   0   0   0 | Ser TCT   0   0   0   0   0   0 | Tyr TAT   0   0   0   0   0   0 | Cys TGT   1   1   1   1   1   1
    TTC   0   0   0   0   0   0 |     TCC   0   0   0   0   0   0 |     TAC   0   0   0   0   0   0 |     TGC   0   0   0   0   0   0
Leu TTA   0   0   0   0   0   0 |     TCA   0   0   0   0   0   0 | *** TAA   0   0   0   0   0   0 | *** TGA   0   0   0   0   0   0
    TTG   0   0   0   0   0   0 |     TCG   0   0   0   0   0   0 |     TAG   0   0   0   0   0   0 | Trp TGG   0   0   0   0   0   0
--------------------------------------------------------------------------------------------------------------------------------------
Leu CTT   0   0   0   0   0   0 | Pro CCT   0   0   0   0   0   0 | His CAT   0   0   0   0   0   0 | Arg CGT   0   0   0   0   0   0
    CTC   0   0   0   0   0   0 |     CCC   0   0   0   0   0   0 |     CAC   0   0   0   0   0   0 |     CGC   0   0   0   0   0   0
    CTA   0   0   0   0   0   0 |     CCA   1   1   1   1   1   1 | Gln CAA   0   0   0   0   0   0 |     CGA   0   0   0   0   0   0
    CTG   0   0   0   0   0   0 |     CCG   0   0   0   0   0   0 |     CAG   0   0   0   0   0   0 |     CGG   0   0   0   0   0   0
--------------------------------------------------------------------------------------------------------------------------------------
Ile ATT   0   0   0   0   0   0 | Thr ACT   0   0   0   0   0   0 | Asn AAT   0   0   0   0   0   0 | Ser AGT   0   0   0   0   0   0
    ATC   0   0   0   0   0   0 |     ACC   0   0   0   0   0   0 |     AAC   0   0   0   0   0   0 |     AGC   0   0   0   0   0   0
    ATA   0   0   0   0   0   0 |     ACA   0   0   0   0   0   0 | Lys AAA   0   0   0   0   0   0 | Arg AGA   0   0   0   0   0   0
Met ATG   0   0   0   0   0   0 |     ACG   0   0   0   0   0   0 |     AAG   0   0   0   0   0   0 |     AGG   0   0   0   0   0   0
--------------------------------------------------------------------------------------------------------------------------------------
Val GTT   1   1   1   1   1   1 | Ala GCT   0   0   0   0   0   0 | Asp GAT   1   1   1   1   1   1 | Gly GGT   0   0   0   0   0   0
    GTC   0   0   0   0   0   0 |     GCC   0   0   0   0   0   0 |     GAC   1   1   1   1   1   1 |     GGC   0   0   0   0   0   0
    GTA   0   0   0   0   0   0 |     GCA   0   0   0   0   0   0 | Glu GAA   0   0   0   0   0   0 |     GGA   0   0   0   0   0   0
    GTG   0   0   0   0   0   0 |     GCG   3   3   3   3   3   3 |     GAG   0   0   0   0   0   0 |     GGG   0   0   0   0   0   0
--------------------------------------------------------------------------------------------------------------------------------------

--------------------------------------------------------------------------------------------------------------------------------------
Phe TTT   0   0   0   0   0   0 | Ser TCT   0   0   0   0   0   0 | Tyr TAT   0   0   0   0   0   0 | Cys TGT   1   1   1   1   1   1
    TTC   0   0   0   0   0   0 |     TCC   0   0   0   0   0   0 |     TAC   0   0   0   0   0   0 |     TGC   0   0   0   0   0   0
Leu TTA   0   0   0   0   0   0 |     TCA   0   0   0   0   0   0 | *** TAA   0   0   0   0   0   0 | *** TGA   0   0   0   0   0   0
    TTG   0   0   0   0   0   0 |     TCG   0   0   0   0   0   0 |     TAG   0   0   0   0   0   0 | Trp TGG   0   0   0   0   0   0
--------------------------------------------------------------------------------------------------------------------------------------
Leu CTT   0   0   0   0   0   0 | Pro CCT   0   0   0   0   0   0 | His CAT   0   0   0   0   0   0 | Arg CGT   0   0   0   0   0   0
    CTC   0   0   0   0   0   0 |     CCC   0   0   0   0   0   0 |     CAC   0   0   0   0   0   0 |     CGC   0   0   0   0   0   0
    CTA   0   0   0   0   0   0 |     CCA   1   1   1   1   1   1 | Gln CAA   0   0   0   0   0   0 |     CGA   0   0   0   0   0   0
    CTG   0   0   0   0   0   0 |     CCG   0   0   0   0   0   0 |     CAG   0   0   0   0   0   0 |     CGG   0   0   0   0   0   0
--------------------------------------------------------------------------------------------------------------------------------------
Ile ATT   0   0   0   0   0   0 | Thr ACT   0   0   0   0   0   0 | Asn AAT   0   0   0   0   0   0 | Ser AGT   0   0   0   0   0   0
    ATC   0   0   0   0   0   0 |     ACC   0   0   0   0   0   0 |     AAC   0   0   0   0   0   0 |     AGC   0   0   0   0   0   0
    ATA   0   0   0   0   0   0 |     ACA   0   0   0   0   0   0 | Lys AAA   0   0   0   0   0   0 | Arg AGA   0   0   0   0   0   0
Met ATG   0   0   0   0   0   0 |     ACG   0   0   0   0   0   0 |     AAG   0   0   0   0   0   0 |     AGG   0   0   0   0   0   0
--------------------------------------------------------------------------------------------------------------------------------------
Val GTT   1   1   1   1   1   1 | Ala GCT   0   0   0   0   0   0 | Asp GAT   1   1   1   1   1   1 | Gly GGT   0   0   0   0   0   0
    GTC   0   0   0   0   0   0 |     GCC   0   0   0   0   0   0 |     GAC   1   1   1   1   1   1 |     GGC   0   0   0   0   0   0
    GTA   0   0   0   0   0   0 |     GCA   0   0   0   0   0   0 | Glu GAA   0   0   0   0   0   0 |     GGA   0   0   0   0   0   0
    GTG   0   0   0   0   0   0 |     GCG   3   3   3   3   3   3 |     GAG   0   0   0   0   0   0 |     GGG   0   0   0   0   0   0
--------------------------------------------------------------------------------------------------------------------------------------

--------------------------------------------------------------------------------------------------------------------------------------
Phe TTT   0   0   0   0   0   0 | Ser TCT   0   0   0   0   0   0 | Tyr TAT   0   0   0   0   0   0 | Cys TGT   1   1   1   1   1   1
    TTC   0   0   0   0   0   0 |     TCC   0   0   0   0   0   0 |     TAC   0   0   0   0   0   0 |     TGC   0   0   0   0   0   0
Leu TTA   0   0   0   0   0   0 |     TCA   0   0   0   0   0   0 | *** TAA   0   0   0   0   0   0 | *** TGA   0   0   0   0   0   0
    TTG   0   0   0   0   0   0 |     TCG   0   0   0   0   0   0 |     TAG   0   0   0   0   0   0 | Trp TGG   0   0   0   0   0   0
--------------------------------------------------------------------------------------------------------------------------------------
Leu CTT   0   0   0   0   0   0 | Pro CCT   0   0   0   0   0   0 | His CAT   0   0   0   0   0   0 | Arg CGT   0   0   0   0   0   0
    CTC   0   0   0   0   0   0 |     CCC   0   0   0   0   0   0 |     CAC   0   0   0   0   0   0 |     CGC   0   0   0   0   0   0
    CTA   0   0   0   0   0   0 |     CCA   1   1   1   1   0   1 | Gln CAA   0   0   0   0   0   0 |     CGA   0   0   0   0   0   0
    CTG   0   0   0   0   0   0 |     CCG   0   0   0   0   1   0 |     CAG   0   0   0   0   0   0 |     CGG   0   0   0   0   0   0
--------------------------------------------------------------------------------------------------------------------------------------
Ile ATT   0   0   0   0   0   0 | Thr ACT   0   0   0   0   0   0 | Asn AAT   0   0   0   0   0   0 | Ser AGT   0   0   0   0   0   0
    ATC   0   0   0   0   0   0 |     ACC   0   0   0   0   0   0 |     AAC   0   0   0   0   0   0 |     AGC   0   0   0   0   0   0
    ATA   0   0   0   0   0   0 |     ACA   0   0   0   0   0   0 | Lys AAA   0   0   0   0   0   0 | Arg AGA   0   0   0   0   0   0
Met ATG   0   0   0   0   0   0 |     ACG   0   0   0   0   0   0 |     AAG   0   0   0   0   0   0 |     AGG   0   0   0   0   0   0
--------------------------------------------------------------------------------------------------------------------------------------
Val GTT   1   1   1   1   1   1 | Ala GCT   0   0   0   0   0   0 | Asp GAT   1   1   1   1   1   1 | Gly GGT   0   0   0   0   0   0
    GTC   0   0   0   0   0   0 |     GCC   0   0   0   1   0   0 |     GAC   1   1   1   1   1   1 |     GGC   0   0   0   0   0   0
    GTA   0   0   0   0   0   0 |     GCA   0   0   0   0   0   0 | Glu GAA   0   0   0   0   0   0 |     GGA   0   0   0   0   0   0
    GTG   0   0   0   0   0   0 |     GCG   3   3   3   2   3   3 |     GAG   0   0   0   0   0   0 |     GGG   0   0   0   0   0   0
--------------------------------------------------------------------------------------------------------------------------------------

--------------------------------------------------------------------------------------------------------------------------------------
Phe TTT   0   0   0   0   0   0 | Ser TCT   0   0   0   0   0   0 | Tyr TAT   0   0   0   0   0   0 | Cys TGT   1   1   1   1   1   1
    TTC   0   0   0   0   0   0 |     TCC   0   0   0   0   0   0 |     TAC   0   0   0   0   0   0 |     TGC   0   0   0   0   0   0
Leu TTA   0   0   0   0   0   0 |     TCA   0   0   0   0   0   0 | *** TAA   0   0   0   0   0   0 | *** TGA   0   0   0   0   0   0
    TTG   0   0   0   0   0   0 |     TCG   0   0   0   0   0   0 |     TAG   0   0   0   0   0   0 | Trp TGG   0   0   0   0   0   0
--------------------------------------------------------------------------------------------------------------------------------------
Leu CTT   0   0   0   0   0   0 | Pro CCT   0   0   0   0   0   0 | His CAT   0   0   0   0   0   0 | Arg CGT   0   0   0   0   0   0
    CTC   0   0   0   0   0   0 |     CCC   0   0   0   0   0   0 |     CAC   0   0   0   0   0   0 |     CGC   0   0   0   0   0   0
    CTA   0   0   0   0   0   0 |     CCA   1   1   1   1   1   1 | Gln CAA   0   0   0   0   0   0 |     CGA   0   0   0   0   0   0
    CTG   0   0   0   0   0   0 |     CCG   0   0   0   0   0   0 |     CAG   0   0   0   0   0   0 |     CGG   0   0   0   0   0   0
--------------------------------------------------------------------------------------------------------------------------------------
Ile ATT   0   0   0   0   0   0 | Thr ACT   0   0   0   0   0   0 | Asn AAT   0   0   0   0   0   0 | Ser AGT   0   0   0   0   0   0
    ATC   0   0   0   0   0   0 |     ACC   0   0   0   0   0   0 |     AAC   0   0   0   0   0   0 |     AGC   0   0   0   0   0   0
    ATA   0   0   0   0   0   0 |     ACA   0   0   0   0   0   0 | Lys AAA   0   0   0   0   0   0 | Arg AGA   0   0   0   0   0   0
Met ATG   0   0   0   0   0   0 |     ACG   0   0   0   0   0   0 |     AAG   0   0   0   0   0   0 |     AGG   0   0   0   0   0   0
--------------------------------------------------------------------------------------------------------------------------------------
Val GTT   1   1   1   1   1   1 | Ala GCT   0   0   0   0   0   0 | Asp GAT   0   1   1   1   1   1 | Gly GGT   0   0   0   0   0   0
    GTC   0   0   0   0   0   0 |     GCC   0   0   0   1   0   0 |     GAC   2   1   1   1   1   1 |     GGC   0   0   0   0   0   0
    GTA   0   0   0   0   0   0 |     GCA   0   0   0   0   0   0 | Glu GAA   0   0   0   0   0   0 |     GGA   0   0   0   0   0   0
    GTG   0   0   0   0   0   0 |     GCG   3   3   3   2   3   3 |     GAG   0   0   0   0   0   0 |     GGG   0   0   0   0   0   0
--------------------------------------------------------------------------------------------------------------------------------------

--------------------------------------------------------------------------------------------------------------------------------------
Phe TTT   0   0   0   0   0   0 | Ser TCT   0   0   0   0   0   0 | Tyr TAT   0   0   0   0   0   0 | Cys TGT   1   1   1   1   1   1
    TTC   0   0   0   0   0   0 |     TCC   0   0   0   0   0   0 |     TAC   0   0   0   0   0   0 |     TGC   0   0   0   0   0   0
Leu TTA   0   0   0   0   0   0 |     TCA   0   0   0   0   0   0 | *** TAA   0   0   0   0   0   0 | *** TGA   0   0   0   0   0   0
    TTG   0   0   0   0   0   0 |     TCG   0   0   0   0   0   0 |     TAG   0   0   0   0   0   0 | Trp TGG   0   0   0   0   0   0
--------------------------------------------------------------------------------------------------------------------------------------
Leu CTT   0   0   0   0   0   0 | Pro CCT   0   0   0   0   0   0 | His CAT   0   0   0   0   0   0 | Arg CGT   0   0   0   0   0   0
    CTC   0   0   0   0   0   0 |     CCC   0   0   0   0   0   0 |     CAC   0   0   0   0   0   0 |     CGC   0   0   0   0   0   0
    CTA   0   0   0   0   0   0 |     CCA   1   1   1   1   1   1 | Gln CAA   0   0   0   0   0   0 |     CGA   0   0   0   0   0   0
    CTG   0   0   0   0   0   0 |     CCG   0   0   0   0   0   0 |     CAG   0   0   0   0   0   0 |     CGG   0   0   0   0   0   0
--------------------------------------------------------------------------------------------------------------------------------------
Ile ATT   0   0   0   0   0   0 | Thr ACT   0   0   0   0   0   0 | Asn AAT   0   0   0   0   0   0 | Ser AGT   0   0   0   0   0   0
    ATC   0   0   0   0   0   0 |     ACC   0   0   0   0   0   0 |     AAC   0   0   0   0   0   0 |     AGC   0   0   0   0   0   0
    ATA   0   0   0   0   0   0 |     ACA   0   0   0   0   0   0 | Lys AAA   0   0   0   0   0   0 | Arg AGA   0   0   0   0   0   0
Met ATG   0   0   0   0   0   0 |     ACG   0   0   0   0   0   0 |     AAG   0   0   0   0   0   0 |     AGG   0   0   0   0   0   0
--------------------------------------------------------------------------------------------------------------------------------------
Val GTT   1   1   1   1   1   1 | Ala GCT   0   0   0   1   0   0 | Asp GAT   1   1   1   1   1   1 | Gly GGT   0   0   0   0   0   0
    GTC   0   0   0   0   0   0 |     GCC   0   0   0   0   0   0 |     GAC   1   1   1   1   1   1 |     GGC   0   0   0   0   0   0
    GTA   0   0   0   0   0   0 |     GCA   0   0   0   0   0   0 | Glu GAA   0   0   0   0   0   0 |     GGA   0   0   0   0   0   0
    GTG   0   0   0   0   0   0 |     GCG   3   3   3   2   3   3 |     GAG   0   0   0   0   0   0 |     GGG   0   0   0   0   0   0
--------------------------------------------------------------------------------------------------------------------------------------

--------------------------------------------------------------------------------------------------------------------------------------
Phe TTT   0   0   0   0   0   0 | Ser TCT   0   0   0   0   0   0 | Tyr TAT   0   0   0   0   0   0 | Cys TGT   1   1   1   1   1   1
    TTC   0   0   0   0   0   0 |     TCC   0   0   0   0   0   0 |     TAC   0   0   0   0   0   0 |     TGC   0   0   0   0   0   0
Leu TTA   0   0   0   0   0   0 |     TCA   0   0   0   0   0   0 | *** TAA   0   0   0   0   0   0 | *** TGA   0   0   0   0   0   0
    TTG   0   0   0   0   0   0 |     TCG   0   0   0   0   0   0 |     TAG   0   0   0   0   0   0 | Trp TGG   0   0   0   0   0   0
--------------------------------------------------------------------------------------------------------------------------------------
Leu CTT   0   0   0   0   0   0 | Pro CCT   0   0   0   0   0   0 | His CAT   0   0   0   0   0   0 | Arg CGT   0   0   0   0   0   0
    CTC   0   0   0   0   0   0 |     CCC   0   0   0   0   0   0 |     CAC   0   0   0   0   0   0 |     CGC   0   0   0   0   0   0
    CTA   0   0   0   0   0   0 |     CCA   1   1   1   1   1   1 | Gln CAA   0   0   0   0   0   0 |     CGA   0   0   0   0   0   0
    CTG   0   0   0   0   0   0 |     CCG   0   0   0   0   0   0 |     CAG   0   0   0   0   0   0 |     CGG   0   0   0   0   0   0
--------------------------------------------------------------------------------------------------------------------------------------
Ile ATT   0   0   0   0   0   0 | Thr ACT   0   0   0   0   0   0 | Asn AAT   0   0   0   0   0   0 | Ser AGT   0   0   0   0   0   0
    ATC   0   0   0   0   0   0 |     ACC   0   0   0   0   0   0 |     AAC   0   0   0   0   0   0 |     AGC   0   0   0   0   0   0
    ATA   0   0   0   0   0   0 |     ACA   0   0   0   0   0   0 | Lys AAA   0   0   0   0   0   0 | Arg AGA   0   0   0   0   0   0
Met ATG   0   0   0   0   0   0 |     ACG   0   0   0   0   0   0 |     AAG   0   0   0   0   0   0 |     AGG   0   0   0   0   0   0
--------------------------------------------------------------------------------------------------------------------------------------
Val GTT   1   1   1   1   1   1 | Ala GCT   0   0   0   0   0   0 | Asp GAT   1   1   1   1   1   1 | Gly GGT   0   0   0   0   0   0
    GTC   0   0   0   0   0   0 |     GCC   0   0   0   0   0   0 |     GAC   1   1   1   1   1   1 |     GGC   0   0   0   0   0   0
    GTA   0   0   0   0   0   0 |     GCA   0   0   0   0   0   0 | Glu GAA   0   0   0   0   0   0 |     GGA   0   0   0   0   0   0
    GTG   0   0   0   0   0   0 |     GCG   3   3   3   3   3   3 |     GAG   0   0   0   0   0   0 |     GGG   0   0   0   0   0   0
--------------------------------------------------------------------------------------------------------------------------------------

Codon position x base (3x4) table for each sequence.

#1: Argali         
position  1:    T:0.12500    C:0.12500    A:0.00000    G:0.75000
position  2:    T:0.12500    C:0.50000    A:0.25000    G:0.12500
position  3:    T:0.37500    C:0.12500    A:0.12500    G:0.37500
Average         T:0.20833    C:0.25000    A:0.12500    G:0.41667

#2: LesserMouseDeer
position  1:    T:0.12500    C:0.00000    A:0.00000    G:0.87500
position  2:    T:0.12500    C:0.37500    A:0.25000    G:0.25000
position  3:    T:0.37500    C:0.12500    A:0.12500    G:0.37500
Average         T:0.20833    C:0.16667    A:0.12500    G:0.50000

#3: LesserKudu     
position  1:    T:0.12500    C:0.12500    A:0.00000    G:0.75000
position  2:    T:0.12500    C:0.50000    A:0.25000    G:0.12500
position  3:    T:0.37500    C:0.12500    A:0.12500    G:0.37500
Average         T:0.20833    C:0.25000    A:0.12500    G:0.41667

#4: ForestMuskDeer2
position  1:    T:0.12500    C:0.12500    A:0.00000    G:0.75000
position  2:    T:0.12500    C:0.50000    A:0.25000    G:0.12500
position  3:    T:0.37500    C:0.12500    A:0.12500    G:0.37500
Average         T:0.20833    C:0.25000    A:0.12500    G:0.41667

#5: Camel          
position  1:    T:0.12500    C:0.25000    A:0.00000    G:0.62500
position  2:    T:0.12500    C:0.50000    A:0.25000    G:0.12500
position  3:    T:0.37500    C:0.12500    A:0.25000    G:0.25000
Average         T:0.20833    C:0.29167    A:0.16667    G:0.33333

#6: KillerWhale    
position  1:    T:0.12500    C:0.12500    A:0.00000    G:0.75000
position  2:    T:0.12500    C:0.50000    A:0.25000    G:0.12500
position  3:    T:0.25000    C:0.25000    A:0.12500    G:0.37500
Average         T:0.16667    C:0.29167    A:0.12500    G:0.41667

#7: DefassaWaterbuck
position  1:    T:0.12500    C:0.12500    A:0.00000    G:0.75000
position  2:    T:0.12500    C:0.50000    A:0.25000    G:0.12500
position  3:    T:0.37500    C:0.25000    A:0.12500    G:0.25000
Average         T:0.20833    C:0.29167    A:0.12500    G:0.37500

#8: Sheep          
position  1:    T:0.12500    C:0.12500    A:0.00000    G:0.75000
position  2:    T:0.12500    C:0.50000    A:0.25000    G:0.12500
position  3:    T:0.37500    C:0.12500    A:0.12500    G:0.37500
Average         T:0.20833    C:0.25000    A:0.12500    G:0.41667

#9: MaxwellsDuiker 
position  1:    T:0.12500    C:0.12500    A:0.00000    G:0.75000
position  2:    T:0.12500    C:0.50000    A:0.25000    G:0.12500
position  3:    T:0.37500    C:0.12500    A:0.12500    G:0.37500
Average         T:0.20833    C:0.25000    A:0.12500    G:0.41667

#10: GazellaPrzewalskyi
position  1:    T:0.12500    C:0.12500    A:0.00000    G:0.75000
position  2:    T:0.12500    C:0.50000    A:0.25000    G:0.12500
position  3:    T:0.37500    C:0.12500    A:0.12500    G:0.37500
Average         T:0.20833    C:0.25000    A:0.12500    G:0.41667

#11: MountainNyala  
position  1:    T:0.12500    C:0.12500    A:0.00000    G:0.75000
position  2:    T:0.12500    C:0.50000    A:0.25000    G:0.12500
position  3:    T:0.37500    C:0.12500    A:0.12500    G:0.37500
Average         T:0.20833    C:0.25000    A:0.12500    G:0.41667

#12: MuntiacusMuntjak
position  1:    T:0.12500    C:0.12500    A:0.00000    G:0.75000
position  2:    T:0.12500    C:0.50000    A:0.25000    G:0.12500
position  3:    T:0.37500    C:0.12500    A:0.12500    G:0.37500
Average         T:0.20833    C:0.25000    A:0.12500    G:0.41667

#13: goat           
position  1:    T:0.12500    C:0.12500    A:0.00000    G:0.75000
position  2:    T:0.12500    C:0.50000    A:0.25000    G:0.12500
position  3:    T:0.37500    C:0.12500    A:0.12500    G:0.37500
Average         T:0.20833    C:0.25000    A:0.12500    G:0.41667

#14: AfricanBuffalo 
position  1:    T:0.12500    C:0.12500    A:0.00000    G:0.75000
position  2:    T:0.12500    C:0.50000    A:0.25000    G:0.12500
position  3:    T:0.37500    C:0.12500    A:0.12500    G:0.37500
Average         T:0.20833    C:0.25000    A:0.12500    G:0.41667

#15: Topi           
position  1:    T:0.12500    C:0.12500    A:0.00000    G:0.75000
position  2:    T:0.12500    C:0.50000    A:0.25000    G:0.12500
position  3:    T:0.37500    C:0.12500    A:0.12500    G:0.37500
Average         T:0.20833    C:0.25000    A:0.12500    G:0.41667

#16: CommonDuiker   
position  1:    T:0.12500    C:0.12500    A:0.00000    G:0.75000
position  2:    T:0.12500    C:0.50000    A:0.25000    G:0.12500
position  3:    T:0.37500    C:0.12500    A:0.12500    G:0.37500
Average         T:0.20833    C:0.25000    A:0.12500    G:0.41667

#17: Suni           
position  1:    T:0.12500    C:0.12500    A:0.00000    G:0.75000
position  2:    T:0.12500    C:0.50000    A:0.25000    G:0.12500
position  3:    T:0.37500    C:0.12500    A:0.12500    G:0.37500
Average         T:0.20833    C:0.25000    A:0.12500    G:0.41667

#18: Springbuck     
position  1:    T:0.12500    C:0.12500    A:0.00000    G:0.75000
position  2:    T:0.12500    C:0.50000    A:0.25000    G:0.12500
position  3:    T:0.37500    C:0.12500    A:0.12500    G:0.37500
Average         T:0.20833    C:0.25000    A:0.12500    G:0.41667

#19: Okapi          
position  1:    T:0.12500    C:0.12500    A:0.00000    G:0.75000
position  2:    T:0.12500    C:0.50000    A:0.25000    G:0.12500
position  3:    T:0.37500    C:0.12500    A:0.12500    G:0.37500
Average         T:0.20833    C:0.25000    A:0.12500    G:0.41667

#20: Giraffe        
position  1:    T:0.12500    C:0.12500    A:0.00000    G:0.75000
position  2:    T:0.12500    C:0.50000    A:0.25000    G:0.12500
position  3:    T:0.37500    C:0.12500    A:0.12500    G:0.37500
Average         T:0.20833    C:0.25000    A:0.12500    G:0.41667

#21: TibetanAntelope
position  1:    T:0.12500    C:0.12500    A:0.00000    G:0.75000
position  2:    T:0.12500    C:0.50000    A:0.25000    G:0.12500
position  3:    T:0.37500    C:0.12500    A:0.12500    G:0.37500
Average         T:0.20833    C:0.25000    A:0.12500    G:0.41667

#22: Sitatunga      
position  1:    T:0.12500    C:0.12500    A:0.00000    G:0.75000
position  2:    T:0.12500    C:0.50000    A:0.25000    G:0.12500
position  3:    T:0.37500    C:0.12500    A:0.12500    G:0.37500
Average         T:0.20833    C:0.25000    A:0.12500    G:0.41667

#23: Oribi          
position  1:    T:0.12500    C:0.12500    A:0.00000    G:0.75000
position  2:    T:0.12500    C:0.50000    A:0.25000    G:0.12500
position  3:    T:0.37500    C:0.12500    A:0.12500    G:0.37500
Average         T:0.20833    C:0.25000    A:0.12500    G:0.41667

#24: BarbarySheep   
position  1:    T:0.12500    C:0.12500    A:0.00000    G:0.75000
position  2:    T:0.12500    C:0.50000    A:0.25000    G:0.12500
position  3:    T:0.37500    C:0.12500    A:0.12500    G:0.37500
Average         T:0.20833    C:0.25000    A:0.12500    G:0.41667

#25: Daviddeer      
position  1:    T:0.12500    C:0.12500    A:0.00000    G:0.75000
position  2:    T:0.12500    C:0.50000    A:0.25000    G:0.12500
position  3:    T:0.37500    C:0.12500    A:0.12500    G:0.37500
Average         T:0.20833    C:0.25000    A:0.12500    G:0.41667

#26: Reindeer       
position  1:    T:0.12500    C:0.12500    A:0.00000    G:0.75000
position  2:    T:0.12500    C:0.50000    A:0.25000    G:0.12500
position  3:    T:0.37500    C:0.12500    A:0.12500    G:0.37500
Average         T:0.20833    C:0.25000    A:0.12500    G:0.41667

#27: Ibex           
position  1:    T:0.12500    C:0.12500    A:0.00000    G:0.75000
position  2:    T:0.12500    C:0.50000    A:0.25000    G:0.12500
position  3:    T:0.37500    C:0.12500    A:0.12500    G:0.37500
Average         T:0.20833    C:0.25000    A:0.12500    G:0.41667

#28: GyrantGazelle  
position  1:    T:0.12500    C:0.12500    A:0.00000    G:0.75000
position  2:    T:0.12500    C:0.50000    A:0.25000    G:0.12500
position  3:    T:0.37500    C:0.12500    A:0.12500    G:0.37500
Average         T:0.20833    C:0.25000    A:0.12500    G:0.41667

#29: Hartebeest     
position  1:    T:0.12500    C:0.12500    A:0.00000    G:0.75000
position  2:    T:0.12500    C:0.50000    A:0.25000    G:0.12500
position  3:    T:0.37500    C:0.12500    A:0.12500    G:0.37500
Average         T:0.20833    C:0.25000    A:0.12500    G:0.41667

#30: Bongo          
position  1:    T:0.12500    C:0.12500    A:0.00000    G:0.75000
position  2:    T:0.12500    C:0.50000    A:0.25000    G:0.12500
position  3:    T:0.37500    C:0.12500    A:0.12500    G:0.37500
Average         T:0.20833    C:0.25000    A:0.12500    G:0.41667

#31: Gerenuk        
position  1:    T:0.12500    C:0.12500    A:0.00000    G:0.75000
position  2:    T:0.12500    C:0.50000    A:0.25000    G:0.12500
position  3:    T:0.37500    C:0.12500    A:0.12500    G:0.37500
Average         T:0.20833    C:0.25000    A:0.12500    G:0.41667

#32: CommonEland    
position  1:    T:0.12500    C:0.12500    A:0.00000    G:0.75000
position  2:    T:0.12500    C:0.50000    A:0.25000    G:0.12500
position  3:    T:0.37500    C:0.12500    A:0.12500    G:0.37500
Average         T:0.20833    C:0.25000    A:0.12500    G:0.41667

#33: MuntiacusReevesi
position  1:    T:0.12500    C:0.12500    A:0.00000    G:0.75000
position  2:    T:0.12500    C:0.50000    A:0.25000    G:0.12500
position  3:    T:0.37500    C:0.12500    A:0.12500    G:0.37500
Average         T:0.20833    C:0.25000    A:0.12500    G:0.41667

#34: HarveysDuiker  
position  1:    T:0.12500    C:0.12500    A:0.00000    G:0.75000
position  2:    T:0.12500    C:0.50000    A:0.25000    G:0.12500
position  3:    T:0.37500    C:0.25000    A:0.12500    G:0.25000
Average         T:0.20833    C:0.29167    A:0.12500    G:0.37500

#35: Pronghorn      
position  1:    T:0.12500    C:0.12500    A:0.00000    G:0.75000
position  2:    T:0.12500    C:0.50000    A:0.25000    G:0.12500
position  3:    T:0.37500    C:0.12500    A:0.00000    G:0.50000
Average         T:0.20833    C:0.25000    A:0.08333    G:0.45833

#36: BlueWildebeest 
position  1:    T:0.12500    C:0.12500    A:0.00000    G:0.75000
position  2:    T:0.12500    C:0.50000    A:0.25000    G:0.12500
position  3:    T:0.37500    C:0.12500    A:0.12500    G:0.37500
Average         T:0.20833    C:0.25000    A:0.12500    G:0.41667

#37: Gemsbok        
position  1:    T:0.12500    C:0.12500    A:0.00000    G:0.75000
position  2:    T:0.12500    C:0.50000    A:0.25000    G:0.12500
position  3:    T:0.25000    C:0.25000    A:0.12500    G:0.37500
Average         T:0.16667    C:0.29167    A:0.12500    G:0.41667

#38: Yak            
position  1:    T:0.12500    C:0.12500    A:0.00000    G:0.75000
position  2:    T:0.12500    C:0.50000    A:0.25000    G:0.12500
position  3:    T:0.37500    C:0.12500    A:0.12500    G:0.37500
Average         T:0.20833    C:0.25000    A:0.12500    G:0.41667

#39: BlueSheep      
position  1:    T:0.12500    C:0.12500    A:0.00000    G:0.75000
position  2:    T:0.12500    C:0.50000    A:0.25000    G:0.12500
position  3:    T:0.37500    C:0.12500    A:0.12500    G:0.37500
Average         T:0.20833    C:0.25000    A:0.12500    G:0.41667

#40: BohorReedbuck  
position  1:    T:0.12500    C:0.12500    A:0.00000    G:0.75000
position  2:    T:0.12500    C:0.50000    A:0.25000    G:0.12500
position  3:    T:0.37500    C:0.25000    A:0.12500    G:0.25000
Average         T:0.20833    C:0.29167    A:0.12500    G:0.37500

#41: KirksDik       
position  1:    T:0.12500    C:0.12500    A:0.00000    G:0.75000
position  2:    T:0.12500    C:0.50000    A:0.25000    G:0.12500
position  3:    T:0.37500    C:0.12500    A:0.12500    G:0.37500
Average         T:0.20833    C:0.25000    A:0.12500    G:0.41667

#42: RoeDeer        
position  1:    T:0.12500    C:0.12500    A:0.00000    G:0.75000
position  2:    T:0.12500    C:0.50000    A:0.25000    G:0.12500
position  3:    T:0.37500    C:0.12500    A:0.12500    G:0.37500
Average         T:0.20833    C:0.25000    A:0.12500    G:0.41667

#43: WhiteLippedDeer
position  1:    T:0.12500    C:0.12500    A:0.00000    G:0.75000
position  2:    T:0.12500    C:0.50000    A:0.25000    G:0.12500
position  3:    T:0.37500    C:0.12500    A:0.12500    G:0.37500
Average         T:0.20833    C:0.25000    A:0.12500    G:0.41667

#44: ThomsonGazelle 
position  1:    T:0.12500    C:0.12500    A:0.00000    G:0.75000
position  2:    T:0.12500    C:0.50000    A:0.25000    G:0.12500
position  3:    T:0.37500    C:0.12500    A:0.12500    G:0.37500
Average         T:0.20833    C:0.25000    A:0.12500    G:0.41667

#45: MuntiacusCrinifrons
position  1:    T:0.12500    C:0.12500    A:0.00000    G:0.75000
position  2:    T:0.12500    C:0.50000    A:0.25000    G:0.12500
position  3:    T:0.37500    C:0.12500    A:0.12500    G:0.37500
Average         T:0.20833    C:0.25000    A:0.12500    G:0.41667

#46: WhiteTailedDeer
position  1:    T:0.12500    C:0.12500    A:0.00000    G:0.75000
position  2:    T:0.12500    C:0.50000    A:0.25000    G:0.12500
position  3:    T:0.50000    C:0.12500    A:0.12500    G:0.25000
Average         T:0.25000    C:0.25000    A:0.12500    G:0.37500

#47: Cattle         
position  1:    T:0.12500    C:0.12500    A:0.00000    G:0.75000
position  2:    T:0.12500    C:0.50000    A:0.25000    G:0.12500
position  3:    T:0.37500    C:0.12500    A:0.12500    G:0.37500
Average         T:0.20833    C:0.25000    A:0.12500    G:0.41667

#48: RoyalAntelope  
position  1:    T:0.12500    C:0.12500    A:0.00000    G:0.75000
position  2:    T:0.12500    C:0.50000    A:0.25000    G:0.12500
position  3:    T:0.37500    C:0.12500    A:0.12500    G:0.37500
Average         T:0.20833    C:0.25000    A:0.12500    G:0.41667

#49: Steenbok       
position  1:    T:0.12500    C:0.12500    A:0.00000    G:0.75000
position  2:    T:0.12500    C:0.50000    A:0.25000    G:0.12500
position  3:    T:0.37500    C:0.12500    A:0.12500    G:0.37500
Average         T:0.20833    C:0.25000    A:0.12500    G:0.41667

#50: Impala         
position  1:    T:0.12500    C:0.12500    A:0.00000    G:0.75000
position  2:    T:0.12500    C:0.50000    A:0.25000    G:0.12500
position  3:    T:0.37500    C:0.12500    A:0.12500    G:0.37500
Average         T:0.20833    C:0.25000    A:0.12500    G:0.41667

#51: Klipspringer   
position  1:    T:0.12500    C:0.12500    A:0.00000    G:0.75000
position  2:    T:0.12500    C:0.50000    A:0.25000    G:0.12500
