1
52 1
Argali 0.000000 0.442200 0.195100 0.318600 0.128400 0.000000 0.128600 0.121400 0.170200 0.149900 0.074700 0.186800 0.109200 0.146800 0.143600 0.136300 0.161300 0.160500 0.059700 0.171300 0.188100 0.058700 0.145300 0.166200 0.044700 0.137000 0.109600 0.187800 0.136400 0.182900 0.166200 0.146800 0.209500 0.093300 0.123000 0.170300 0.059900 0.160000 0.141700 0.182300 0.177400 0.107000 0.182600 0.149900 0.154900 0.106900 0.122100 0.180000 0.157500 0.163700 0.187300 0.155200
LesserMous 0.442200 0.000000 0.445800 0.347200 0.407700 0.442200 0.426800 0.365200 0.491600 0.351500 0.388700 0.466100 0.355500 0.456600 0.423500 0.402400 0.378700 0.375300 0.389800 0.450700 0.402200 0.395100 0.403300 0.325100 0.397600 0.403000 0.313900 0.468000 0.403200 0.455600 0.325100 0.456600 0.370700 0.336000 0.412800 0.443600 0.416200 0.444900 0.462900 0.344600 0.394800 0.412800 0.343500 0.351500 0.425100 0.366000 0.430500 0.314700 0.323000 0.339500 0.471000 0.473900
LesserKudu 0.195100 0.445800 0.000000 0.328800 0.197100 0.195100 0.181600 0.189100 0.054100 0.203000 0.207800 0.186500 0.212600 0.200400 0.163600 0.171500 0.213000 0.212200 0.208200 0.054400 0.220600 0.160400 0.231200 0.218400 0.178200 0.203700 0.213100 0.068300 0.171700 0.094600 0.218400 0.200400 0.225500 0.196600 0.207700 0.156300 0.193000 0.227100 0.208900 0.199800 0.262400 0.174800 0.234000 0.203000 0.142100 0.187900 0.189300 0.197200 0.208100 0.181800 0.068100 0.040600
KillerWhal 0.318600 0.347200 0.328800 0.000000 0.284900 0.318600 0.303400 0.269300 0.342900 0.248200 0.334800 0.344300 0.324200 0.328700 0.300600 0.286000 0.221000 0.258900 0.335200 0.306000 0.307500 0.297600 0.298400 0.265400 0.299800 0.326900 0.345100 0.364400 0.286400 0.354900 0.265400 0.328700 0.227100 0.324800 0.334500 0.245000 0.276000 0.320300 0.337400 0.243400 0.291900 0.293000 0.242500 0.248200 0.266600 0.290900 0.310100 0.302400 0.250800 0.244300 0.324400 0.326700
DefassaWat 0.128400 0.407700 0.197100 0.284900 0.000000 0.128400 0.096500 0.124200 0.172400 0.082400 0.109500 0.122300 0.112400 0.115000 0.112400 0.106700 0.095700 0.095100 0.109700 0.140100 0.157100 0.094000 0.113300 0.098500 0.078500 0.107100 0.112700 0.190100 0.106800 0.185100 0.098500 0.115000 0.143200 0.096100 0.109600 0.138600 0.094100 0.030600 0.110400 0.114700 0.145300 0.076900 0.114800 0.082400 0.123300 0.076400 0.092100 0.113100 0.125800 0.096900 0.155800 0.157100
Sheep 0.000000 0.442200 0.195100 0.318600 0.128400 0.000000 0.128600 0.121400 0.170200 0.149900 0.074700 0.186800 0.109200 0.146800 0.143600 0.136300 0.161300 0.160500 0.059700 0.171300 0.188100 0.059900 0.145300 0.166200 0.045000 0.137000 0.109600 0.187800 0.136400 0.182900 0.166200 0.146800 0.209500 0.093300 0.123000 0.170300 0.059900 0.160000 0.141700 0.182300 0.177400 0.107000 0.182600 0.149900 0.154900 0.106900 0.122100 0.180000 0.157500 0.163700 0.187300 0.155200
MaxwellsDu 0.128600 0.426800 0.181600 0.303400 0.096500 0.128600 0.000000 0.124300 0.172700 0.098700 0.109700 0.156000 0.112500 0.015300 0.094900 0.106800 0.094400 0.093900 0.109900 0.140300 0.157200 0.078000 0.111800 0.114900 0.078600 0.107300 0.112800 0.190500 0.106900 0.185500 0.114900 0.015300 0.159100 0.096100 0.109700 0.122200 0.094100 0.128400 0.110400 0.131000 0.143500 0.076900 0.131100 0.098700 0.107000 0.076500 0.092200 0.129200 0.091900 0.113000 0.156100 0.157400
GazellaPrz 0.121400 0.365200 0.189100 0.269300 0.124200 0.121400 0.124300 0.000000 0.164900 0.144900 0.103700 0.148400 0.106700 0.141900 0.138900 0.071600 0.156200 0.155300 0.103900 0.133900 0.118400 0.120600 0.174400 0.126200 0.105700 0.071600 0.107000 0.148900 0.071700 0.145200 0.126200 0.141900 0.169500 0.091200 0.104000 0.165100 0.120700 0.155000 0.074100 0.142400 0.171100 0.073000 0.141900 0.144900 0.150100 0.072700 0.087600 0.174200 0.119600 0.158100 0.149100 0.150200
MountainNy 0.170200 0.491600 0.054100 0.342900 0.172400 0.170200 0.172700 0.164900 0.000000 0.195200 0.183600 0.131300 0.187900 0.192300 0.154400 0.147300 0.205600 0.204100 0.183800 0.027300 0.197300 0.168200 0.224500 0.211000 0.153200 0.147800 0.188400 0.041200 0.147500 0.067800 0.211000 0.192300 0.218500 0.171600 0.183600 0.147100 0.168400 0.169600 0.184900 0.157500 0.256600 0.150300 0.227300 0.195200 0.132300 0.162800 0.165300 0.224100 0.200100 0.173000 0.041200 0.013700
MuntiacusM 0.149900 0.351500 0.203000 0.248200 0.082400 0.149900 0.098700 0.144900 0.195200 0.000000 0.129800 0.177900 0.133300 0.117800 0.098000 0.126500 0.064400 0.063900 0.130000 0.161500 0.179500 0.097000 0.046800 0.015700 0.097700 0.127000 0.133600 0.213600 0.126600 0.207800 0.015800 0.117800 0.111000 0.116300 0.129900 0.125800 0.113800 0.115000 0.130900 0.032300 0.079100 0.095700 0.032100 0.000000 0.110200 0.095000 0.111500 0.098600 0.128400 0.048600 0.177800 0.179300
goat 0.074700 0.388700 0.207800 0.334800 0.109500 0.074700 0.109700 0.103700 0.183600 0.129800 0.000000 0.134400 0.059900 0.127100 0.124500 0.118200 0.141500 0.140800 0.028800 0.151900 0.168400 0.043800 0.125900 0.111300 0.029300 0.087700 0.060000 0.167200 0.118400 0.131600 0.111300 0.127100 0.188600 0.044800 0.105000 0.151100 0.043800 0.140400 0.122800 0.161500 0.123600 0.089500 0.127000 0.129800 0.136000 0.058600 0.104200 0.159600 0.105600 0.143600 0.167500 0.168700
AfricanBuf 0.186800 0.466100 0.186500 0.344300 0.122300 0.186800 0.156000 0.148400 0.131300 0.177900 0.134400 0.000000 0.137500 0.175200 0.171300 0.163300 0.188700 0.187300 0.134500 0.132100 0.214200 0.151900 0.207300 0.158400 0.136900 0.101100 0.137800 0.146900 0.163500 0.143300 0.158400 0.175200 0.236000 0.121800 0.167200 0.070600 0.152100 0.120300 0.168400 0.174900 0.203200 0.134400 0.174300 0.177900 0.056500 0.102200 0.149400 0.206900 0.150100 0.190400 0.147000 0.148100
Topi 0.109200 0.355500 0.212600 0.324200 0.112400 0.109200 0.112500 0.106700 0.187900 0.133300 0.059900 0.137500 0.000000 0.131100 0.128400 0.121500 0.145100 0.144400 0.060100 0.155600 0.154800 0.076200 0.163800 0.114200 0.061100 0.090200 0.030300 0.169000 0.121800 0.166800 0.114200 0.131100 0.193100 0.015100 0.108300 0.154600 0.076200 0.144000 0.125900 0.165700 0.160600 0.092100 0.130300 0.133300 0.139300 0.060000 0.107200 0.145500 0.108300 0.129400 0.171500 0.172800
CommonDuik 0.146800 0.456600 0.200400 0.328700 0.115000 0.146800 0.015300 0.141900 0.192300 0.117800 0.127100 0.175200 0.131100 0.000000 0.112500 0.123900 0.112500 0.111800 0.127400 0.159000 0.176600 0.095000 0.130600 0.134200 0.095700 0.124400 0.131500 0.210500 0.124000 0.204900 0.134200 0.000000 0.178700 0.114400 0.127200 0.140200 0.111500 0.147600 0.128700 0.150800 0.162900 0.093700 0.150800 0.117800 0.124700 0.093500 0.109200 0.148500 0.109200 0.131900 0.175200 0.176700
Suni 0.143600 0.423500 0.163600 0.300600 0.112400 0.143600 0.094900 0.138900 0.154400 0.098000 0.124500 0.171300 0.128400 0.112500 0.000000 0.121500 0.127300 0.126500 0.124800 0.122700 0.172700 0.093100 0.145400 0.114000 0.093700 0.121800 0.128700 0.171600 0.121300 0.167200 0.114000 0.112500 0.157800 0.112000 0.124500 0.121300 0.109100 0.144200 0.125900 0.130000 0.177300 0.091400 0.130200 0.098000 0.106200 0.091600 0.106800 0.128300 0.123800 0.112200 0.138200 0.139300
Springbuck 0.136300 0.402400 0.171500 0.286000 0.106700 0.136300 0.106800 0.071600 0.147300 0.126500 0.118200 0.163300 0.121500 0.123900 0.121500 0.000000 0.138200 0.137200 0.118400 0.117000 0.071900 0.103500 0.155800 0.141900 0.088900 0.056500 0.121800 0.163700 0.027700 0.159600 0.141900 0.123900 0.151500 0.106000 0.087600 0.147500 0.103300 0.137000 0.088600 0.124500 0.186600 0.028400 0.157600 0.126500 0.132700 0.072300 0.042000 0.155400 0.134200 0.139500 0.131800 0.132800
Okapi 0.161300 0.378700 0.213000 0.221000 0.095700 0.161300 0.094400 0.156200 0.205600 0.064400 0.141500 0.188700 0.145100 0.112500 0.127300 0.138200 0.000000 0.030100 0.141700 0.172600 0.155600 0.109600 0.078200 0.080200 0.110400 0.138700 0.145500 0.223700 0.138300 0.217800 0.080200 0.112500 0.060200 0.128600 0.141700 0.121000 0.092900 0.093700 0.142800 0.096200 0.076700 0.108300 0.063000 0.064400 0.138400 0.107500 0.123700 0.128100 0.123000 0.078800 0.188500 0.190100
Giraffe 0.160500 0.375300 0.212200 0.258900 0.095100 0.160500 0.093900 0.155300 0.204100 0.063900 0.140800 0.187300 0.144400 0.111800 0.126500 0.137200 0.030100 0.000000 0.141000 0.171500 0.188600 0.109100 0.077600 0.079600 0.109800 0.137800 0.144800 0.222200 0.137400 0.216500 0.079600 0.111800 0.091100 0.127900 0.140900 0.152800 0.125300 0.093100 0.141800 0.095400 0.108400 0.107600 0.095500 0.063900 0.137600 0.106900 0.122800 0.127200 0.122400 0.078300 0.187300 0.188800
TibetanAnt 0.059700 0.389800 0.208200 0.335200 0.109700 0.059700 0.109900 0.103900 0.183800 0.130000 0.028800 0.134500 0.060100 0.127400 0.124800 0.118400 0.141700 0.141000 0.000000 0.152200 0.168500 0.043900 0.126000 0.111500 0.029400 0.087800 0.060200 0.167400 0.118500 0.131800 0.111500 0.127400 0.188700 0.044900 0.105200 0.151300 0.043700 0.140600 0.123000 0.161600 0.123800 0.089600 0.127200 0.130000 0.136300 0.058800 0.104400 0.159800 0.105900 0.144000 0.167800 0.169100
Sitatunga 0.171300 0.450700 0.054400 0.306000 0.140100 0.171300 0.140300 0.133900 0.027300 0.161500 0.151900 0.132100 0.155600 0.159000 0.122700 0.117000 0.172600 0.171500 0.152200 0.000000 0.165700 0.136700 0.190900 0.177300 0.121800 0.148800 0.156000 0.041400 0.117100 0.039700 0.177300 0.159000 0.185700 0.139500 0.151900 0.116800 0.136900 0.170900 0.153000 0.158700 0.222700 0.119400 0.193300 0.161500 0.102200 0.131500 0.134200 0.190700 0.168100 0.140600 0.013600 0.013800
Oribi 0.188100 0.402200 0.220600 0.307500 0.157100 0.188100 0.157200 0.118400 0.197300 0.179500 0.168400 0.214200 0.154800 0.176600 0.172700 0.071900 0.155600 0.188600 0.168500 0.165700 0.000000 0.153000 0.209000 0.195300 0.138000 0.102200 0.155100 0.214600 0.071900 0.209400 0.195300 0.176600 0.168800 0.138800 0.135900 0.164300 0.120500 0.188500 0.136900 0.176500 0.204800 0.073200 0.175700 0.179500 0.182300 0.119100 0.087900 0.137800 0.184500 0.155600 0.181000 0.182200
BarbaryShe 0.058700 0.395100 0.160400 0.297600 0.094000 0.059900 0.078000 0.120600 0.168200 0.097000 0.043800 0.151900 0.076200 0.095000 0.093100 0.103500 0.109600 0.109100 0.043900 0.136700 0.153000 0.000000 0.094000 0.112900 0.014700 0.104500 0.076400 0.185600 0.103900 0.148700 0.112900 0.095000 0.156300 0.060800 0.090100 0.120300 0.028700 0.124900 0.107500 0.128600 0.125200 0.074600 0.128800 0.097000 0.105400 0.074600 0.089400 0.127100 0.107000 0.111300 0.152200 0.153400
Daviddeer 0.145300 0.403300 0.231200 0.298400 0.113300 0.145300 0.111800 0.174400 0.224500 0.046800 0.125900 0.207300 0.163800 0.130600 0.145400 0.155800 0.078200 0.077600 0.126000 0.190900 0.209000 0.094000 0.000000 0.063500 0.094700 0.156400 0.164200 0.243000 0.155900 0.168400 0.062200 0.130600 0.157100 0.146900 0.159800 0.171500 0.110400 0.145400 0.161000 0.079700 0.060800 0.125600 0.079200 0.047800 0.155900 0.124700 0.141200 0.146300 0.140400 0.095900 0.207100 0.208800
Reindeer 0.166200 0.325100 0.218400 0.265400 0.098500 0.166200 0.114900 0.126200 0.211000 0.015700 0.111300 0.158400 0.114200 0.134200 0.114000 0.141900 0.080200 0.079600 0.111500 0.177300 0.195300 0.112900 0.063500 0.000000 0.113700 0.108900 0.114600 0.193200 0.142000 0.188000 0.000000 0.134200 0.126500 0.097600 0.145800 0.141200 0.129800 0.131000 0.146900 0.048200 0.062200 0.111300 0.015700 0.015800 0.125600 0.077600 0.127100 0.114700 0.110100 0.064600 0.193600 0.195200
Ibex 0.044700 0.397600 0.178200 0.299800 0.078500 0.045000 0.078600 0.105700 0.153200 0.097700 0.029300 0.136900 0.061100 0.095700 0.093700 0.088900 0.110400 0.109800 0.029400 0.121800 0.138000 0.014700 0.094700 0.113700 0.000000 0.089400 0.061300 0.170300 0.089100 0.134000 0.113700 0.095700 0.157400 0.045700 0.075300 0.121100 0.014700 0.109500 0.092400 0.129600 0.126100 0.059800 0.129800 0.097700 0.106000 0.059800 0.074700 0.128000 0.107700 0.112100 0.137200 0.138300
GyrantGaze 0.137000 0.403000 0.203700 0.326900 0.107100 0.137000 0.107300 0.071600 0.147800 0.127000 0.087700 0.101100 0.090200 0.124400 0.121800 0.056500 0.138700 0.137800 0.087800 0.148800 0.102200 0.104500 0.156400 0.108900 0.089400 0.000000 0.090400 0.163800 0.056600 0.159700 0.108900 0.124400 0.184900 0.074900 0.088000 0.148100 0.104700 0.105500 0.088900 0.124800 0.153400 0.028500 0.124400 0.127000 0.133300 0.042900 0.042300 0.156100 0.103200 0.140200 0.164000 0.165200
Hartebeest 0.109600 0.313900 0.213100 0.345100 0.112700 0.109600 0.112800 0.107000 0.188400 0.133600 0.060000 0.137800 0.030300 0.131500 0.128700 0.121800 0.145500 0.144800 0.060200 0.156000 0.155100 0.076400 0.164200 0.114600 0.061300 0.090400 0.000000 0.169700 0.122200 0.167200 0.114600 0.131500 0.193600 0.015100 0.108600 0.155000 0.076400 0.144300 0.126200 0.166100 0.161000 0.092300 0.130700 0.133600 0.139700 0.060200 0.107500 0.145800 0.108600 0.129700 0.171900 0.173300
Bongo 0.187800 0.468000 0.068300 0.364400 0.190100 0.187800 0.190500 0.148900 0.041200 0.213600 0.167200 0.146900 0.169000 0.210500 0.171600 0.163700 0.223700 0.222200 0.167400 0.041400 0.214600 0.185600 0.243000 0.193200 0.170300 0.163800 0.169700 0.000000 0.163900 0.054000 0.193200 0.210500 0.236600 0.154900 0.201000 0.163400 0.185700 0.221400 0.202400 0.210100 0.238500 0.167000 0.209300 0.213600 0.148500 0.146700 0.182100 0.242800 0.183400 0.190700 0.055500 0.027600
Gerenuk 0.136400 0.403200 0.171700 0.286400 0.106800 0.136400 0.106900 0.071700 0.147500 0.126600 0.118400 0.163500 0.121800 0.124000 0.121300 0.027700 0.138300 0.137400 0.118500 0.117100 0.071900 0.103900 0.155900 0.142000 0.089100 0.056600 0.122200 0.163900 0.000000 0.159800 0.142000 0.124000 0.151700 0.106300 0.057000 0.147700 0.103800 0.137200 0.088700 0.124600 0.186800 0.028100 0.157800 0.126600 0.132900 0.072400 0.042600 0.155600 0.134400 0.139600 0.131900 0.132900
CommonElan 0.182900 0.455600 0.094600 0.354900 0.185100 0.182900 0.185500 0.145200 0.067800 0.207800 0.131600 0.143300 0.166800 0.204900 0.167200 0.159600 0.217800 0.216500 0.131800 0.039700 0.209400 0.148700 0.168400 0.188000 0.134000 0.159700 0.167200 0.054000 0.159800 0.000000 0.188000 0.204900 0.230500 0.151000 0.196000 0.159500 0.148800 0.215700 0.197300 0.204400 0.198400 0.162800 0.203700 0.207800 0.144900 0.143100 0.177600 0.236500 0.178900 0.185800 0.054200 0.054600
MuntiacusR 0.166200 0.325100 0.218400 0.265400 0.098500 0.166200 0.114900 0.126200 0.211000 0.015800 0.111300 0.158400 0.114200 0.134200 0.114000 0.141900 0.080200 0.079600 0.111500 0.177300 0.195300 0.112900 0.062200 0.000000 0.113700 0.108900 0.114600 0.193200 0.142000 0.188000 0.000000 0.134200 0.126500 0.097600 0.145800 0.141200 0.129800 0.131000 0.146900 0.048200 0.062200 0.111300 0.015400 0.015800 0.125600 0.077600 0.127100 0.114700 0.110100 0.064600 0.193600 0.195200
HarveysDui 0.146800 0.456600 0.200400 0.328700 0.115000 0.146800 0.015300 0.141900 0.192300 0.117800 0.127100 0.175200 0.131100 0.000000 0.112500 0.123900 0.112500 0.111800 0.127400 0.159000 0.176600 0.095000 0.130600 0.134200 0.095700 0.124400 0.131500 0.210500 0.124000 0.204900 0.134200 0.000000 0.178700 0.114400 0.127200 0.140200 0.111500 0.147600 0.128700 0.150800 0.162900 0.093700 0.150800 0.117800 0.124700 0.093500 0.109200 0.148500 0.109200 0.131900 0.175200 0.176700
Pronghorn 0.209500 0.370700 0.225500 0.227100 0.143200 0.209500 0.159100 0.169500 0.218500 0.111000 0.188600 0.236000 0.193100 0.178700 0.157800 0.151500 0.060200 0.091100 0.188700 0.185700 0.168800 0.156300 0.157100 0.126500 0.157400 0.184900 0.193600 0.236600 0.151700 0.230500 0.126500 0.178700 0.000000 0.176400 0.188700 0.150200 0.139100 0.140400 0.190200 0.109200 0.154000 0.154500 0.108800 0.111000 0.168100 0.153500 0.170000 0.158900 0.186600 0.109300 0.201600 0.203200
BlueWildeb 0.093300 0.336000 0.196600 0.324800 0.096100 0.093300 0.096100 0.091200 0.171600 0.116300 0.044800 0.121800 0.015100 0.114400 0.112000 0.106000 0.128600 0.127900 0.044900 0.139500 0.138800 0.060800 0.146900 0.097600 0.045700 0.074900 0.015100 0.154900 0.106300 0.151000 0.097600 0.114400 0.176400 0.000000 0.092500 0.138600 0.060800 0.127600 0.109800 0.148600 0.144100 0.076500 0.113700 0.116300 0.123400 0.044900 0.091600 0.128800 0.092500 0.112800 0.155300 0.156500
Gemsbok 0.123000 0.412800 0.207700 0.334500 0.109600 0.123000 0.109700 0.104000 0.183600 0.129900 0.105000 0.167200 0.108300 0.127200 0.124500 0.087600 0.141700 0.140900 0.105200 0.151900 0.135900 0.090100 0.159800 0.145800 0.075300 0.088000 0.108600 0.201000 0.057000 0.196000 0.145800 0.127200 0.188700 0.092500 0.000000 0.151100 0.090200 0.140500 0.090900 0.161700 0.191600 0.058900 0.161900 0.129900 0.136100 0.089400 0.073500 0.159700 0.138100 0.143600 0.167400 0.168700
Yak 0.170300 0.443600 0.156300 0.245000 0.138600 0.170300 0.122200 0.165100 0.147100 0.125800 0.151100 0.070600 0.154600 0.140200 0.121300 0.147500 0.121000 0.152800 0.151300 0.116800 0.164300 0.120300 0.171500 0.141200 0.121100 0.148100 0.155000 0.163400 0.147700 0.159500 0.141200 0.140200 0.150200 0.138600 0.151100 0.000000 0.104100 0.169200 0.152100 0.156900 0.168300 0.118800 0.123300 0.125800 0.013800 0.118100 0.133600 0.154700 0.149700 0.139000 0.131600 0.132600
BlueSheep 0.059900 0.416200 0.193000 0.276000 0.094100 0.059900 0.094100 0.120700 0.168400 0.113800 0.043800 0.152100 0.076200 0.111500 0.109100 0.103300 0.092900 0.125300 0.043700 0.136900 0.120500 0.028700 0.110400 0.129800 0.014700 0.104700 0.076400 0.185700 0.103800 0.148800 0.129800 0.111500 0.139100 0.060800 0.090200 0.104100 0.000000 0.125000 0.107700 0.145700 0.108300 0.074700 0.111400 0.113800 0.121100 0.074600 0.089500 0.143800 0.122900 0.127800 0.152300 0.153500
BohorReedb 0.160000 0.444900 0.227100 0.320300 0.030600 0.160000 0.128400 0.155000 0.169600 0.115000 0.140400 0.120300 0.144000 0.147600 0.144200 0.137000 0.093700 0.093100 0.140600 0.170900 0.188500 0.124900 0.145400 0.131000 0.109500 0.105500 0.144300 0.221400 0.137200 0.215700 0.131000 0.147600 0.140400 0.127600 0.140500 0.169200 0.125000 0.000000 0.141600 0.112900 0.177300 0.107400 0.147300 0.115000 0.153800 0.106700 0.122600 0.145100 0.156800 0.128700 0.186600 0.188200
KirksDik 0.141700 0.462900 0.208900 0.337400 0.110400 0.141700 0.110400 0.074100 0.184900 0.130900 0.122800 0.168400 0.125900 0.128700 0.125900 0.088600 0.142800 0.141800 0.123000 0.153000 0.136900 0.107500 0.161000 0.146900 0.092400 0.088900 0.126200 0.202400 0.088700 0.197300 0.146900 0.128700 0.190200 0.109800 0.090900 0.152100 0.107700 0.141600 0.000000 0.163000 0.192900 0.059500 0.163100 0.130900 0.136900 0.104000 0.074300 0.160800 0.138800 0.144500 0.168500 0.169900
RoeDeer 0.182300 0.344600 0.199800 0.243400 0.114700 0.182300 0.131000 0.142400 0.157500 0.032300 0.161500 0.174900 0.165700 0.150800 0.130000 0.124500 0.096200 0.095400 0.161600 0.158700 0.176500 0.128600 0.079700 0.048200 0.129600 0.124800 0.166100 0.210100 0.124600 0.204400 0.048200 0.150800 0.109200 0.148600 0.161700 0.156900 0.145700 0.112900 0.163000 0.000000 0.111100 0.127100 0.064200 0.032300 0.141200 0.126200 0.142900 0.130900 0.159700 0.080500 0.174700 0.176200
WhiteLippe 0.177400 0.394800 0.262400 0.291900 0.145300 0.177400 0.143500 0.171100 0.256600 0.079100 0.123600 0.203200 0.160600 0.162900 0.177300 0.186600 0.076700 0.108400 0.123800 0.222700 0.204800 0.125200 0.060800 0.062200 0.126100 0.153400 0.161000 0.238500 0.186800 0.198400 0.062200 0.162900 0.154000 0.144100 0.191600 0.168300 0.108300 0.177300 0.192900 0.111100 0.000000 0.156700 0.044600 0.079300 0.186900 0.122400 0.172300 0.178500 0.137900 0.127600 0.239000 0.240900
ThomsonGaz 0.107000 0.412800 0.174800 0.293000 0.076900 0.107000 0.076900 0.073000 0.150300 0.095700 0.089500 0.134400 0.092100 0.093700 0.091400 0.028400 0.108300 0.107600 0.089600 0.119400 0.073200 0.074600 0.125600 0.111300 0.059800 0.028500 0.092300 0.167000 0.028100 0.162800 0.111300 0.093700 0.154500 0.076500 0.058900 0.118800 0.074700 0.107400 0.059500 0.127100 0.156700 0.000000 0.127100 0.095700 0.104000 0.043700 0.014200 0.125400 0.105400 0.109500 0.134500 0.135600
MuntiacusC 0.182600 0.343500 0.234000 0.242500 0.114800 0.182600 0.131100 0.141900 0.227300 0.032100 0.127000 0.174300 0.130300 0.150800 0.130200 0.157600 0.063000 0.095500 0.127200 0.193300 0.175700 0.128800 0.079200 0.015700 0.129800 0.124400 0.130700 0.209300 0.157800 0.203700 0.015400 0.150800 0.108800 0.113700 0.161900 0.123300 0.111400 0.147300 0.163100 0.064200 0.044600 0.127100 0.000000 0.032100 0.141200 0.093000 0.142900 0.131000 0.125700 0.080600 0.209700 0.211500
WhiteTaile 0.149900 0.351500 0.203000 0.248200 0.082400 0.149900 0.098700 0.144900 0.195200 0.000000 0.129800 0.177900 0.133300 0.117800 0.098000 0.126500 0.064400 0.063900 0.130000 0.161500 0.179500 0.097000 0.047800 0.015800 0.097700 0.127000 0.133600 0.213600 0.126600 0.207800 0.015800 0.117800 0.111000 0.116300 0.129900 0.125800 0.113800 0.115000 0.130900 0.032300 0.079300 0.095700 0.032100 0.000000 0.110200 0.095000 0.111500 0.098600 0.128400 0.048600 0.177800 0.179300
Cattle 0.154900 0.425100 0.142100 0.266600 0.123300 0.154900 0.107000 0.150100 0.132300 0.110200 0.136000 0.056500 0.139300 0.124700 0.106200 0.132700 0.138400 0.137600 0.136300 0.102200 0.182300 0.105400 0.155900 0.125600 0.106000 0.133300 0.139700 0.148500 0.132900 0.144900 0.125600 0.124700 0.168100 0.123400 0.136100 0.013800 0.121100 0.153800 0.136900 0.141200 0.186900 0.104000 0.141200 0.110200 0.000000 0.103400 0.118800 0.139300 0.134800 0.123700 0.117000 0.117900
RoyalAntel 0.106900 0.366000 0.187900 0.290900 0.076400 0.106900 0.076500 0.072700 0.162800 0.095000 0.058600 0.102200 0.060000 0.093500 0.091600 0.072300 0.107500 0.106900 0.058800 0.131500 0.119100 0.074600 0.124700 0.077600 0.059800 0.042900 0.060200 0.146700 0.072400 0.143100 0.077600 0.093500 0.153500 0.044900 0.089400 0.118100 0.074600 0.106700 0.104000 0.126200 0.122400 0.043700 0.093000 0.095000 0.103400 0.000000 0.058300 0.124600 0.073600 0.108900 0.146300 0.147400
Steenbok 0.122100 0.430500 0.189300 0.310100 0.092100 0.122100 0.092200 0.087600 0.165300 0.111500 0.104200 0.149400 0.107200 0.109200 0.106800 0.042000 0.123700 0.122800 0.104400 0.134200 0.087900 0.089400 0.141200 0.127100 0.074700 0.042300 0.107500 0.182100 0.042600 0.177600 0.127100 0.109200 0.170000 0.091600 0.073500 0.133600 0.089500 0.122600 0.074300 0.142900 0.172300 0.014200 0.142900 0.111500 0.118800 0.058300 0.000000 0.140900 0.120200 0.125000 0.149300 0.150500
Impala 0.180000 0.314700 0.197200 0.302400 0.113100 0.180000 0.129200 0.174200 0.224100 0.098600 0.159600 0.206900 0.145500 0.148500 0.128300 0.155400 0.128100 0.127200 0.159800 0.190700 0.137800 0.127100 0.146300 0.114700 0.128000 0.156100 0.145800 0.242800 0.155600 0.236500 0.114700 0.148500 0.158900 0.128800 0.159700 0.154700 0.143800 0.145100 0.160800 0.130900 0.178500 0.125400 0.131000 0.098600 0.139300 0.124600 0.140900 0.000000 0.157900 0.078500 0.206900 0.208400
Klipspring 0.157500 0.323000 0.208100 0.250800 0.125800 0.157500 0.091900 0.119600 0.200100 0.128400 0.105600 0.150100 0.108300 0.109200 0.123800 0.134200 0.123000 0.122400 0.105900 0.168100 0.184500 0.107000 0.140400 0.110100 0.107700 0.103200 0.108600 0.183400 0.134400 0.178900 0.110100 0.109200 0.186600 0.092500 0.138100 0.149700 0.122900 0.156800 0.138800 0.159700 0.137900 0.105400 0.125700 0.128400 0.134800 0.073600 0.120200 0.157900 0.000000 0.142100 0.183800 0.185200
ForestMusk 0.163700 0.339500 0.181800 0.244300 0.096900 0.163700 0.113000 0.158100 0.173000 0.048600 0.143600 0.190400 0.129400 0.131900 0.112200 0.139500 0.078800 0.078300 0.144000 0.140600 0.155600 0.111300 0.095900 0.064600 0.112100 0.140200 0.129700 0.190700 0.139600 0.185800 0.064600 0.131900 0.109300 0.112800 0.143600 0.139000 0.127800 0.128700 0.144500 0.080500 0.127600 0.109500 0.080600 0.048600 0.123700 0.108900 0.125000 0.078500 0.142100 0.000000 0.156400 0.157700
Bushbuck 0.187300 0.471000 0.068100 0.324400 0.155800 0.187300 0.156100 0.149100 0.041200 0.177800 0.167500 0.147000 0.171500 0.175200 0.138200 0.131800 0.188500 0.187300 0.167800 0.013600 0.181000 0.152200 0.207100 0.193600 0.137200 0.164000 0.171900 0.055500 0.131900 0.054200 0.193600 0.175200 0.201600 0.155300 0.167400 0.131600 0.152300 0.186600 0.168500 0.174700 0.239000 0.134500 0.209700 0.177800 0.117000 0.146300 0.149300 0.206900 0.183800 0.156400 0.000000 0.027400
GreaterKud 0.155200 0.473900 0.040600 0.326700 0.157100 0.155200 0.157400 0.150200 0.013700 0.179300 0.168700 0.148100 0.172800 0.176700 0.139300 0.132800 0.190100 0.188800 0.169100 0.013800 0.182200 0.153400 0.208800 0.195200 0.138300 0.165200 0.173300 0.027600 0.132900 0.054600 0.195200 0.176700 0.203200 0.156500 0.168700 0.132600 0.153500 0.188200 0.169900 0.176200 0.240900 0.135600 0.211500 0.179300 0.117900 0.147400 0.150500 0.208400 0.185200 0.157700 0.027400 0.000000
