1
52 1
Argali 0.000000 0.313200 0.075900 0.165600 0.050200 0.000000 0.064200 0.127800 0.050100 0.082800 0.000100 0.050700 0.064800 0.037100 0.091100 0.037600 0.086600 0.075600 0.012500 0.050100 0.063400 0.037600 0.063900 0.082300 0.000100 0.050100 0.025000 0.050100 0.037500 0.049700 0.082800 0.037100 0.126000 0.037600 0.049800 0.075700 0.037600 0.037700 0.037500 0.108500 0.089200 0.037500 0.082800 0.069600 0.112900 0.064500 0.050200 0.037700 0.037800 0.135300 0.062600 0.063700
LesserMous 0.313200 0.000000 0.324200 0.249400 0.302600 0.313200 0.321000 0.391400 0.275900 0.271100 0.312600 0.288000 0.317600 0.289200 0.351000 0.288300 0.234800 0.241400 0.291700 0.275900 0.320400 0.352000 0.257900 0.283400 0.312600 0.302100 0.279300 0.276600 0.287800 0.273600 0.271100 0.289500 0.305500 0.294200 0.268400 0.304600 0.318500 0.288900 0.292600 0.279100 0.285000 0.287400 0.271100 0.272900 0.280600 0.285800 0.302500 0.289100 0.289400 0.311500 0.289700 0.294900
LesserKudu 0.075900 0.324200 0.000000 0.193400 0.086800 0.075900 0.106400 0.162500 0.035900 0.101200 0.075800 0.061500 0.102100 0.073200 0.114800 0.074200 0.102500 0.091800 0.083700 0.035900 0.100100 0.060900 0.081200 0.100900 0.075800 0.086600 0.061600 0.035900 0.074100 0.035800 0.101200 0.073200 0.140300 0.074100 0.086100 0.111700 0.068400 0.074500 0.073900 0.126500 0.106700 0.074100 0.101200 0.086900 0.122000 0.101900 0.086700 0.074500 0.074500 0.144500 0.047800 0.048600
KillerWhal 0.165600 0.249400 0.193400 0.000000 0.189100 0.165600 0.207600 0.270600 0.164300 0.166600 0.164900 0.187500 0.199900 0.178300 0.207800 0.174200 0.166000 0.156700 0.176700 0.164300 0.171600 0.190700 0.145300 0.164800 0.164900 0.188000 0.165900 0.164500 0.174000 0.162400 0.166600 0.178600 0.207600 0.180400 0.186200 0.130700 0.174100 0.175300 0.179500 0.169900 0.171800 0.174000 0.166600 0.153100 0.141100 0.207800 0.188200 0.175100 0.175400 0.218500 0.178200 0.181400
DefassaWat 0.050200 0.302600 0.086800 0.189100 0.000000 0.050200 0.061900 0.123600 0.048500 0.080700 0.050200 0.049000 0.062600 0.035900 0.087900 0.036400 0.083900 0.073100 0.036800 0.048500 0.061300 0.087000 0.061800 0.080300 0.050200 0.048500 0.024200 0.048600 0.036300 0.048200 0.080700 0.035900 0.122000 0.012000 0.048200 0.099100 0.087100 0.012000 0.036300 0.105500 0.086300 0.036300 0.080700 0.067900 0.109500 0.062300 0.048500 0.012000 0.036500 0.130900 0.060600 0.061600
Sheep 0.000000 0.313200 0.075900 0.165600 0.050200 0.000000 0.064200 0.127800 0.050100 0.082800 0.000100 0.050700 0.064800 0.037100 0.091100 0.037600 0.086600 0.075600 0.012500 0.050100 0.063400 0.037600 0.063900 0.082300 0.000100 0.050100 0.025000 0.050100 0.037500 0.049700 0.082800 0.037100 0.126000 0.037600 0.049800 0.075700 0.037600 0.037700 0.037500 0.108500 0.089200 0.037500 0.082800 0.069600 0.112900 0.064500 0.050200 0.037700 0.037800 0.135300 0.062600 0.063700
MaxwellsDu 0.064200 0.321000 0.106400 0.207600 0.061900 0.064200 0.000000 0.138700 0.066000 0.095400 0.064100 0.079600 0.082600 0.027700 0.075700 0.049500 0.097800 0.087100 0.050100 0.066000 0.074900 0.101600 0.075700 0.094800 0.064100 0.061900 0.041200 0.065700 0.049400 0.065600 0.095400 0.027000 0.136100 0.054600 0.061500 0.119900 0.101700 0.049600 0.052200 0.120600 0.100700 0.049400 0.095400 0.081900 0.130900 0.076300 0.061900 0.049600 0.049700 0.146700 0.078400 0.079500
GazellaPrz 0.127800 0.391400 0.162500 0.270600 0.123600 0.127800 0.138700 0.000000 0.121600 0.161500 0.127600 0.124900 0.113200 0.109700 0.138900 0.084900 0.159300 0.149400 0.112300 0.121600 0.110300 0.164900 0.138600 0.160200 0.127600 0.097000 0.098500 0.121500 0.084700 0.120800 0.161500 0.109700 0.199400 0.111100 0.121700 0.176900 0.164800 0.111300 0.084700 0.172300 0.163700 0.084700 0.161500 0.148100 0.186200 0.133500 0.097100 0.111400 0.111500 0.184800 0.133900 0.135900
MountainNy 0.050100 0.275900 0.035900 0.164300 0.048500 0.050100 0.066000 0.121600 0.000000 0.059000 0.050000 0.024000 0.062300 0.035800 0.074700 0.036300 0.063500 0.052300 0.044100 0.000000 0.061100 0.086800 0.041300 0.059200 0.050000 0.048400 0.024100 0.000000 0.036200 0.023500 0.059000 0.035700 0.100200 0.036200 0.048100 0.072700 0.096200 0.036400 0.036100 0.084600 0.066700 0.036200 0.059000 0.044400 0.083400 0.062200 0.048400 0.036400 0.036400 0.101700 0.011700 0.011900
MuntiacusM 0.082800 0.271100 0.101200 0.166600 0.080700 0.082800 0.095400 0.161500 0.059000 0.000000 0.083600 0.059100 0.104600 0.072400 0.124600 0.066800 0.064000 0.025900 0.068800 0.059000 0.094300 0.122900 0.024300 0.024300 0.083600 0.080100 0.060400 0.058400 0.067000 0.058600 0.000000 0.072500 0.103100 0.074600 0.079900 0.115300 0.123500 0.068000 0.071400 0.048700 0.048500 0.066700 0.000000 0.012300 0.127100 0.095400 0.080100 0.067100 0.068000 0.112500 0.072000 0.072800
goat 0.000100 0.312600 0.075800 0.164900 0.050200 0.000100 0.064100 0.127600 0.050000 0.083600 0.000000 0.050600 0.064700 0.037100 0.090900 0.037600 0.086600 0.075500 0.012500 0.050000 0.063200 0.037500 0.063800 0.083200 0.000000 0.050100 0.025000 0.050100 0.037500 0.049700 0.083600 0.037100 0.125900 0.037600 0.049800 0.075400 0.037600 0.037700 0.037500 0.109200 0.089100 0.037500 0.083600 0.069800 0.112600 0.064400 0.050100 0.037700 0.037700 0.135900 0.062500 0.063600
AfricanBuf 0.050700 0.288000 0.061500 0.187500 0.049000 0.050700 0.079600 0.124900 0.024000 0.059100 0.050600 0.000000 0.063000 0.047700 0.088700 0.036700 0.063900 0.052600 0.043900 0.024000 0.074000 0.087800 0.041400 0.059200 0.050600 0.048900 0.024400 0.024100 0.036600 0.023900 0.059100 0.047700 0.101100 0.036600 0.048600 0.073500 0.096800 0.036800 0.036500 0.085000 0.067100 0.036600 0.059100 0.044400 0.084200 0.062800 0.049000 0.036800 0.036800 0.102200 0.036000 0.036700
Topi 0.064800 0.317600 0.102100 0.199900 0.062600 0.064800 0.082600 0.113200 0.062300 0.104600 0.064700 0.063000 0.000000 0.049200 0.103700 0.050000 0.105300 0.094500 0.060800 0.062300 0.075700 0.102600 0.083800 0.104300 0.064700 0.062400 0.037300 0.062400 0.049900 0.061900 0.104600 0.049200 0.144100 0.049900 0.062000 0.114500 0.100100 0.050100 0.049700 0.130300 0.109700 0.049900 0.104600 0.089900 0.124900 0.077100 0.062500 0.050100 0.050200 0.149100 0.074700 0.076100
CommonDuik 0.037100 0.289200 0.073200 0.178300 0.035900 0.037100 0.027700 0.109700 0.035800 0.072400 0.037100 0.047700 0.049200 0.000000 0.048700 0.023900 0.076000 0.065000 0.031300 0.035800 0.048300 0.073500 0.054200 0.072300 0.037100 0.035900 0.011900 0.035800 0.023900 0.035500 0.072400 0.000100 0.112700 0.023900 0.035700 0.085100 0.082900 0.024000 0.023800 0.097600 0.079400 0.023900 0.072400 0.058100 0.095500 0.049100 0.035900 0.024000 0.024000 0.114900 0.047700 0.048500
Suni 0.091100 0.351000 0.114800 0.207800 0.087900 0.091100 0.075700 0.138900 0.074700 0.124600 0.090900 0.088700 0.103700 0.048700 0.000000 0.075200 0.124400 0.113900 0.076100 0.074700 0.101400 0.128800 0.102500 0.123700 0.090900 0.087800 0.062600 0.074800 0.075000 0.087100 0.124600 0.048700 0.177900 0.075300 0.087200 0.140800 0.128900 0.075400 0.075000 0.149800 0.127900 0.075100 0.124600 0.110900 0.150800 0.101400 0.087800 0.075400 0.075600 0.161700 0.087100 0.088700
Springbuck 0.037600 0.288300 0.074200 0.174200 0.036400 0.037600 0.049500 0.084900 0.036300 0.066800 0.037600 0.036700 0.050000 0.023900 0.075200 0.000000 0.071800 0.060900 0.024500 0.036300 0.024000 0.074500 0.049300 0.066400 0.037600 0.011900 0.012100 0.036400 0.000000 0.036100 0.066800 0.023900 0.109400 0.024200 0.036100 0.086300 0.074500 0.024300 0.000300 0.091800 0.073800 0.000100 0.066800 0.053500 0.096900 0.049700 0.011900 0.024300 0.024300 0.116400 0.048500 0.049200
Okapi 0.086600 0.234800 0.102500 0.166000 0.083900 0.086600 0.097800 0.159300 0.063500 0.064000 0.086600 0.063900 0.105300 0.076000 0.124400 0.071800 0.000000 0.034400 0.072500 0.063500 0.096000 0.122900 0.047300 0.063600 0.086600 0.083800 0.064700 0.063400 0.071700 0.063200 0.064000 0.076000 0.104700 0.077400 0.083100 0.114800 0.122900 0.071900 0.076200 0.088200 0.070900 0.071600 0.064000 0.051200 0.125200 0.098300 0.083900 0.072000 0.072100 0.109100 0.075700 0.077000
Giraffe 0.075600 0.241400 0.091800 0.156700 0.073100 0.075600 0.087100 0.149400 0.052300 0.025900 0.075500 0.052600 0.094500 0.065000 0.113900 0.060900 0.034400 0.000000 0.061500 0.052300 0.085300 0.112400 0.036000 0.052200 0.075500 0.073000 0.053300 0.052200 0.060700 0.052000 0.025900 0.065000 0.094500 0.066300 0.072300 0.104400 0.112500 0.060900 0.065300 0.077200 0.060000 0.060700 0.025900 0.039500 0.115100 0.087500 0.073100 0.061000 0.061100 0.098800 0.064800 0.066000
TibetanAnt 0.012500 0.291700 0.083700 0.176700 0.036800 0.012500 0.050100 0.112300 0.044100 0.068800 0.012500 0.043900 0.060800 0.031300 0.076100 0.024500 0.072500 0.061500 0.000000 0.044100 0.049400 0.049600 0.049900 0.068600 0.012500 0.036700 0.021000 0.043500 0.024400 0.043900 0.068800 0.031400 0.110800 0.034500 0.036500 0.070400 0.049600 0.024500 0.029300 0.093900 0.074600 0.024400 0.068800 0.055000 0.108400 0.050300 0.036700 0.024600 0.024600 0.118700 0.056400 0.056900
Sitatunga 0.050100 0.275900 0.035900 0.164300 0.048500 0.050100 0.066000 0.121600 0.000000 0.059000 0.050000 0.024000 0.062300 0.035800 0.074700 0.036300 0.063500 0.052300 0.044100 0.000000 0.061100 0.086800 0.041300 0.059200 0.050000 0.048400 0.024100 0.000000 0.036200 0.023500 0.059000 0.035700 0.100200 0.036200 0.048100 0.072700 0.096200 0.036400 0.036100 0.084600 0.066700 0.036200 0.059000 0.044400 0.083400 0.062200 0.048400 0.036400 0.036400 0.101700 0.011700 0.011900
Oribi 0.063400 0.320400 0.100100 0.171600 0.061300 0.063400 0.074900 0.110300 0.061100 0.094300 0.063200 0.074000 0.075700 0.048300 0.101400 0.024000 0.096000 0.085300 0.049400 0.061100 0.000000 0.100400 0.074700 0.093700 0.063200 0.036100 0.036600 0.061200 0.024000 0.060700 0.094300 0.048200 0.135200 0.048900 0.060700 0.084800 0.100400 0.049000 0.024000 0.119300 0.099400 0.024000 0.094300 0.081100 0.095200 0.075400 0.036100 0.049000 0.049100 0.145500 0.073300 0.074600
BarbaryShe 0.037600 0.352000 0.060900 0.190700 0.087000 0.037600 0.101600 0.164900 0.086800 0.122900 0.037500 0.087800 0.102600 0.073500 0.128800 0.074500 0.122900 0.112400 0.049600 0.086800 0.100400 0.000000 0.101300 0.122000 0.037500 0.087000 0.062000 0.086900 0.074400 0.060800 0.122900 0.073500 0.162700 0.074500 0.086400 0.112300 0.024100 0.074700 0.074400 0.147800 0.126400 0.074400 0.122900 0.109300 0.149100 0.102200 0.087000 0.074700 0.074800 0.175500 0.099200 0.100900
Daviddeer 0.063900 0.257900 0.081200 0.145300 0.061800 0.063900 0.075700 0.138600 0.041300 0.024300 0.063800 0.041400 0.083800 0.054200 0.102500 0.049300 0.047300 0.036000 0.049900 0.041300 0.074700 0.101300 0.000000 0.024100 0.063800 0.061600 0.042300 0.041000 0.049200 0.041100 0.024300 0.054200 0.084300 0.055600 0.061200 0.094300 0.101400 0.049400 0.053800 0.048300 0.023800 0.049200 0.024300 0.012200 0.105500 0.076000 0.061700 0.049500 0.049600 0.089600 0.053800 0.054500
Reindeer 0.082300 0.283400 0.100900 0.164800 0.080300 0.082300 0.094800 0.160200 0.059200 0.024300 0.083200 0.059200 0.104300 0.072300 0.123700 0.066400 0.063600 0.052200 0.068600 0.059200 0.093700 0.122000 0.024100 0.000000 0.083200 0.079600 0.060600 0.058500 0.066600 0.058700 0.024300 0.072400 0.102400 0.074700 0.079500 0.114900 0.122600 0.067700 0.071200 0.048300 0.048100 0.066300 0.024300 0.012200 0.126600 0.094700 0.079600 0.066800 0.067700 0.112300 0.072000 0.072700
Ibex 0.000100 0.312600 0.075800 0.164900 0.050200 0.000100 0.064100 0.127600 0.050000 0.083600 0.000000 0.050600 0.064700 0.037100 0.090900 0.037600 0.086600 0.075500 0.012500 0.050000 0.063200 0.037500 0.063800 0.083200 0.000000 0.050100 0.025000 0.050100 0.037500 0.049700 0.083600 0.037100 0.125900 0.037600 0.049800 0.075400 0.037600 0.037700 0.037500 0.109200 0.089100 0.037500 0.083600 0.069800 0.112600 0.064400 0.050100 0.037700 0.037700 0.135900 0.062500 0.063600
GyrantGaze 0.050100 0.302100 0.086600 0.188000 0.048500 0.050100 0.061900 0.097000 0.048400 0.080100 0.050100 0.048900 0.062400 0.035900 0.087800 0.011900 0.083800 0.073000 0.036700 0.048400 0.036100 0.087000 0.061600 0.079600 0.050100 0.000000 0.024200 0.048500 0.011900 0.048100 0.080100 0.035800 0.121600 0.036300 0.048100 0.098700 0.086900 0.036400 0.020000 0.104900 0.086100 0.011100 0.080100 0.066800 0.109000 0.062200 0.023800 0.036400 0.036500 0.130000 0.060500 0.061500
Hartebeest 0.025000 0.279300 0.061600 0.165900 0.024200 0.025000 0.041200 0.098500 0.024100 0.060400 0.025000 0.024400 0.037300 0.011900 0.062600 0.012100 0.064700 0.053300 0.021000 0.024100 0.036600 0.062000 0.042300 0.060600 0.025000 0.024200 0.000000 0.024100 0.012100 0.023900 0.060400 0.011900 0.101900 0.012000 0.024000 0.073700 0.072500 0.012100 0.012000 0.086200 0.068000 0.012100 0.060400 0.045500 0.084400 0.037200 0.024200 0.012100 0.012100 0.103500 0.036100 0.036700
Bongo 0.050100 0.276600 0.035900 0.164500 0.048600 0.050100 0.065700 0.121500 0.000000 0.058400 0.050100 0.024100 0.062400 0.035800 0.074800 0.036400 0.063400 0.052200 0.043500 0.000000 0.061200 0.086900 0.041000 0.058500 0.050100 0.048500 0.024100 0.000000 0.036300 0.023600 0.058400 0.035800 0.100100 0.036300 0.048100 0.072800 0.095800 0.036400 0.036200 0.084100 0.066400 0.036300 0.058400 0.043900 0.083500 0.062200 0.048500 0.036400 0.036500 0.101300 0.011700 0.011900
Gerenuk 0.037500 0.287800 0.074100 0.174000 0.036300 0.037500 0.049400 0.084700 0.036200 0.067000 0.037500 0.036600 0.049900 0.023900 0.075000 0.000000 0.071700 0.060700 0.024400 0.036200 0.024000 0.074400 0.049200 0.066600 0.037500 0.011900 0.012100 0.036300 0.000000 0.036000 0.067000 0.023900 0.109200 0.024200 0.036000 0.086100 0.074300 0.024200 0.000200 0.091900 0.073600 0.000100 0.067000 0.053600 0.096700 0.049600 0.011900 0.024200 0.024300 0.116600 0.048400 0.049100
CommonElan 0.049700 0.273600 0.035800 0.162400 0.048200 0.049700 0.065600 0.120800 0.023500 0.058600 0.049700 0.023900 0.061900 0.035500 0.087100 0.036100 0.063200 0.052000 0.043900 0.023500 0.060700 0.060800 0.041100 0.058700 0.049700 0.048100 0.023900 0.023600 0.036000 0.000000 0.058600 0.035500 0.099700 0.036000 0.047800 0.072200 0.069200 0.036200 0.035900 0.084000 0.066400 0.036000 0.058600 0.044100 0.082800 0.061700 0.048100 0.036100 0.036200 0.100900 0.035400 0.036000
MuntiacusR 0.082800 0.271100 0.101200 0.166600 0.080700 0.082800 0.095400 0.161500 0.059000 0.000000 0.083600 0.059100 0.104600 0.072400 0.124600 0.066800 0.064000 0.025900 0.068800 0.059000 0.094300 0.122900 0.024300 0.024300 0.083600 0.080100 0.060400 0.058400 0.067000 0.058600 0.000000 0.072500 0.103100 0.074600 0.079900 0.115300 0.123500 0.068000 0.071400 0.048700 0.048500 0.066700 0.000000 0.012300 0.127100 0.095400 0.080100 0.067100 0.068000 0.112500 0.072000 0.072800
HarveysDui 0.037100 0.289500 0.073200 0.178600 0.035900 0.037100 0.027000 0.109700 0.035700 0.072500 0.037100 0.047700 0.049200 0.000100 0.048700 0.023900 0.076000 0.065000 0.031400 0.035700 0.048200 0.073500 0.054200 0.072400 0.037100 0.035800 0.011900 0.035800 0.023900 0.035500 0.072500 0.000000 0.112600 0.023900 0.035600 0.085000 0.083000 0.024000 0.023800 0.097700 0.079400 0.023900 0.072500 0.058200 0.095500 0.049100 0.035900 0.024000 0.024000 0.114900 0.047700 0.048500
Pronghorn 0.126000 0.305500 0.140300 0.207600 0.122000 0.126000 0.136100 0.199400 0.100200 0.103100 0.125900 0.101100 0.144100 0.112700 0.177900 0.109400 0.104700 0.094500 0.110800 0.100200 0.135200 0.162700 0.084300 0.102400 0.125900 0.121600 0.101900 0.100100 0.109200 0.099700 0.103100 0.112600 0.000000 0.114700 0.121000 0.152800 0.162700 0.109800 0.113300 0.127100 0.083000 0.109200 0.103100 0.090200 0.162600 0.111000 0.121800 0.110000 0.110000 0.152100 0.112400 0.114300
BlueWildeb 0.037600 0.294200 0.074100 0.180400 0.012000 0.037600 0.054600 0.111100 0.036200 0.074600 0.037600 0.036600 0.049900 0.023900 0.075300 0.024200 0.077400 0.066300 0.034500 0.036200 0.048900 0.074500 0.055600 0.074700 0.037600 0.036300 0.012000 0.036300 0.024200 0.036000 0.074600 0.023900 0.114700 0.000000 0.036100 0.086200 0.085400 0.000100 0.024100 0.100000 0.081000 0.024200 0.074600 0.059900 0.096800 0.049800 0.036400 0.024300 0.024300 0.117300 0.048300 0.049100
Gemsbok 0.049800 0.268400 0.086100 0.186200 0.048200 0.049800 0.061500 0.121700 0.048100 0.079900 0.049800 0.048600 0.062000 0.035700 0.087200 0.036100 0.083100 0.072300 0.036500 0.048100 0.060700 0.086400 0.061200 0.079500 0.049800 0.048100 0.024000 0.048100 0.036000 0.047800 0.079900 0.035600 0.121000 0.036100 0.000000 0.098100 0.086400 0.036200 0.036000 0.104600 0.085600 0.036000 0.079900 0.066600 0.108400 0.061800 0.048200 0.036200 0.036200 0.129900 0.060100 0.061100
Yak 0.075700 0.304600 0.111700 0.130700 0.099100 0.075700 0.119900 0.176900 0.072700 0.115300 0.075400 0.073500 0.114500 0.085100 0.140800 0.086300 0.114800 0.104400 0.070400 0.072700 0.084800 0.112300 0.094300 0.114900 0.075400 0.098700 0.073700 0.072800 0.086100 0.072200 0.115300 0.085000 0.152800 0.086200 0.098100 0.000000 0.122400 0.086600 0.086100 0.111500 0.119400 0.086100 0.115300 0.101300 0.034000 0.114300 0.098800 0.086600 0.086700 0.157800 0.084900 0.086300
BlueSheep 0.037600 0.318500 0.068400 0.174100 0.087100 0.037600 0.101700 0.164800 0.096200 0.123500 0.037600 0.096800 0.100100 0.082900 0.128900 0.074500 0.122900 0.112500 0.049600 0.096200 0.100400 0.024100 0.101400 0.122600 0.037600 0.086900 0.072500 0.095800 0.074300 0.069200 0.123500 0.083000 0.162700 0.085400 0.086400 0.122400 0.000000 0.074700 0.082200 0.148300 0.126500 0.074400 0.123500 0.109900 0.160200 0.102300 0.087000 0.074700 0.074800 0.175600 0.108400 0.109900
BohorReedb 0.037700 0.288900 0.074500 0.175300 0.012000 0.037700 0.049600 0.111300 0.036400 0.068000 0.037700 0.036800 0.050100 0.024000 0.075400 0.024300 0.071900 0.060900 0.024500 0.036400 0.049000 0.074700 0.049400 0.067700 0.037700 0.036400 0.012100 0.036400 0.024200 0.036200 0.068000 0.024000 0.109800 0.000100 0.036200 0.086600 0.074700 0.000000 0.024200 0.093000 0.074000 0.024200 0.068000 0.054400 0.097100 0.049900 0.036400 0.024400 0.024400 0.117900 0.048500 0.049300
KirksDik 0.037500 0.292600 0.073900 0.179500 0.036300 0.037500 0.052200 0.084700 0.036100 0.071400 0.037500 0.036500 0.049700 0.023800 0.075000 0.000300 0.076200 0.065300 0.029300 0.036100 0.024000 0.074400 0.053800 0.071200 0.037500 0.020000 0.012000 0.036200 0.000200 0.035900 0.071400 0.023800 0.113300 0.024100 0.036000 0.086100 0.082200 0.024200 0.000000 0.097100 0.079300 0.001800 0.071400 0.058000 0.096600 0.049600 0.011900 0.024200 0.024300 0.114700 0.048200 0.049000
RoeDeer 0.108500 0.279100 0.126500 0.169900 0.105500 0.108500 0.120600 0.172300 0.084600 0.048700 0.109200 0.085000 0.130300 0.097600 0.149800 0.091800 0.088200 0.077200 0.093900 0.084600 0.119300 0.147800 0.048300 0.048300 0.109200 0.104900 0.086200 0.084100 0.091900 0.084000 0.048700 0.097700 0.127100 0.100000 0.104600 0.111500 0.148300 0.093000 0.097100 0.000000 0.072300 0.091700 0.048700 0.036600 0.123100 0.120500 0.105000 0.092300 0.093100 0.138200 0.097200 0.098500
WhiteLippe 0.089200 0.285000 0.106700 0.171800 0.086300 0.089200 0.100700 0.163700 0.066700 0.048500 0.089100 0.067100 0.109700 0.079400 0.127900 0.073800 0.070900 0.060000 0.074600 0.066700 0.099400 0.126400 0.023800 0.048100 0.089100 0.086100 0.068000 0.066400 0.073600 0.066400 0.048500 0.079400 0.083000 0.081000 0.085600 0.119400 0.126500 0.074000 0.079300 0.072300 0.000000 0.073600 0.048500 0.036500 0.130000 0.074800 0.086200 0.074000 0.074200 0.115600 0.078900 0.080100
ThomsonGaz 0.037500 0.287400 0.074100 0.174000 0.036300 0.037500 0.049400 0.084700 0.036200 0.066700 0.037500 0.036600 0.049900 0.023900 0.075100 0.000100 0.071600 0.060700 0.024400 0.036200 0.024000 0.074400 0.049200 0.066300 0.037500 0.011100 0.012100 0.036300 0.000100 0.036000 0.066700 0.023900 0.109200 0.024200 0.036000 0.086100 0.074400 0.024200 0.001800 0.091700 0.073600 0.000000 0.066700 0.053400 0.096700 0.049600 0.011900 0.024200 0.024300 0.116200 0.048300 0.049100
MuntiacusC 0.082800 0.271100 0.101200 0.166600 0.080700 0.082800 0.095400 0.161500 0.059000 0.000000 0.083600 0.059100 0.104600 0.072400 0.124600 0.066800 0.064000 0.025900 0.068800 0.059000 0.094300 0.122900 0.024300 0.024300 0.083600 0.080100 0.060400 0.058400 0.067000 0.058600 0.000000 0.072500 0.103100 0.074600 0.079900 0.115300 0.123500 0.068000 0.071400 0.048700 0.048500 0.066700 0.000000 0.012300 0.127100 0.095400 0.080100 0.067100 0.068000 0.112500 0.072000 0.072800
WhiteTaile 0.069600 0.272900 0.086900 0.153100 0.067900 0.069600 0.081900 0.148100 0.044400 0.012300 0.069800 0.044400 0.089900 0.058100 0.110900 0.053500 0.051200 0.039500 0.055000 0.044400 0.081100 0.109300 0.012200 0.012200 0.069800 0.066800 0.045500 0.043900 0.053600 0.044100 0.012300 0.058200 0.090200 0.059900 0.066600 0.101300 0.109900 0.054400 0.058000 0.036600 0.036500 0.053400 0.012300 0.000000 0.113400 0.081700 0.066800 0.053700 0.054400 0.097200 0.057700 0.058400
Cattle 0.112900 0.280600 0.122000 0.141100 0.109500 0.112900 0.130900 0.186200 0.083400 0.127100 0.112600 0.084200 0.124900 0.095500 0.150800 0.096900 0.125200 0.115100 0.108400 0.083400 0.095200 0.149100 0.105500 0.126600 0.112600 0.109000 0.084400 0.083500 0.096700 0.082800 0.127100 0.095500 0.162600 0.096800 0.108400 0.034000 0.160200 0.097100 0.096600 0.123100 0.130000 0.096700 0.127100 0.113400 0.000000 0.124700 0.109200 0.097200 0.097200 0.168000 0.095400 0.096800
RoyalAntel 0.064500 0.285800 0.101900 0.207800 0.062300 0.064500 0.076300 0.133500 0.062200 0.095400 0.064400 0.062800 0.077100 0.049100 0.101400 0.049700 0.098300 0.087500 0.050300 0.062200 0.075400 0.102200 0.076000 0.094700 0.064400 0.062200 0.037200 0.062200 0.049600 0.061700 0.095400 0.049100 0.111000 0.049800 0.061800 0.114300 0.102300 0.049900 0.049600 0.120500 0.074800 0.049600 0.095400 0.081700 0.124700 0.000000 0.062200 0.049900 0.050000 0.124400 0.074600 0.075900
Steenbok 0.050200 0.302500 0.086700 0.188200 0.048500 0.050200 0.061900 0.097100 0.048400 0.080100 0.050100 0.049000 0.062500 0.035900 0.087800 0.011900 0.083900 0.073100 0.036700 0.048400 0.036100 0.087000 0.061700 0.079600 0.050100 0.023800 0.024200 0.048500 0.011900 0.048100 0.080100 0.035900 0.121800 0.036400 0.048200 0.098800 0.087000 0.036400 0.011900 0.105000 0.086200 0.011900 0.080100 0.066800 0.109200 0.062200 0.000000 0.036400 0.036500 0.130100 0.060600 0.061600
Impala 0.037700 0.289100 0.074500 0.175100 0.012000 0.037700 0.049600 0.111400 0.036400 0.067100 0.037700 0.036800 0.050100 0.024000 0.075400 0.024300 0.072000 0.061000 0.024600 0.036400 0.049000 0.074700 0.049500 0.066800 0.037700 0.036400 0.012100 0.036400 0.024200 0.036100 0.067100 0.024000 0.110000 0.024300 0.036200 0.086600 0.074700 0.024400 0.024200 0.092300 0.074000 0.024200 0.067100 0.053700 0.097200 0.049900 0.036400 0.000000 0.024400 0.117200 0.048500 0.049300
Klipspring 0.037800 0.289400 0.074500 0.175400 0.036500 0.037800 0.049700 0.111500 0.036400 0.068000 0.037700 0.036800 0.050200 0.024000 0.075600 0.024300 0.072100 0.061100 0.024600 0.036400 0.049100 0.074800 0.049600 0.067700 0.037700 0.036500 0.012100 0.036500 0.024300 0.036200 0.068000 0.024000 0.110000 0.024300 0.036200 0.086700 0.074800 0.024400 0.024300 0.093100 0.074200 0.024300 0.068000 0.054400 0.097200 0.050000 0.036500 0.024400 0.000000 0.118300 0.048500 0.049400
ForestMusk 0.135300 0.311500 0.144500 0.218500 0.130900 0.135300 0.146700 0.184800 0.101700 0.112500 0.135900 0.102200 0.149100 0.114900 0.161700 0.116400 0.109100 0.098800 0.118700 0.101700 0.145500 0.175500 0.089600 0.112300 0.135900 0.130000 0.103500 0.101300 0.116600 0.100900 0.112500 0.114900 0.152100 0.117300 0.129900 0.157800 0.175600 0.117900 0.114700 0.138200 0.115600 0.116200 0.112500 0.097200 0.168000 0.124400 0.130100 0.117200 0.118300 0.000000 0.114600 0.116300
Bushbuck 0.062600 0.289700 0.047800 0.178200 0.060600 0.062600 0.078400 0.133900 0.011700 0.072000 0.062500 0.036000 0.074700 0.047700 0.087100 0.048500 0.075700 0.064800 0.056400 0.011700 0.073300 0.099200 0.053800 0.072000 0.062500 0.060500 0.036100 0.011700 0.048400 0.035400 0.072000 0.047700 0.112400 0.048300 0.060100 0.084900 0.108400 0.048500 0.048200 0.097200 0.078900 0.048300 0.072000 0.057700 0.095400 0.074600 0.060600 0.048500 0.048500 0.114600 0.000000 0.023800
GreaterKud 0.063700 0.294900 0.048600 0.181400 0.061600 0.063700 0.079500 0.135900 0.011900 0.072800 0.063600 0.036700 0.076100 0.048500 0.088700 0.049200 0.077000 0.066000 0.056900 0.011900 0.074600 0.100900 0.054500 0.072700 0.063600 0.061500 0.036700 0.011900 0.049100 0.036000 0.072800 0.048500 0.114300 0.049100 0.061100 0.086300 0.109900 0.049300 0.049000 0.098500 0.080100 0.049100 0.072800 0.058400 0.096800 0.075900 0.061600 0.049300 0.049400 0.116300 0.023800 0.000000
