1
52 1
Argali 0.000000 0.214400 0.093300 0.175400 0.041800 0.000000 0.042200 0.056900 0.093300 0.118400 0.034200 0.117200 0.020700 0.056700 0.078800 0.042100 0.094100 0.102000 0.006800 0.085800 0.049500 0.006700 0.102900 0.117500 0.027300 0.056300 0.040400 0.093300 0.042100 0.093300 0.126300 0.035100 0.078900 0.027400 0.028000 0.132900 0.020800 0.041800 0.064300 0.101700 0.110800 0.042000 0.118400 0.117600 0.125200 0.049700 0.056800 0.042100 0.042400 0.109500 0.078300 0.108700
LesserMous 0.214400 0.000000 0.154200 0.172800 0.204400 0.214400 0.206600 0.180200 0.137500 0.147300 0.224200 0.129400 0.223200 0.197600 0.170500 0.196700 0.121900 0.147000 0.205200 0.145700 0.188600 0.205200 0.165000 0.147400 0.233100 0.196300 0.215100 0.154300 0.196700 0.137600 0.155800 0.206500 0.154900 0.196200 0.225800 0.129500 0.205900 0.213000 0.207000 0.146400 0.156400 0.196700 0.147300 0.130500 0.121400 0.206900 0.179800 0.196800 0.198100 0.146400 0.154300 0.154100
LesserKudu 0.093300 0.154200 0.000000 0.110300 0.093400 0.093300 0.086500 0.079200 0.013800 0.080000 0.101200 0.035100 0.101000 0.078900 0.086300 0.078800 0.042400 0.049800 0.085700 0.006900 0.086600 0.085700 0.065000 0.064600 0.108800 0.078400 0.093800 0.013800 0.078800 0.013800 0.087700 0.086500 0.056900 0.077900 0.117700 0.049500 0.101400 0.093300 0.094500 0.049700 0.072600 0.078700 0.080000 0.064700 0.042300 0.086900 0.079000 0.093800 0.079200 0.049600 0.013600 0.027200
KillerWhal 0.175400 0.172800 0.110300 0.000000 0.183600 0.175400 0.167900 0.134600 0.094400 0.144400 0.167600 0.118600 0.192500 0.167700 0.159100 0.167500 0.095000 0.087300 0.166700 0.102200 0.159400 0.166700 0.128100 0.111500 0.193100 0.149900 0.202600 0.110400 0.167500 0.094400 0.152900 0.167800 0.110500 0.184100 0.185700 0.135200 0.184900 0.166400 0.185900 0.110800 0.136700 0.167400 0.144400 0.111600 0.143900 0.177100 0.150900 0.150400 0.151400 0.118900 0.110400 0.126700
DefassaWat 0.041800 0.204400 0.093400 0.183600 0.000000 0.041800 0.056500 0.056800 0.093500 0.134000 0.063700 0.116900 0.049000 0.063200 0.063600 0.027700 0.094000 0.101800 0.034700 0.085800 0.049300 0.034700 0.118200 0.117400 0.056300 0.056200 0.056600 0.093400 0.027700 0.093400 0.142000 0.049300 0.064000 0.041900 0.064000 0.132700 0.049200 0.027400 0.049400 0.116900 0.110300 0.041800 0.134000 0.117200 0.109100 0.035000 0.056600 0.056400 0.042200 0.117200 0.078400 0.093400
Sheep 0.000000 0.214400 0.093300 0.175400 0.041800 0.000000 0.042200 0.056900 0.093300 0.118400 0.033600 0.117200 0.020100 0.056700 0.078800 0.042100 0.094100 0.102000 0.006800 0.085800 0.049500 0.006800 0.102900 0.117500 0.027800 0.056300 0.042200 0.093300 0.042100 0.093500 0.126300 0.035100 0.078900 0.027700 0.028000 0.132900 0.020400 0.041800 0.064300 0.101700 0.110800 0.042000 0.118400 0.117600 0.125200 0.049700 0.056800 0.042100 0.042400 0.109500 0.078300 0.108700
MaxwellsDu 0.042200 0.206600 0.086500 0.167900 0.056500 0.042200 0.000000 0.049900 0.086500 0.111200 0.057000 0.109700 0.064200 0.028000 0.071900 0.042200 0.087000 0.094800 0.035000 0.078900 0.049700 0.035000 0.095400 0.109500 0.056900 0.049400 0.072100 0.086500 0.042200 0.086500 0.119100 0.006900 0.087000 0.056800 0.064700 0.125300 0.049700 0.056500 0.064700 0.094300 0.103300 0.049500 0.111200 0.110100 0.117600 0.049800 0.057000 0.056900 0.042600 0.109900 0.086500 0.101800
GazellaPrz 0.056900 0.180200 0.079200 0.134600 0.056800 0.056900 0.049900 0.000000 0.064300 0.087900 0.049300 0.087100 0.064400 0.057300 0.064500 0.042500 0.049900 0.057300 0.049600 0.071800 0.020900 0.049600 0.072800 0.087200 0.056500 0.042300 0.072400 0.079300 0.042500 0.079300 0.095600 0.049900 0.049900 0.057000 0.080000 0.102500 0.049400 0.056800 0.065000 0.072000 0.080500 0.042400 0.087900 0.087300 0.110600 0.035200 0.028000 0.042500 0.028000 0.072100 0.079300 0.094600
MountainNy 0.093300 0.137500 0.013800 0.094400 0.093500 0.093300 0.086500 0.064300 0.000000 0.079900 0.101400 0.035100 0.101100 0.078900 0.086300 0.078800 0.028100 0.035300 0.085800 0.006800 0.071600 0.085800 0.064900 0.064600 0.108900 0.078500 0.093900 0.013800 0.078800 0.013500 0.087600 0.086500 0.042400 0.078200 0.117800 0.035100 0.101500 0.093400 0.094600 0.049600 0.072600 0.078700 0.079900 0.064600 0.042400 0.087000 0.064100 0.078800 0.079200 0.035100 0.013800 0.027800
MuntiacusM 0.118400 0.147300 0.080000 0.144400 0.134000 0.118400 0.111200 0.087900 0.079900 0.000000 0.126700 0.087700 0.126200 0.118900 0.110700 0.118600 0.065100 0.072800 0.110400 0.087500 0.095400 0.110400 0.035400 0.057500 0.134600 0.118200 0.135000 0.095300 0.118600 0.095300 0.035300 0.111100 0.080100 0.118300 0.143800 0.119100 0.126800 0.133600 0.135600 0.042600 0.042700 0.118600 0.000000 0.057600 0.127400 0.127500 0.103200 0.118600 0.119300 0.087900 0.095300 0.110900
goat 0.034200 0.224200 0.101200 0.167600 0.063700 0.033600 0.057000 0.049300 0.101400 0.126700 0.000000 0.125500 0.056600 0.079300 0.086600 0.064200 0.102200 0.110200 0.027800 0.093700 0.056500 0.027800 0.111100 0.125700 0.034600 0.063900 0.064400 0.101300 0.064200 0.101300 0.134700 0.057000 0.086800 0.049300 0.057300 0.141500 0.027700 0.063800 0.087300 0.109900 0.119100 0.064000 0.126700 0.125900 0.133700 0.056700 0.063900 0.064300 0.049400 0.125800 0.086100 0.117000
AfricanBuf 0.117200 0.129400 0.035100 0.118600 0.116900 0.117200 0.109700 0.087100 0.035100 0.087700 0.125500 0.000000 0.109400 0.102200 0.109400 0.101700 0.049800 0.057300 0.109300 0.028000 0.094300 0.109300 0.087600 0.087100 0.133300 0.101500 0.102200 0.035100 0.101700 0.035100 0.095400 0.110000 0.064500 0.086300 0.142300 0.042100 0.125700 0.116800 0.118400 0.071700 0.095500 0.101900 0.087700 0.087200 0.035200 0.110200 0.086700 0.117500 0.102500 0.056900 0.035100 0.049600
Topi 0.020700 0.223200 0.101000 0.192500 0.049000 0.020100 0.064200 0.064400 0.101100 0.126200 0.056600 0.109400 0.000000 0.064100 0.086400 0.049400 0.101900 0.109900 0.027700 0.093400 0.042300 0.027200 0.126600 0.141400 0.048000 0.063800 0.020900 0.101100 0.049400 0.101000 0.134200 0.056800 0.086600 0.020400 0.035200 0.141100 0.042200 0.049100 0.071900 0.125200 0.134800 0.049200 0.126200 0.141500 0.133300 0.057100 0.064300 0.049500 0.049700 0.117500 0.085900 0.116600
CommonDuik 0.056700 0.197600 0.078900 0.167700 0.063200 0.056700 0.028000 0.057300 0.078900 0.118900 0.079300 0.102200 0.064100 0.000000 0.064300 0.042300 0.064500 0.087100 0.049400 0.071400 0.049800 0.049400 0.103300 0.118100 0.071700 0.056700 0.072100 0.078900 0.042300 0.078900 0.126900 0.020900 0.079400 0.056800 0.079700 0.102200 0.064400 0.063300 0.057200 0.102200 0.111300 0.056800 0.118900 0.118200 0.094600 0.049900 0.042500 0.056900 0.042600 0.102300 0.079000 0.094100
Suni 0.078800 0.170500 0.086300 0.159100 0.063600 0.078800 0.071900 0.064500 0.086300 0.110700 0.086600 0.109400 0.086400 0.064300 0.000000 0.049200 0.086800 0.094600 0.071300 0.078800 0.071700 0.071300 0.110700 0.109900 0.079100 0.063900 0.094600 0.086300 0.049200 0.071300 0.118900 0.071800 0.086800 0.078900 0.102500 0.125000 0.086700 0.063600 0.064400 0.109500 0.102800 0.049300 0.110700 0.094300 0.101600 0.056900 0.064200 0.079100 0.064500 0.109600 0.086300 0.086200
Springbuck 0.042100 0.196700 0.078800 0.167500 0.027700 0.042100 0.042200 0.042500 0.078800 0.118600 0.064200 0.101700 0.049400 0.042300 0.049200 0.000000 0.079300 0.087000 0.034900 0.071300 0.035100 0.034900 0.102800 0.117500 0.056700 0.027800 0.057100 0.078800 0.000000 0.078800 0.126600 0.035100 0.079200 0.042100 0.064500 0.117200 0.049500 0.027700 0.035200 0.101700 0.095000 0.013800 0.118600 0.101800 0.094000 0.020500 0.042300 0.042200 0.028100 0.101900 0.078800 0.078700
Okapi 0.094100 0.121900 0.042400 0.095000 0.094000 0.094100 0.087000 0.049900 0.028100 0.065100 0.102200 0.049800 0.101900 0.064500 0.086800 0.079300 0.000000 0.021100 0.086500 0.035200 0.072000 0.086500 0.050300 0.050000 0.109800 0.078900 0.110400 0.042400 0.079300 0.042400 0.072700 0.087000 0.028100 0.094300 0.118500 0.049900 0.102300 0.093900 0.095100 0.035300 0.057800 0.079200 0.065100 0.050100 0.057400 0.087400 0.064500 0.079200 0.079700 0.035400 0.042400 0.057100
Giraffe 0.102000 0.147000 0.049800 0.087300 0.101800 0.102000 0.094800 0.057300 0.035300 0.072800 0.110200 0.057300 0.109900 0.087100 0.094600 0.087000 0.021100 0.000000 0.094300 0.042500 0.079700 0.094300 0.057800 0.057500 0.117900 0.086600 0.118600 0.049800 0.087000 0.049800 0.080400 0.094800 0.035400 0.102200 0.126700 0.072300 0.110400 0.086600 0.103100 0.042700 0.065400 0.086900 0.072800 0.057600 0.080100 0.095300 0.072100 0.086900 0.087400 0.042700 0.049900 0.064700
TibetanAnt 0.006800 0.205200 0.085700 0.166700 0.034700 0.006800 0.035000 0.049600 0.085800 0.110400 0.027800 0.109300 0.027700 0.049400 0.071300 0.034900 0.086500 0.094300 0.000000 0.078200 0.042300 0.000000 0.095000 0.109500 0.020800 0.049100 0.035000 0.085700 0.034900 0.085700 0.118200 0.027900 0.071400 0.020200 0.028000 0.124900 0.013800 0.034700 0.056900 0.094000 0.102900 0.049200 0.110400 0.109700 0.117200 0.042400 0.049500 0.035000 0.035200 0.109500 0.070800 0.101000
Sitatunga 0.085800 0.145700 0.006900 0.102200 0.085800 0.085800 0.078900 0.071800 0.006800 0.087500 0.093700 0.028000 0.093400 0.071400 0.078800 0.071300 0.035200 0.042500 0.078200 0.000000 0.079100 0.078200 0.072400 0.072000 0.101200 0.071000 0.086300 0.006800 0.071300 0.006800 0.095200 0.079000 0.049600 0.070900 0.109900 0.042200 0.093800 0.085800 0.086900 0.056900 0.080100 0.071300 0.087500 0.072100 0.035100 0.079300 0.071500 0.086300 0.071700 0.042300 0.006900 0.020300
Oribi 0.049500 0.188600 0.086600 0.159400 0.049300 0.049500 0.049700 0.020900 0.071600 0.095400 0.056500 0.094300 0.042300 0.049800 0.071700 0.035100 0.072000 0.079700 0.042300 0.079100 0.000000 0.042300 0.095400 0.110000 0.049200 0.049500 0.049900 0.086700 0.035100 0.086600 0.103200 0.042500 0.072000 0.035100 0.072300 0.109800 0.042100 0.049400 0.057400 0.094400 0.103300 0.049600 0.095400 0.110100 0.117800 0.027900 0.020800 0.035200 0.020900 0.094600 0.086700 0.102100
BarbaryShe 0.006700 0.205200 0.085700 0.166700 0.034700 0.006800 0.035000 0.049600 0.085800 0.110400 0.027800 0.109300 0.027200 0.049400 0.071300 0.034900 0.086500 0.094300 0.000000 0.078200 0.042300 0.000000 0.095000 0.109500 0.020800 0.049100 0.035000 0.085700 0.034900 0.085700 0.118200 0.027900 0.071400 0.020400 0.028000 0.124900 0.013800 0.034700 0.056900 0.094000 0.102900 0.049200 0.110400 0.109700 0.117200 0.042400 0.049500 0.035000 0.035200 0.109500 0.070800 0.101000
Daviddeer 0.102900 0.165000 0.065000 0.128100 0.118200 0.102900 0.095400 0.072800 0.064900 0.035400 0.111100 0.087600 0.126600 0.103300 0.110700 0.102800 0.050300 0.057800 0.095000 0.072400 0.095400 0.095000 0.000000 0.050100 0.118900 0.102700 0.118200 0.080000 0.102800 0.080000 0.042700 0.095700 0.065100 0.118600 0.127800 0.103600 0.111200 0.118000 0.119600 0.034600 0.006900 0.103000 0.035400 0.050100 0.111200 0.111400 0.088200 0.103000 0.103700 0.072500 0.080000 0.095400
Reindeer 0.117500 0.147400 0.064600 0.111500 0.117400 0.117500 0.109500 0.087200 0.064600 0.057500 0.125700 0.087100 0.141400 0.118100 0.109900 0.117500 0.050000 0.057500 0.109500 0.072000 0.110000 0.109500 0.050100 0.000000 0.117800 0.101900 0.150300 0.079600 0.117500 0.079600 0.050300 0.110300 0.050000 0.133400 0.126600 0.102600 0.125900 0.132600 0.134600 0.028000 0.057500 0.117900 0.057500 0.014000 0.110600 0.126100 0.102000 0.102100 0.102800 0.072100 0.079600 0.094900
Ibex 0.027300 0.233100 0.108800 0.193100 0.056300 0.027800 0.056900 0.056500 0.108900 0.134600 0.034600 0.133300 0.048000 0.071700 0.079100 0.056700 0.109800 0.117900 0.020800 0.101200 0.049200 0.020800 0.118900 0.117800 0.000000 0.071200 0.057000 0.108900 0.056700 0.108900 0.126700 0.049600 0.094300 0.042100 0.049800 0.149400 0.020400 0.056400 0.079500 0.117600 0.127000 0.071400 0.134600 0.118000 0.141500 0.049300 0.056500 0.056800 0.042100 0.133600 0.093600 0.109100
GyrantGaze 0.056300 0.196300 0.078400 0.149900 0.056200 0.056300 0.049400 0.042300 0.078500 0.118200 0.063900 0.101500 0.063800 0.056700 0.063900 0.027800 0.078900 0.086600 0.049100 0.071000 0.049500 0.049100 0.102700 0.101900 0.071200 0.000000 0.071600 0.078500 0.027800 0.078500 0.126100 0.049400 0.078900 0.056400 0.064300 0.117000 0.064000 0.056200 0.064300 0.101600 0.110600 0.027000 0.118200 0.102000 0.109400 0.049600 0.056800 0.042100 0.028000 0.101700 0.078500 0.093600
Hartebeest 0.040400 0.215100 0.093800 0.202600 0.056600 0.042200 0.072100 0.072400 0.093900 0.135000 0.064400 0.102200 0.020900 0.072100 0.094600 0.057100 0.110400 0.118600 0.035000 0.086300 0.049900 0.035000 0.118200 0.150300 0.057000 0.071600 0.000000 0.093900 0.057100 0.093900 0.143100 0.064600 0.094800 0.013600 0.050000 0.133700 0.049700 0.056700 0.080000 0.134000 0.126300 0.071800 0.135000 0.150500 0.126000 0.065000 0.072300 0.057200 0.057500 0.118100 0.078800 0.109400
Bongo 0.093300 0.154300 0.013800 0.110400 0.093400 0.093300 0.086500 0.079300 0.013800 0.095300 0.101300 0.035100 0.101100 0.078900 0.086300 0.078800 0.042400 0.049800 0.085700 0.006800 0.086700 0.085700 0.080000 0.079600 0.108900 0.078500 0.093900 0.000000 0.078800 0.013600 0.103100 0.086500 0.057000 0.078300 0.117800 0.049500 0.101400 0.093300 0.094500 0.064300 0.087800 0.078800 0.095300 0.079700 0.042400 0.086900 0.079000 0.093900 0.079200 0.049600 0.013600 0.027800
Gerenuk 0.042100 0.196700 0.078800 0.167500 0.027700 0.042100 0.042200 0.042500 0.078800 0.118600 0.064200 0.101700 0.049400 0.042300 0.049200 0.000000 0.079300 0.087000 0.034900 0.071300 0.035100 0.034900 0.102800 0.117500 0.056700 0.027800 0.057100 0.078800 0.000000 0.078800 0.126600 0.035100 0.079200 0.042100 0.064500 0.117200 0.049500 0.027700 0.035200 0.101700 0.095000 0.013800 0.118600 0.101800 0.094000 0.020900 0.042300 0.042200 0.028100 0.101900 0.078800 0.078700
CommonElan 0.093300 0.137600 0.013800 0.094400 0.093400 0.093500 0.086500 0.079300 0.013500 0.095300 0.101300 0.035100 0.101000 0.078900 0.071300 0.078800 0.042400 0.049800 0.085700 0.006800 0.086600 0.085700 0.080000 0.079600 0.108900 0.078500 0.093900 0.013600 0.078800 0.000000 0.103100 0.086500 0.057000 0.078300 0.117800 0.049500 0.101400 0.093300 0.094500 0.064300 0.087800 0.078700 0.095300 0.079700 0.042400 0.086900 0.079000 0.093800 0.079200 0.049600 0.013600 0.027800
MuntiacusR 0.126300 0.155800 0.087700 0.152900 0.142000 0.126300 0.119100 0.095600 0.087600 0.035300 0.134700 0.095400 0.134200 0.126900 0.118900 0.126600 0.072700 0.080400 0.118200 0.095200 0.103200 0.118200 0.042700 0.050300 0.126700 0.126100 0.143100 0.103100 0.126600 0.103100 0.000000 0.119000 0.087800 0.126200 0.152000 0.111000 0.118600 0.141600 0.143700 0.049900 0.050100 0.126600 0.035300 0.050300 0.119200 0.135500 0.111000 0.126500 0.127300 0.095700 0.103100 0.118900
HarveysDui 0.035100 0.206500 0.086500 0.167800 0.049300 0.035100 0.006900 0.049900 0.086500 0.111100 0.057000 0.110000 0.056800 0.020900 0.071800 0.035100 0.087000 0.094800 0.027900 0.079000 0.042500 0.027900 0.095700 0.110300 0.049600 0.049400 0.064600 0.086500 0.035100 0.086500 0.119000 0.000000 0.087000 0.049500 0.057300 0.125700 0.042500 0.049300 0.057300 0.094600 0.103600 0.049500 0.111100 0.110400 0.117900 0.042700 0.049800 0.049600 0.035400 0.110200 0.086600 0.101900
Pronghorn 0.078900 0.154900 0.056900 0.110500 0.064000 0.078900 0.087000 0.049900 0.042400 0.080100 0.086800 0.064500 0.086600 0.079400 0.086800 0.079200 0.028100 0.035400 0.071400 0.049600 0.072000 0.071400 0.065100 0.050000 0.094300 0.078900 0.094800 0.057000 0.079200 0.057000 0.087800 0.087000 0.000000 0.079100 0.102700 0.079500 0.086900 0.078700 0.095100 0.049800 0.072800 0.079200 0.080100 0.064800 0.087300 0.087400 0.064500 0.079200 0.079600 0.049800 0.042400 0.071900
BlueWildeb 0.027400 0.196200 0.077900 0.184100 0.041900 0.027700 0.056800 0.057000 0.078200 0.118300 0.049300 0.086300 0.020400 0.056800 0.078900 0.042100 0.094300 0.102200 0.020200 0.070900 0.035100 0.020400 0.118600 0.133400 0.042100 0.056400 0.013600 0.078300 0.042100 0.078300 0.126200 0.049500 0.079100 0.000000 0.049700 0.117100 0.035000 0.041900 0.064400 0.117300 0.126800 0.056600 0.118300 0.133600 0.109500 0.049800 0.056900 0.042200 0.042400 0.101800 0.063500 0.093500
Gemsbok 0.028000 0.225800 0.117700 0.185700 0.064000 0.028000 0.064700 0.080000 0.117800 0.143800 0.057300 0.142300 0.035200 0.079700 0.102500 0.064500 0.118500 0.126700 0.028000 0.109900 0.072300 0.028000 0.127800 0.126600 0.049800 0.064300 0.050000 0.117800 0.064500 0.117800 0.152000 0.057300 0.102700 0.049700 0.000000 0.158700 0.042600 0.064100 0.087700 0.126300 0.136000 0.071800 0.143800 0.126800 0.150700 0.072500 0.079900 0.049900 0.050200 0.125500 0.102100 0.133800
Yak 0.132900 0.129500 0.049500 0.135200 0.132700 0.132900 0.125300 0.102500 0.035100 0.119100 0.141500 0.042100 0.141100 0.102200 0.125000 0.117200 0.049900 0.072300 0.124900 0.042200 0.109800 0.124900 0.103600 0.102600 0.149400 0.117000 0.133700 0.049500 0.117200 0.049500 0.111000 0.125700 0.079500 0.117100 0.158700 0.000000 0.125400 0.132600 0.134300 0.086800 0.111200 0.117400 0.119100 0.102400 0.020900 0.125900 0.086600 0.117400 0.118100 0.071700 0.049500 0.064300
BlueSheep 0.020800 0.205900 0.101400 0.184900 0.049200 0.020400 0.049700 0.049400 0.101500 0.126800 0.027700 0.125700 0.042200 0.064400 0.086700 0.049500 0.102300 0.110400 0.013800 0.093800 0.042100 0.013800 0.111200 0.125900 0.020400 0.064000 0.049700 0.101400 0.049500 0.101400 0.118600 0.042500 0.086900 0.035000 0.042600 0.125400 0.000000 0.049300 0.072100 0.110000 0.119300 0.064100 0.126800 0.126100 0.117700 0.042200 0.049300 0.049600 0.035000 0.125900 0.086200 0.117100
BohorReedb 0.041800 0.213000 0.093300 0.166400 0.027400 0.041800 0.056500 0.056800 0.093400 0.133600 0.063800 0.116800 0.049100 0.063300 0.063600 0.027700 0.093900 0.086600 0.034700 0.085800 0.049400 0.034700 0.118000 0.132600 0.056400 0.056200 0.056700 0.093300 0.027700 0.093300 0.141600 0.049300 0.078700 0.041900 0.064100 0.132600 0.049300 0.000000 0.049400 0.101400 0.110100 0.041800 0.133600 0.116900 0.109000 0.035000 0.056700 0.056400 0.042300 0.117100 0.078300 0.093300
KirksDik 0.064300 0.207000 0.094500 0.185900 0.049400 0.064300 0.064700 0.065000 0.094600 0.135600 0.087300 0.118400 0.071900 0.057200 0.064400 0.035200 0.095100 0.103100 0.056900 0.086900 0.057400 0.056900 0.119600 0.134600 0.079500 0.064300 0.080000 0.094500 0.035200 0.094500 0.143700 0.057300 0.095100 0.064400 0.087700 0.134300 0.072100 0.049400 0.000000 0.118300 0.111600 0.049600 0.135600 0.118500 0.110400 0.042700 0.057400 0.064500 0.049600 0.118600 0.094600 0.094500
RoeDeer 0.101700 0.146400 0.049700 0.110800 0.116900 0.101700 0.094300 0.072000 0.049600 0.042600 0.109900 0.071700 0.125200 0.102200 0.109500 0.101700 0.035300 0.042700 0.094000 0.056900 0.094400 0.094000 0.034600 0.028000 0.117600 0.101600 0.134000 0.064300 0.101700 0.064300 0.049900 0.094600 0.049800 0.117300 0.126300 0.086800 0.110000 0.101400 0.118300 0.000000 0.042600 0.101900 0.042600 0.028000 0.094700 0.110200 0.086600 0.101900 0.102500 0.057600 0.064300 0.079400
WhiteLippe 0.110800 0.156400 0.072600 0.136700 0.110300 0.110800 0.103300 0.080500 0.072600 0.042700 0.119100 0.095500 0.134800 0.111300 0.102800 0.095000 0.057800 0.065400 0.102900 0.080100 0.103300 0.102900 0.006900 0.057500 0.127000 0.110600 0.126300 0.087800 0.095000 0.087800 0.050100 0.103600 0.072800 0.126800 0.136000 0.111200 0.119300 0.110100 0.111600 0.042600 0.000000 0.095200 0.042700 0.042800 0.103400 0.103400 0.095400 0.111000 0.111700 0.080200 0.087800 0.087700
ThomsonGaz 0.042000 0.196700 0.078700 0.167400 0.041800 0.042000 0.049500 0.042400 0.078700 0.118600 0.064000 0.101900 0.049200 0.056800 0.049300 0.013800 0.079200 0.086900 0.049200 0.071300 0.049600 0.049200 0.103000 0.117900 0.071400 0.027000 0.071800 0.078800 0.013800 0.078700 0.126600 0.049500 0.079200 0.056600 0.071800 0.117400 0.064100 0.041800 0.049600 0.101900 0.095200 0.000000 0.118600 0.102100 0.094100 0.035200 0.056900 0.056700 0.042400 0.094300 0.078800 0.078600
MuntiacusC 0.118400 0.147300 0.080000 0.144400 0.134000 0.118400 0.111200 0.087900 0.079900 0.000000 0.126700 0.087700 0.126200 0.118900 0.110700 0.118600 0.065100 0.072800 0.110400 0.087500 0.095400 0.110400 0.035400 0.057500 0.134600 0.118200 0.135000 0.095300 0.118600 0.095300 0.035300 0.111100 0.080100 0.118300 0.143800 0.119100 0.126800 0.133600 0.135600 0.042600 0.042700 0.118600 0.000000 0.057600 0.127400 0.127500 0.103200 0.118600 0.119300 0.087900 0.095300 0.110900
WhiteTaile 0.117600 0.130500 0.064700 0.111600 0.117200 0.117600 0.110100 0.087300 0.064600 0.057600 0.125900 0.087200 0.141500 0.118200 0.094300 0.101800 0.050100 0.057600 0.109700 0.072100 0.110100 0.109700 0.050100 0.014000 0.118000 0.102000 0.150500 0.079700 0.101800 0.079700 0.050300 0.110400 0.064800 0.133600 0.126800 0.102400 0.126100 0.116900 0.118500 0.028000 0.042800 0.102100 0.057600 0.000000 0.095000 0.110200 0.102200 0.102200 0.102900 0.072200 0.079700 0.079600
Cattle 0.125200 0.121400 0.042300 0.143900 0.109100 0.125200 0.117600 0.110600 0.042400 0.127400 0.133700 0.035200 0.133300 0.094600 0.101600 0.094000 0.057400 0.080100 0.117200 0.035100 0.117800 0.117200 0.111200 0.110600 0.141500 0.109400 0.126000 0.042400 0.094000 0.042400 0.119200 0.117900 0.087300 0.109500 0.150700 0.020900 0.117700 0.109000 0.110400 0.094700 0.103400 0.094100 0.127400 0.095000 0.000000 0.102300 0.094400 0.125500 0.110400 0.079500 0.042400 0.042400
RoyalAntel 0.049700 0.206900 0.086900 0.177100 0.035000 0.049700 0.049800 0.035200 0.087000 0.127500 0.056700 0.110200 0.057100 0.049900 0.056900 0.020500 0.087400 0.095300 0.042400 0.079300 0.027900 0.042400 0.111400 0.126100 0.049300 0.049600 0.065000 0.086900 0.020900 0.086900 0.135500 0.042700 0.087400 0.049800 0.072500 0.125900 0.042200 0.035000 0.042700 0.110200 0.103400 0.035200 0.127500 0.110200 0.102300 0.000000 0.035000 0.049900 0.021000 0.110400 0.087000 0.086900
Steenbok 0.056800 0.179800 0.079000 0.150900 0.056600 0.056800 0.057000 0.028000 0.064100 0.103200 0.063900 0.086700 0.064300 0.042500 0.064200 0.042300 0.064500 0.072100 0.049500 0.071500 0.020800 0.049500 0.088200 0.102000 0.056500 0.056800 0.072300 0.079000 0.042300 0.079000 0.111000 0.049800 0.064500 0.056900 0.079900 0.086600 0.049300 0.056700 0.057400 0.086600 0.095400 0.056900 0.103200 0.102200 0.094400 0.035000 0.000000 0.042400 0.028000 0.086800 0.079100 0.094300
Impala 0.042100 0.196800 0.093800 0.150400 0.056400 0.042100 0.056900 0.042500 0.078800 0.118600 0.064300 0.117500 0.049500 0.056900 0.079100 0.042200 0.079200 0.086900 0.035000 0.086300 0.035200 0.035000 0.103000 0.102100 0.056800 0.042100 0.057200 0.093900 0.042200 0.093800 0.126500 0.049600 0.079200 0.042200 0.049900 0.117400 0.049600 0.056400 0.064500 0.101900 0.111000 0.056700 0.118600 0.102200 0.125500 0.049900 0.042400 0.000000 0.028200 0.102100 0.093900 0.109400
Klipspring 0.042400 0.198100 0.079200 0.151400 0.042200 0.042400 0.042600 0.028000 0.079200 0.119300 0.049400 0.102500 0.049700 0.042600 0.064500 0.028100 0.079700 0.087400 0.035200 0.071700 0.020900 0.035200 0.103700 0.102800 0.042100 0.028000 0.057500 0.079200 0.028100 0.079200 0.127300 0.035400 0.079600 0.042400 0.050200 0.118100 0.035000 0.042300 0.049600 0.102500 0.111700 0.042400 0.119300 0.102900 0.110400 0.021000 0.028000 0.028200 0.000000 0.102700 0.079300 0.094500
ForestMusk 0.109500 0.146400 0.049600 0.118900 0.117200 0.109500 0.109900 0.072100 0.035100 0.087900 0.125800 0.056900 0.117500 0.102300 0.109600 0.101900 0.035400 0.042700 0.109500 0.042300 0.094600 0.109500 0.072500 0.072100 0.133600 0.101700 0.118100 0.049600 0.101900 0.049600 0.095700 0.110200 0.049800 0.101800 0.125500 0.071700 0.125900 0.117100 0.118600 0.057600 0.080200 0.094300 0.087900 0.072200 0.079500 0.110400 0.086800 0.102100 0.102700 0.000000 0.049600 0.064400
Bushbuck 0.078300 0.154300 0.013600 0.110400 0.078400 0.078300 0.086500 0.079300 0.013800 0.095300 0.086100 0.035100 0.085900 0.079000 0.086300 0.078800 0.042400 0.049900 0.070800 0.006900 0.086700 0.070800 0.080000 0.079600 0.093600 0.078500 0.078800 0.013600 0.078800 0.013600 0.103100 0.086600 0.042400 0.063500 0.102100 0.049500 0.086200 0.078300 0.094600 0.064300 0.087800 0.078800 0.095300 0.079700 0.042400 0.087000 0.079100 0.093900 0.079300 0.049600 0.000000 0.027900
GreaterKud 0.108700 0.154100 0.027200 0.126700 0.093400 0.108700 0.101800 0.094600 0.027800 0.110900 0.117000 0.049600 0.116600 0.094100 0.086200 0.078700 0.057100 0.064700 0.101000 0.020300 0.102100 0.101000 0.095400 0.094900 0.109100 0.093600 0.109400 0.027800 0.078700 0.027800 0.118900 0.101900 0.071900 0.093500 0.133800 0.064300 0.117100 0.093300 0.094500 0.079400 0.087700 0.078600 0.110900 0.079600 0.042400 0.086900 0.094300 0.109400 0.094500 0.064400 0.027900 0.000000
