CODONML (in paml version 4.10.7, June 2023)  /home/rachel/ruminants_paml/6406-phy-tree/ENSBTAT00000021243.fasta.phy
Model: free dN/dS Ratios for branches,  kappa = 2.000 fixed

Codon frequency model: F3x4
ns =  54  ls = 140

Codon usage in sequences
--------------------------------------------------------------------------------------------------------------------------------------
Phe TTT   0   0   0   0   0   0 | Ser TCT   1   1   1   1   1   1 | Tyr TAT   0   0   0   0   0   0 | Cys TGT   0   0   0   0   0   0
    TTC   3   3   3   3   3   3 |     TCC   1   2   2   2   2   2 |     TAC   2   2   2   2   2   2 |     TGC   1   1   1   1   1   1
Leu TTA   0   0   0   0   1   0 |     TCA   1   1   1   1   1   1 | *** TAA   0   0   0   0   0   0 | *** TGA   0   0   0   0   0   0
    TTG   1   1   1   0   0   1 |     TCG   2   1   1   1   1   1 |     TAG   0   0   0   0   0   0 | Trp TGG   0   0   0   0   0   0
--------------------------------------------------------------------------------------------------------------------------------------
Leu CTT   1   3   1   1   4   2 | Pro CCT   1   1   1   1   1   0 | His CAT   2   3   3   3   2   2 | Arg CGT   1   0   0   0   0   0
    CTC  11   7  10  11   7   9 |     CCC   0   0   0   0   0   1 |     CAC   6   5   5   5   6   6 |     CGC   0   0   0   0   0   0
    CTA   1   1   1   1   1   1 |     CCA   2   1   2   2   1   2 | Gln CAA   3   2   3   4   2   3 |     CGA   0   0   1   0   0   0
    CTG   5   7   6   6   6   6 |     CCG   0   1   0   0   1   0 |     CAG   3   4   3   2   4   3 |     CGG   2   2   2   3   2   2
--------------------------------------------------------------------------------------------------------------------------------------
Ile ATT   2   3   2   2   2   3 | Thr ACT   0   1   0   0   0   1 | Asn AAT   2   3   2   3   3   3 | Ser AGT   4   2   3   2   2   2
    ATC   4   4   4   5   4   3 |     ACC   4   4   4   4   4   3 |     AAC   3   3   3   3   3   3 |     AGC   3   4   4   4   4   4
    ATA   1   1   1   1   2   2 |     ACA   0   0   0   1   1   1 | Lys AAA   0   1   0   1   1   1 | Arg AGA   4   4   4   4   4   5
Met ATG   3   3   3   3   3   3 |     ACG   3   1   3   2   2   2 |     AAG   9   8   9   8   8   8 |     AGG   4   5   4   4   5   4
--------------------------------------------------------------------------------------------------------------------------------------
Val GTT   0   1   1   1   1   1 | Ala GCT   2   2   2   2   2   2 | Asp GAT   0   0   0   0   0   1 | Gly GGT   0   0   0   0   0   0
    GTC   2   1   1   0   0   0 |     GCC   3   3   3   3   3   2 |     GAC   7   7   7   7   7   6 |     GGC   2   2   2   2   3   2
    GTA   0   0   0   0   1   0 |     GCA   1   1   1   1   2   2 | Glu GAA   3   1   3   2   3   2 |     GGA   5   5   6   7   4   5
    GTG   5   4   5   5   4   5 |     GCG   1   2   1   1   0   1 |     GAG   5   7   5   6   5   6 |     GGG   8   8   7   6   8   8
--------------------------------------------------------------------------------------------------------------------------------------

--------------------------------------------------------------------------------------------------------------------------------------
Phe TTT   0   0   0   0   0   0 | Ser TCT   1   1   1   1   1   1 | Tyr TAT   0   0   0   0   0   0 | Cys TGT   0   0   0   0   0   0
    TTC   3   3   3   3   3   3 |     TCC   2   1   2   2   2   2 |     TAC   2   2   2   2   2   2 |     TGC   1   1   1   1   1   1
Leu TTA   0   0   0   0   0   0 |     TCA   1   1   1   1   1   1 | *** TAA   0   0   0   0   0   0 | *** TGA   0   0   0   0   0   0
    TTG   1   1   0   1   1   1 |     TCG   1   2   1   1   1   0 |     TAG   0   0   0   0   0   0 | Trp TGG   0   0   0   0   0   0
--------------------------------------------------------------------------------------------------------------------------------------
Leu CTT   1   1   1   1   1   1 | Pro CCT   1   1   1   1   1   1 | His CAT   4   2   2   2   3   2 | Arg CGT   0   1   0   0   0   0
    CTC  11  11  10  11  10   9 |     CCC   0   0   0   0   0   0 |     CAC   4   6   6   6   5   6 |     CGC   0   0   0   0   0   0
    CTA   1   1   1   1   1   2 |     CCA   2   2   1   2   2   2 | Gln CAA   3   3   3   3   3   2 |     CGA   0   0   0   0   0   0
    CTG   5   5   7   5   6   6 |     CCG   0   0   1   0   0   0 |     CAG   3   3   3   3   3   4 |     CGG   3   2   3   3   3   4
--------------------------------------------------------------------------------------------------------------------------------------
Ile ATT   2   2   2   2   2   1 | Thr ACT   0   0   0   0   0   0 | Asn AAT   2   2   2   2   2   3 | Ser AGT   3   4   3   3   3   3
    ATC   4   4   4   4   4   5 |     ACC   4   4   4   4   4   4 |     AAC   3   3   3   3   3   3 |     AGC   4   3   4   4   4   4
    ATA   1   1   1   1   1   1 |     ACA   0   0   1   0   0   0 | Lys AAA   0   0   0   0   0   1 | Arg AGA   4   4   4   4   4   4
Met ATG   3   3   3   3   3   3 |     ACG   3   3   2   3   3   3 |     AAG   9   9   9   9   9   8 |     AGG   4   4   4   4   4   3
--------------------------------------------------------------------------------------------------------------------------------------
Val GTT   0   0   0   0   1   0 | Ala GCT   2   2   2   2   2   2 | Asp GAT   0   0   0   0   0   0 | Gly GGT   0   0   0   0   0   0
    GTC   2   2   2   2   1   1 |     GCC   3   3   3   3   3   3 |     GAC   7   7   7   7   7   6 |     GGC   2   2   3   2   2   4
    GTA   0   0   0   0   0   0 |     GCA   1   1   1   1   1   1 | Glu GAA   2   3   2   2   3   2 |     GGA   5   5   5   5   5   5
    GTG   5   5   5   5   5   5 |     GCG   1   1   1   1   1   2 |     GAG   6   5   6   6   5   6 |     GGG   8   8   7   8   8   7
--------------------------------------------------------------------------------------------------------------------------------------

--------------------------------------------------------------------------------------------------------------------------------------
Phe TTT   0   0   0   0   0   0 | Ser TCT   1   1   1   1   1   1 | Tyr TAT   0   0   0   0   0   0 | Cys TGT   0   0   0   0   0   0
    TTC   3   3   3   3   3   3 |     TCC   1   2   2   2   3   2 |     TAC   2   2   2   2   2   2 |     TGC   1   1   1   1   1   1
Leu TTA   0   0   0   0   0   0 |     TCA   1   1   1   1   0   1 | *** TAA   0   0   0   0   0   0 | *** TGA   0   0   0   0   0   0
    TTG   1   1   1   1   1   1 |     TCG   2   1   1   1   1   1 |     TAG   0   0   0   0   0   0 | Trp TGG   0   0   0   0   0   0
--------------------------------------------------------------------------------------------------------------------------------------
Leu CTT   1   1   1   1   1   2 | Pro CCT   1   1   1   1   1   1 | His CAT   2   3   2   2   3   2 | Arg CGT   1   0   0   0   0   0
    CTC  11   9  11  10  10   9 |     CCC   0   0   0   0   0   0 |     CAC   6   5   6   6   5   6 |     CGC   0   0   0   0   0   0
    CTA   1   1   1   1   1   1 |     CCA   2   2   2   2   1   2 | Gln CAA   3   3   3   3   3   3 |     CGA   0   0   0   0   0   0
    CTG   5   7   5   6   6   6 |     CCG   0   0   0   0   1   0 |     CAG   3   3   3   3   3   3 |     CGG   2   3   3   3   3   3
--------------------------------------------------------------------------------------------------------------------------------------
Ile ATT   2   2   2   2   2   2 | Thr ACT   0   0   0   0   0   0 | Asn AAT   2   2   2   2   1   2 | Ser AGT   4   3   3   3   3   3
    ATC   4   4   4   4   4   4 |     ACC   4   4   4   4   4   4 |     AAC   3   3   3   3   3   3 |     AGC   3   4   4   4   4   4
    ATA   1   1   1   1   1   1 |     ACA   0   0   0   0   0   1 | Lys AAA   0   0   0   0   0   0 | Arg AGA   4   4   4   4   3   4
Met ATG   3   3   3   3   3   3 |     ACG   3   3   3   3   3   2 |     AAG   9   9   9   9  10   9 |     AGG   4   4   4   4   4   4
--------------------------------------------------------------------------------------------------------------------------------------
Val GTT   0   1   0   0   1   0 | Ala GCT   2   2   2   2   2   2 | Asp GAT   0   0   0   0   0   0 | Gly GGT   0   0   0   0   0   0
    GTC   2   1   2   2   1   2 |     GCC   3   3   3   3   3   3 |     GAC   7   7   7   7   7   7 |     GGC   2   2   2   2   2   2
    GTA   0   0   0   0   0   0 |     GCA   1   1   1   1   1   0 | Glu GAA   3   2   2   2   1   2 |     GGA   5   5   5   5   6   5
    GTG   5   5   5   5   5   6 |     GCG   1   1   1   1   1   1 |     GAG   5   6   6   6   7   6 |     GGG   8   8   8   8   8   8
--------------------------------------------------------------------------------------------------------------------------------------

--------------------------------------------------------------------------------------------------------------------------------------
Phe TTT   0   0   0   0   0   0 | Ser TCT   1   1   1   1   1   1 | Tyr TAT   1   0   0   0   0   0 | Cys TGT   0   0   0   0   0   0
    TTC   3   3   3   3   3   3 |     TCC   2   2   1   2   2   1 |     TAC   1   2   2   2   2   2 |     TGC   1   1   1   1   1   1
Leu TTA   0   0   0   0   0   0 |     TCA   1   1   1   2   1   1 | *** TAA   0   0   0   0   0   0 | *** TGA   0   0   0   0   0   0
    TTG   1   1   1   1   1   1 |     TCG   1   1   2   1   1   2 |     TAG   0   0   0   0   0   0 | Trp TGG   0   0   0   0   0   0
--------------------------------------------------------------------------------------------------------------------------------------
Leu CTT   2   2   2   1   1   1 | Pro CCT   1   1   1   1   0   1 | His CAT   3   2   2   3   2   2 | Arg CGT   0   0   1   0   0   1
    CTC   8   8  10  10  10  11 |     CCC   0   0   0   0   1   0 |     CAC   5   6   6   5   6   6 |     CGC   0   0   0   0   0   0
    CTA   2   2   1   1   1   1 |     CCA   2   2   2   2   1   2 | Gln CAA   3   2   3   3   3   3 |     CGA   0   0   0   0   0   0
    CTG   6   6   5   6   6   5 |     CCG   0   0   0   0   1   0 |     CAG   3   4   3   3   3   3 |     CGG   3   3   2   3   3   2
--------------------------------------------------------------------------------------------------------------------------------------
Ile ATT   2   2   2   2   2   2 | Thr ACT   0   0   0   0   0   0 | Asn AAT   3   3   2   2   2   2 | Ser AGT   2   2   4   3   3   4
    ATC   5   5   4   4   4   4 |     ACC   4   4   4   4   4   4 |     AAC   3   3   3   3   3   3 |     AGC   4   4   3   4   4   3
    ATA   1   1   1   1   1   1 |     ACA   0   0   0   0   0   0 | Lys AAA   1   1   0   0   0   0 | Arg AGA   5   5   4   4   4   4
Met ATG   3   3   3   3   3   3 |     ACG   3   3   3   3   3   3 |     AAG   8   8   9   9   9   9 |     AGG   3   3   4   4   4   4
--------------------------------------------------------------------------------------------------------------------------------------
Val GTT   1   1   0   1   0   0 | Ala GCT   2   2   2   2   2   2 | Asp GAT   1   0   0   0   0   0 | Gly GGT   0   0   0   0   0   0
    GTC   0   0   2   1   2   2 |     GCC   3   3   3   3   3   3 |     GAC   6   7   7   7   7   7 |     GGC   2   2   2   2   2   2
    GTA   0   0   1   0   1   0 |     GCA   1   1   1   0   1   1 | Glu GAA   2   2   2   3   2   3 |     GGA   5   5   5   5   5   5
    GTG   5   5   4   5   4   5 |     GCG   1   1   1   1   1   1 |     GAG   6   6   6   5   6   5 |     GGG   8   8   8   8   8   8
--------------------------------------------------------------------------------------------------------------------------------------

--------------------------------------------------------------------------------------------------------------------------------------
Phe TTT   0   0   0   0   0   0 | Ser TCT   1   1   1   1   1   1 | Tyr TAT   0   0   0   0   0   0 | Cys TGT   0   0   0   0   0   0
    TTC   3   3   3   3   3   3 |     TCC   2   1   1   2   2   2 |     TAC   2   2   2   2   2   2 |     TGC   1   1   1   1   1   1
Leu TTA   0   0   0   0   0   0 |     TCA   1   1   1   1   1   1 | *** TAA   0   0   0   0   0   0 | *** TGA   0   0   0   0   0   0
    TTG   1   1   1   1   1   1 |     TCG   1   2   2   1   1   1 |     TAG   0   0   0   0   0   0 | Trp TGG   0   0   0   0   0   0
--------------------------------------------------------------------------------------------------------------------------------------
Leu CTT   2   2   1   1   1   1 | Pro CCT   1   1   1   1   1   1 | His CAT   2   2   2   3   2   3 | Arg CGT   0   0   1   0   0   0
    CTC   8   8  10  10  10  10 |     CCC   0   0   0   0   0   0 |     CAC   6   6   6   5   6   5 |     CGC   0   0   0   0   0   0
    CTA   2   2   1   1   1   1 |     CCA   2   2   2   2   2   2 | Gln CAA   3   3   3   3   3   3 |     CGA   0   0   0   0   0   0
    CTG   6   6   6   6   6   6 |     CCG   0   0   0   0   0   0 |     CAG   3   3   3   3   3   3 |     CGG   4   3   2   3   3   3
--------------------------------------------------------------------------------------------------------------------------------------
Ile ATT   2   2   2   2   2   2 | Thr ACT   0   0   0   0   0   0 | Asn AAT   4   3   2   2   2   2 | Ser AGT   2   3   4   3   3   3
    ATC   5   5   4   4   4   4 |     ACC   4   4   4   4   4   4 |     AAC   2   3   3   3   3   3 |     AGC   4   3   3   4   4   4
    ATA   1   1   1   1   1   1 |     ACA   0   1   0   0   0   0 | Lys AAA   1   1   0   0   0   0 | Arg AGA   4   4   4   4   3   4
Met ATG   3   3   3   3   3   3 |     ACG   3   2   3   3   3   3 |     AAG   8   8   9   9   9   9 |     AGG   3   4   4   4   5   4
--------------------------------------------------------------------------------------------------------------------------------------
Val GTT   1   1   0   0   0   1 | Ala GCT   2   2   2   2   2   2 | Asp GAT   0   0   0   0   0   0 | Gly GGT   0   0   0   0   0   0
    GTC   0   0   2   2   2   1 |     GCC   3   3   3   3   3   3 |     GAC   7   7   7   7   7   7 |     GGC   2   2   2   2   2   2
    GTA   0   0   0   0   0   0 |     GCA   1   1   1   1   1   1 | Glu GAA   2   2   3   2   2   3 |     GGA   5   5   5   5   5   5
    GTG   5   5   5   5   5   5 |     GCG   1   1   1   1   1   1 |     GAG   6   6   5   6   6   5 |     GGG   8   8   8   8   8   8
--------------------------------------------------------------------------------------------------------------------------------------

--------------------------------------------------------------------------------------------------------------------------------------
Phe TTT   0   0   0   0   0   0 | Ser TCT   1   1   1   1   1   1 | Tyr TAT   0   0   0   0   0   0 | Cys TGT   0   0   0   0   0   0
    TTC   3   3   3   3   3   3 |     TCC   2   2   2   2   2   2 |     TAC   2   2   2   2   2   2 |     TGC   1   1   1   1   1   1
Leu TTA   0   0   0   0   0   0 |     TCA   1   1   1   1   1   1 | *** TAA   0   0   0   0   0   0 | *** TGA   0   0   0   0   0   0
    TTG   1   1   1   1   1   1 |     TCG   1   1   1   1   1   1 |     TAG   0   0   0   0   0   0 | Trp TGG   0   0   0   0   0   0
--------------------------------------------------------------------------------------------------------------------------------------
Leu CTT   2   1   1   1   2   1 | Pro CCT   1   1   1   1   1   1 | His CAT   2   3   2   2   2   2 | Arg CGT   0   0   0   0   0   0
    CTC   9  10   9  10   9  10 |     CCC   0   0   0   0   0   0 |     CAC   6   5   6   6   6   6 |     CGC   0   0   0   0   0   0
    CTA   1   1   2   1   1   1 |     CCA   1   2   2   2   2   2 | Gln CAA   3   3   2   3   2   3 |     CGA   0   0   0   0   0   0
    CTG   6   6   6   6   6   6 |     CCG   1   0   0   0   0   0 |     CAG   3   3   4   3   4   3 |     CGG   3   3   4   3   3   3
--------------------------------------------------------------------------------------------------------------------------------------
Ile ATT   2   2   1   2   2   2 | Thr ACT   0   0   0   0   0   0 | Asn AAT   2   2   3   2   2   2 | Ser AGT   3   3   3   4   3   3
    ATC   4   4   5   4   5   4 |     ACC   4   4   4   4   4   4 |     AAC   3   3   3   3   4   3 |     AGC   4   4   4   3   3   4
    ATA   1   1   1   1   1   1 |     ACA   0   0   0   0   0   0 | Lys AAA   0   0   1   0   0   0 | Arg AGA   4   4   4   4   4   3
Met ATG   3   3   3   3   3   3 |     ACG   3   3   3   3   3   3 |     AAG   9   9   8   9   9   9 |     AGG   4   4   3   4   4   5
--------------------------------------------------------------------------------------------------------------------------------------
Val GTT   0   1   0   0   1   0 | Ala GCT   2   2   2   2   2   2 | Asp GAT   1   0   0   0   0   0 | Gly GGT   0   0   0   0   0   0
    GTC   2   1   1   2   0   2 |     GCC   3   3   3   3   3   3 |     GAC   6   7   6   7   7   7 |     GGC   2   2   4   2   2   2
    GTA   0   0   0   0   0   0 |     GCA   1   1   1   1   1   1 | Glu GAA   2   3   2   2   2   2 |     GGA   5   5   5   6   5   5
    GTG   5   5   5   5   5   5 |     GCG   1   1   1   1   1   1 |     GAG   6   5   6   6   6   6 |     GGG   8   8   7   7   8   8
--------------------------------------------------------------------------------------------------------------------------------------

--------------------------------------------------------------------------------------------------------------------------------------
Phe TTT   0   0   0   0   0   0 | Ser TCT   1   1   1   1   1   1 | Tyr TAT   0   0   0   0   0   0 | Cys TGT   0   0   0   0   0   0
    TTC   3   3   3   3   3   3 |     TCC   2   2   1   2   2   2 |     TAC   2   2   2   2   2   2 |     TGC   1   1   1   1   1   1
Leu TTA   0   0   0   0   0   0 |     TCA   1   1   1   1   1   1 | *** TAA   0   0   0   0   0   0 | *** TGA   0   0   0   0   0   0
    TTG   1   1   1   1   1   1 |     TCG   1   1   2   1   1   1 |     TAG   0   0   0   0   0   0 | Trp TGG   0   0   0   0   0   0
--------------------------------------------------------------------------------------------------------------------------------------
Leu CTT   1   1   1   1   1   2 | Pro CCT   1   1   1   1   1   1 | His CAT   2   3   2   4   2   2 | Arg CGT   0   0   1   0   0   0
    CTC  11  10  11  11  10   8 |     CCC   0   0   0   0   0   0 |     CAC   6   5   6   4   6   6 |     CGC   0   0   0   0   0   0
    CTA   1   2   1   1   1   2 |     CCA   2   2   2   2   2   2 | Gln CAA   3   3   3   3   3   3 |     CGA   0   0   0   0   0   0
    CTG   5   5   5   5   6   6 |     CCG   0   0   0   0   0   0 |     CAG   3   3   3   3   3   3 |     CGG   3   3   2   3   3   3
--------------------------------------------------------------------------------------------------------------------------------------
Ile ATT   2   2   2   2   2   2 | Thr ACT   0   0   0   0   0   0 | Asn AAT   2   2   2   2   2   3 | Ser AGT   3   3   4   3   4   2
    ATC   4   4   4   4   4   5 |     ACC   4   4   4   4   4   4 |     AAC   3   3   3   3   3   3 |     AGC   4   4   3   4   3   4
    ATA   1   1   1   1   1   1 |     ACA   0   0   0   0   0   0 | Lys AAA   0   0   0   0   0   1 | Arg AGA   4   4   4   4   4   4
Met ATG   3   3   3   3   3   3 |     ACG   3   3   3   3   3   3 |     AAG   9   9   9   9   9   8 |     AGG   4   4   4   4   4   4
--------------------------------------------------------------------------------------------------------------------------------------
Val GTT   0   1   0   1   0   1 | Ala GCT   2   2   2   2   2   2 | Asp GAT   0   1   0   0   0   0 | Gly GGT   0   0   0   0   0   0
    GTC   2   1   2   1   2   0 |     GCC   3   3   3   3   3   3 |     GAC   7   6   7   7   7   7 |     GGC   2   2   2   2   2   2
    GTA   0   0   0   0   0   0 |     GCA   1   1   1   1   1   1 | Glu GAA   2   2   3   2   2   2 |     GGA   5   5   5   5   5   5
    GTG   5   5   5   5   5   5 |     GCG   1   1   1   1   1   1 |     GAG   6   6   5   6   6   6 |     GGG   8   8   8   8   8   8
--------------------------------------------------------------------------------------------------------------------------------------

--------------------------------------------------------------------------------------------------------------------------------------
Phe TTT   0   0   0   0   0   0 | Ser TCT   1   1   1   1   1   1 | Tyr TAT   0   0   0   0   0   0 | Cys TGT   0   0   0   0   0   0
    TTC   3   3   3   3   3   3 |     TCC   2   2   2   1   2   2 |     TAC   2   2   2   2   2   2 |     TGC   1   1   1   1   1   1
Leu TTA   0   0   0   0   0   0 |     TCA   1   1   1   1   1   1 | *** TAA   0   0   0   0   0   0 | *** TGA   0   0   0   0   0   0
    TTG   1   1   1   1   1   0 |     TCG   1   1   1   2   1   1 |     TAG   0   0   0   0   0   0 | Trp TGG   0   0   0   0   0   0
--------------------------------------------------------------------------------------------------------------------------------------
Leu CTT   2   1   1   3   1   1 | Pro CCT   1   1   1   1   1   1 | His CAT   2   3   2   2   3   3 | Arg CGT   0   0   0   0   0   0
    CTC   7  10   9   7  10   9 |     CCC   0   0   0   0   0   0 |     CAC   6   5   6   6   5   5 |     CGC   0   0   0   0   0   1
    CTA   2   1   2   2   2   2 |     CCA   2   2   2   2   2   2 | Gln CAA   3   3   2   3   3   3 |     CGA   0   0   0   0   1   0
    CTG   7   6   6   6   5   7 |     CCG   0   0   0   0   0   0 |     CAG   3   3   4   3   3   3 |     CGG   4   3   4   3   2   2
--------------------------------------------------------------------------------------------------------------------------------------
Ile ATT   2   2   1   2   2   2 | Thr ACT   0   0   0   0   0   0 | Asn AAT   4   2   3   3   2   2 | Ser AGT   2   4   4   3   3   3
    ATC   5   4   5   5   4   4 |     ACC   4   4   4   4   4   4 |     AAC   2   3   3   3   3   3 |     AGC   4   3   3   3   4   4
    ATA   1   1   1   1   1   1 |     ACA   0   0   0   0   0   1 | Lys AAA   1   0   1   1   0   0 | Arg AGA   4   4   4   4   4   3
Met ATG   3   3   3   3   3   3 |     ACG   3   3   3   3   3   2 |     AAG   8   9   8   8   9   9 |     AGG   3   4   3   4   4   5
--------------------------------------------------------------------------------------------------------------------------------------
Val GTT   1   0   0   1   1   0 | Ala GCT   2   2   2   2   2   2 | Asp GAT   0   0   0   0   0   0 | Gly GGT   0   1   0   0   0   0
    GTC   0   2   1   0   1   2 |     GCC   3   3   3   3   3   3 |     GAC   7   7   6   7   7   7 |     GGC   2   2   4   2   2   2
    GTA   0   0   0   0   0   0 |     GCA   1   1   1   1   1   1 | Glu GAA   2   2   2   2   2   2 |     GGA   5   5   5   5   5   5
    GTG   5   5   5   5   5   5 |     GCG   1   1   1   1   1   1 |     GAG   6   6   6   6   6   6 |     GGG   8   7   7   8   8   8
--------------------------------------------------------------------------------------------------------------------------------------

--------------------------------------------------------------------------------------------------------------------------------------
Phe TTT   0   0   0   0   0   0 | Ser TCT   2   1   2   1   1   1 | Tyr TAT   1   0   0   0   0   0 | Cys TGT   0   0   0   0   0   0
    TTC   3   3   3   3   3   3 |     TCC   1   2   1   2   2   2 |     TAC   1   2   2   2   2   2 |     TGC   1   1   1   1   1   1
Leu TTA   0   0   0   0   0   0 |     TCA   1   1   1   1   1   1 | *** TAA   0   0   0   0   0   0 | *** TGA   0   0   0   0   0   0
    TTG   1   1   1   0   1   1 |     TCG   1   1   1   1   1   1 |     TAG   0   0   0   0   0   0 | Trp TGG   0   0   0   0   0   0
--------------------------------------------------------------------------------------------------------------------------------------
Leu CTT   1   1   1   1   1   1 | Pro CCT   1   1   1   1   1   1 | His CAT   3   2   2   3   3   3 | Arg CGT   0   0   0   0   0   0
    CTC  10  11  10  11  10  10 |     CCC   0   0   0   0   0   0 |     CAC   5   6   6   5   5   5 |     CGC   0   0   0   0   0   0
    CTA   1   1   1   1   1   1 |     CCA   2   2   1   2   2   2 | Gln CAA   3   3   3   4   3   3 |     CGA   0   0   0   0   0   0
    CTG   6   5   6   6   6   6 |     CCG   0   0   1   0   0   0 |     CAG   3   3   3   2   3   3 |     CGG   3   4   3   3   3   3
--------------------------------------------------------------------------------------------------------------------------------------
Ile ATT   2   2   2   2   2   2 | Thr ACT   0   0   0   0   0   0 | Asn AAT   2   2   2   3   2   2 | Ser AGT   4   3   3   2   3   3
    ATC   4   4   4   5   4   4 |     ACC   4   4   4   4   4   4 |     AAC   3   3   3   3   3   3 |     AGC   3   4   4   4   4   4
    ATA   1   1   1   1   1   1 |     ACA   0   1   0   1   0   1 | Lys AAA   0   0   0   1   0   0 | Arg AGA   4   4   4   4   4   4
Met ATG   3   3   3   3   3   3 |     ACG   3   2   3   2   3   2 |     AAG  10   9   9   8   9   9 |     AGG   3   3   4   4   4   4
--------------------------------------------------------------------------------------------------------------------------------------
Val GTT   0   0   0   1   1   1 | Ala GCT   2   2   2   2   2   2 | Asp GAT   0   1   0   0   0   0 | Gly GGT   0   0   0   0   0   0
    GTC   2   2   2   0   1   1 |     GCC   3   3   3   3   3   3 |     GAC   7   6   7   7   7   7 |     GGC   2   2   2   2   2   3
    GTA   0   0   0   0   0   0 |     GCA   1   1   1   1   1   1 | Glu GAA   2   2   2   2   3   3 |     GGA   6   4   5   7   5   5
    GTG   5   5   5   5   5   5 |     GCG   1   1   1   1   1   1 |     GAG   6   6   6   6   5   5 |     GGG   7   9   8   6   8   7
--------------------------------------------------------------------------------------------------------------------------------------

Codon position x base (3x4) table for each sequence.

#1: Argali         
position  1:    T:0.08571    C:0.27143    A:0.32857    G:0.31429
position  2:    T:0.27857    C:0.15714    A:0.32143    G:0.24286
position  3:    T:0.11429    C:0.37143    A:0.15000    G:0.36429
Average         T:0.15952    C:0.26667    A:0.26667    G:0.30714

#2: LesserMouseDeer
position  1:    T:0.08571    C:0.26429    A:0.33571    G:0.31429
position  2:    T:0.27857    C:0.15714    A:0.32857    G:0.23571
position  3:    T:0.14286    C:0.34286    A:0.12857    G:0.38571
Average         T:0.16905    C:0.25476    A:0.26429    G:0.31190

#3: LesserKudu     
position  1:    T:0.08571    C:0.27143    A:0.32857    G:0.31429
position  2:    T:0.27857    C:0.15714    A:0.32143    G:0.24286
position  3:    T:0.11429    C:0.36429    A:0.16429    G:0.35714
Average         T:0.15952    C:0.26429    A:0.27143    G:0.30476

#4: ForestMuskDeer2
position  1:    T:0.07857    C:0.27857    A:0.33571    G:0.30714
position  2:    T:0.27857    C:0.15714    A:0.32857    G:0.23571
position  3:    T:0.11429    C:0.37143    A:0.17857    G:0.33571
Average         T:0.15714    C:0.26905    A:0.28095    G:0.29286

#5: Camel          
position  1:    T:0.08571    C:0.26429    A:0.34286    G:0.30714
position  2:    T:0.27857    C:0.15714    A:0.32857    G:0.23571
position  3:    T:0.12857    C:0.35000    A:0.17143    G:0.35000
Average         T:0.16429    C:0.25714    A:0.28095    G:0.29762

#6: KillerWhale    
position  1:    T:0.08571    C:0.26429    A:0.34286    G:0.30714
position  2:    T:0.27857    C:0.15714    A:0.32857    G:0.23571
position  3:    T:0.12857    C:0.33571    A:0.17857    G:0.35714
Average         T:0.16429    C:0.25238    A:0.28333    G:0.30000

#7: DefassaWaterbuck
position  1:    T:0.08571    C:0.27143    A:0.32857    G:0.31429
position  2:    T:0.27857    C:0.15714    A:0.32143    G:0.24286
position  3:    T:0.11429    C:0.37143    A:0.14286    G:0.37143
Average         T:0.15952    C:0.26667    A:0.26429    G:0.30952

#8: Sheep          
position  1:    T:0.08571    C:0.27143    A:0.32857    G:0.31429
position  2:    T:0.27857    C:0.15714    A:0.32143    G:0.24286
position  3:    T:0.11429    C:0.37143    A:0.15000    G:0.36429
Average         T:0.15952    C:0.26667    A:0.26667    G:0.30714

#9: MaxwellsDuiker 
position  1:    T:0.07857    C:0.27857    A:0.32857    G:0.31429
position  2:    T:0.27857    C:0.15714    A:0.32143    G:0.24286
position  3:    T:0.10000    C:0.38571    A:0.14286    G:0.37143
Average         T:0.15238    C:0.27381    A:0.26429    G:0.30952

#10: GazellaPrzewalskyi
position  1:    T:0.08571    C:0.27143    A:0.32857    G:0.31429
position  2:    T:0.27857    C:0.15714    A:0.32143    G:0.24286
position  3:    T:0.10000    C:0.38571    A:0.14286    G:0.37143
Average         T:0.15476    C:0.27143    A:0.26429    G:0.30952

#11: MountainNyala  
position  1:    T:0.08571    C:0.27143    A:0.32857    G:0.31429
position  2:    T:0.27857    C:0.15714    A:0.32143    G:0.24286
position  3:    T:0.11429    C:0.36429    A:0.15000    G:0.37143
Average         T:0.15952    C:0.26429    A:0.26667    G:0.30952

#12: MuntiacusMuntjak
position  1:    T:0.07857    C:0.27857    A:0.32857    G:0.31429
position  2:    T:0.27143    C:0.15714    A:0.32143    G:0.25000
position  3:    T:0.10000    C:0.37857    A:0.15000    G:0.37143
Average         T:0.15000    C:0.27143    A:0.26667    G:0.31190

#13: goat           
position  1:    T:0.08571    C:0.27143    A:0.32857    G:0.31429
position  2:    T:0.27857    C:0.15714    A:0.32143    G:0.24286
position  3:    T:0.11429    C:0.37143    A:0.15000    G:0.36429
Average         T:0.15952    C:0.26667    A:0.26667    G:0.30714

#14: AfricanBuffalo 
position  1:    T:0.08571    C:0.27143    A:0.32857    G:0.31429
position  2:    T:0.27857    C:0.15714    A:0.32143    G:0.24286
position  3:    T:0.11429    C:0.35714    A:0.14286    G:0.38571
Average         T:0.15952    C:0.26190    A:0.26429    G:0.31429

#15: Topi           
position  1:    T:0.08571    C:0.27143    A:0.32857    G:0.31429
position  2:    T:0.27857    C:0.15714    A:0.32143    G:0.24286
position  3:    T:0.10000    C:0.38571    A:0.14286    G:0.37143
Average         T:0.15476    C:0.27143    A:0.26429    G:0.30952

#16: CommonDuiker   
position  1:    T:0.08571    C:0.27143    A:0.32857    G:0.31429
position  2:    T:0.27857    C:0.15714    A:0.32143    G:0.24286
position  3:    T:0.10000    C:0.37857    A:0.14286    G:0.37857
Average         T:0.15476    C:0.26905    A:0.26429    G:0.31190

#17: Suni           
position  1:    T:0.08571    C:0.27143    A:0.32143    G:0.32143
position  2:    T:0.27857    C:0.15714    A:0.32143    G:0.24286
position  3:    T:0.10714    C:0.37143    A:0.12143    G:0.40000
Average         T:0.15714    C:0.26667    A:0.25476    G:0.32143

#18: Springbuck     
position  1:    T:0.08571    C:0.27143    A:0.32857    G:0.31429
position  2:    T:0.28571    C:0.15000    A:0.32143    G:0.24286
position  3:    T:0.10714    C:0.37143    A:0.14286    G:0.37857
Average         T:0.15952    C:0.26429    A:0.26429    G:0.31190

#19: Okapi          
position  1:    T:0.08571    C:0.27143    A:0.33571    G:0.30714
position  2:    T:0.27857    C:0.15714    A:0.32857    G:0.23571
position  3:    T:0.13571    C:0.33571    A:0.16429    G:0.36429
Average         T:0.16667    C:0.25476    A:0.27619    G:0.30238

#20: Giraffe        
position  1:    T:0.08571    C:0.27143    A:0.33571    G:0.30714
position  2:    T:0.27857    C:0.15714    A:0.32857    G:0.23571
position  3:    T:0.11429    C:0.35714    A:0.15714    G:0.37143
Average         T:0.15952    C:0.26190    A:0.27381    G:0.30476

#21: TibetanAntelope
position  1:    T:0.08571    C:0.27143    A:0.32857    G:0.31429
position  2:    T:0.27857    C:0.15714    A:0.32143    G:0.24286
position  3:    T:0.12143    C:0.36429    A:0.15000    G:0.36429
Average         T:0.16190    C:0.26429    A:0.26667    G:0.30714

#22: Sitatunga      
position  1:    T:0.09286    C:0.27143    A:0.32857    G:0.30714
position  2:    T:0.27857    C:0.15714    A:0.32143    G:0.24286
position  3:    T:0.11429    C:0.36429    A:0.15000    G:0.37143
Average         T:0.16190    C:0.26429    A:0.26667    G:0.30714

#23: Oribi          
position  1:    T:0.08571    C:0.27143    A:0.32857    G:0.31429
position  2:    T:0.27857    C:0.15714    A:0.32143    G:0.24286
position  3:    T:0.09286    C:0.38571    A:0.14286    G:0.37857
Average         T:0.15238    C:0.27143    A:0.26429    G:0.31190

#24: BarbarySheep   
position  1:    T:0.08571    C:0.27143    A:0.32857    G:0.31429
position  2:    T:0.27857    C:0.15714    A:0.32143    G:0.24286
position  3:    T:0.11429    C:0.37143    A:0.15000    G:0.36429
Average         T:0.15952    C:0.26667    A:0.26667    G:0.30714

#25: Daviddeer      
position  1:    T:0.08571    C:0.27857    A:0.32857    G:0.30714
position  2:    T:0.27857    C:0.15714    A:0.32857    G:0.23571
position  3:    T:0.12143    C:0.35000    A:0.15714    G:0.37143
Average         T:0.16190    C:0.26190    A:0.27143    G:0.30476

#26: Reindeer       
position  1:    T:0.08571    C:0.27143    A:0.33571    G:0.30714
position  2:    T:0.27857    C:0.15714    A:0.32857    G:0.23571
position  3:    T:0.12143    C:0.34286    A:0.16429    G:0.37143
Average         T:0.16190    C:0.25714    A:0.27619    G:0.30476

#27: Ibex           
position  1:    T:0.08571    C:0.27143    A:0.32857    G:0.31429
position  2:    T:0.27857    C:0.15714    A:0.32143    G:0.24286
position  3:    T:0.11429    C:0.36429    A:0.15000    G:0.37143
Average         T:0.15952    C:0.26429    A:0.26667    G:0.30952

#28: GyrantGazelle  
position  1:    T:0.08571    C:0.27143    A:0.32857    G:0.31429
position  2:    T:0.27857    C:0.15714    A:0.32143    G:0.24286
position  3:    T:0.10714    C:0.37143    A:0.14286    G:0.37857
Average         T:0.15714    C:0.26667    A:0.26429    G:0.31190

#29: Hartebeest     
position  1:    T:0.08571    C:0.27143    A:0.32857    G:0.31429
position  2:    T:0.27857    C:0.15714    A:0.32143    G:0.24286
position  3:    T:0.10000    C:0.37857    A:0.13571    G:0.38571
Average         T:0.15476    C:0.26905    A:0.26190    G:0.31429

#30: Bongo          
position  1:    T:0.08571    C:0.27143    A:0.32857    G:0.31429
position  2:    T:0.27857    C:0.15714    A:0.32143    G:0.24286
position  3:    T:0.11429    C:0.36429    A:0.15000    G:0.37143
Average         T:0.15952    C:0.26429    A:0.26667    G:0.30952

#31: Gerenuk        
position  1:    T:0.08571    C:0.27143    A:0.32857    G:0.31429
position  2:    T:0.27857    C:0.15714    A:0.32143    G:0.24286
position  3:    T:0.11429    C:0.36429    A:0.13571    G:0.38571
Average         T:0.15952    C:0.26429    A:0.26190    G:0.31429

#32: CommonEland    
position  1:    T:0.08571    C:0.27143    A:0.32857    G:0.31429
position  2:    T:0.27857    C:0.15714    A:0.32143    G:0.24286
position  3:    T:0.11429    C:0.36429    A:0.15000    G:0.37143
Average         T:0.15952    C:0.26429    A:0.26667    G:0.30952

#33: MuntiacusReevesi
position  1:    T:0.08571    C:0.27857    A:0.32857    G:0.30714
position  2:    T:0.27143    C:0.15714    A:0.32143    G:0.25000
position  3:    T:0.10000    C:0.37857    A:0.15000    G:0.37143
Average         T:0.15238    C:0.27143    A:0.26667    G:0.30952

#34: HarveysDuiker  
position  1:    T:0.08571    C:0.27143    A:0.32857    G:0.31429
position  2:    T:0.27857    C:0.15714    A:0.32143    G:0.24286
position  3:    T:0.10714    C:0.37143    A:0.15000    G:0.37143
Average         T:0.15714    C:0.26667    A:0.26667    G:0.30952

#35: Pronghorn      
position  1:    T:0.08571    C:0.27143    A:0.33571    G:0.30714
position  2:    T:0.27857    C:0.15714    A:0.32857    G:0.23571
position  3:    T:0.11429    C:0.36429    A:0.13571    G:0.38571
Average         T:0.15952    C:0.26429    A:0.26667    G:0.30952

#36: BlueWildebeest 
position  1:    T:0.08571    C:0.27143    A:0.32857    G:0.31429
position  2:    T:0.27857    C:0.15714    A:0.32143    G:0.24286
position  3:    T:0.10000    C:0.37857    A:0.13571    G:0.38571
Average         T:0.15476    C:0.26905    A:0.26190    G:0.31429

#37: Gemsbok        
position  1:    T:0.08571    C:0.27143    A:0.32857    G:0.31429
position  2:    T:0.27857    C:0.15714    A:0.32143    G:0.24286
position  3:    T:0.10000    C:0.38571    A:0.14286    G:0.37143
Average         T:0.15476    C:0.27143    A:0.26429    G:0.30952

#38: Yak            
position  1:    T:0.08571    C:0.27143    A:0.32857    G:0.31429
position  2:    T:0.27857    C:0.15714    A:0.32143    G:0.24286
position  3:    T:0.12143    C:0.35714    A:0.15000    G:0.37143
Average         T:0.16190    C:0.26190    A:0.26667    G:0.30952

#39: BlueSheep      
position  1:    T:0.08571    C:0.27143    A:0.32857    G:0.31429
position  2:    T:0.27857    C:0.15714    A:0.32143    G:0.24286
position  3:    T:0.11429    C:0.37143    A:0.15000    G:0.36429
Average         T:0.15952    C:0.26667    A:0.26667    G:0.30714

#40: BohorReedbuck  
position  1:    T:0.08571    C:0.27143    A:0.32857    G:0.31429
position  2:    T:0.27857    C:0.15714    A:0.32143    G:0.24286
position  3:    T:0.12143    C:0.36429    A:0.14286    G:0.37143
Average         T:0.16190    C:0.26429    A:0.26429    G:0.30952

#41: KirksDik       
position  1:    T:0.08571    C:0.27143    A:0.32857    G:0.31429
position  2:    T:0.27857    C:0.15714    A:0.32143    G:0.24286
position  3:    T:0.10714    C:0.37143    A:0.14286    G:0.37857
Average         T:0.15714    C:0.26667    A:0.26429    G:0.31190

#42: RoeDeer        
position  1:    T:0.08571    C:0.27143    A:0.33571    G:0.30714
position  2:    T:0.27857    C:0.15714    A:0.32857    G:0.23571
position  3:    T:0.11429    C:0.35714    A:0.15714    G:0.37143
Average         T:0.15952    C:0.26190    A:0.27381    G:0.30476

#43: WhiteLippedDeer
position  1:    T:0.08571    C:0.27857    A:0.32857    G:0.30714
position  2:    T:0.27857    C:0.15714    A:0.32857    G:0.23571
position  3:    T:0.12143    C:0.34286    A:0.15714    G:0.37857
Average         T:0.16190    C:0.25952    A:0.27143    G:0.30714

#44: ThomsonGazelle 
position  1:    T:0.08571    C:0.27143    A:0.32857    G:0.31429
position  2:    T:0.27857    C:0.15714    A:0.32143    G:0.24286
position  3:    T:0.12143    C:0.36429    A:0.14286    G:0.37143
Average         T:0.16190    C:0.26429    A:0.26429    G:0.30952

#45: MuntiacusCrinifrons
position  1:    T:0.08571    C:0.27857    A:0.32857    G:0.30714
position  2:    T:0.27143    C:0.15714    A:0.32143    G:0.25000
position  3:    T:0.10714    C:0.37143    A:0.15000    G:0.37143
Average         T:0.15476    C:0.26905    A:0.26667    G:0.30952

#46: WhiteTailedDeer
position  1:    T:0.08571    C:0.27143    A:0.33571    G:0.30714
position  2:    T:0.27857    C:0.15714    A:0.32857    G:0.23571
position  3:    T:0.12857    C:0.33571    A:0.15714    G:0.37857
Average         T:0.16429    C:0.25476    A:0.27381    G:0.30714

#47: Cattle         
position  1:    T:0.08571    C:0.27143    A:0.32857    G:0.31429
position  2:    T:0.27857    C:0.15714    A:0.32143    G:0.24286
position  3:    T:0.11429    C:0.36429    A:0.15714    G:0.36429
Average         T:0.15952    C:0.26429    A:0.26905    G:0.30714

#48: RoyalAntelope  
position  1:    T:0.07857    C:0.27857    A:0.32857    G:0.31429
position  2:    T:0.27857    C:0.15714    A:0.32143    G:0.24286
position  3:    T:0.10714    C:0.37143    A:0.15000    G:0.37143
Average         T:0.15476    C:0.26905    A:0.26667    G:0.30952

#49: Steenbok       
position  1:    T:0.08571    C:0.27143    A:0.32857    G:0.31429
position  2:    T:0.27857    C:0.15714    A:0.32857    G:0.23571
position  3:    T:0.12857    C:0.35000    A:0.15000    G:0.37143
Average         T:0.16429    C:0.25952    A:0.26905    G:0.30714

#50: Impala         
position  1:    T:0.08571    C:0.27857    A:0.32143    G:0.31429
position  2:    T:0.27857    C:0.15714    A:0.32143    G:0.24286
position  3:    T:0.10714    C:0.37857    A:0.14286    G:0.37143
Average         T:0.15714    C:0.27143    A:0.26190    G:0.30952

#51: Klipspringer   
position  1:    T:0.08571    C:0.27143    A:0.32857    G:0.31429
position  2:    T:0.27857    C:0.15714    A:0.32143    G:0.24286
