1
52 1
Argali 0.000000 0.201100 0.075800 0.202100 0.076900 0.000100 0.060300 0.060800 0.060100 0.029900 0.029400 0.044400 0.029300 0.076200 0.093700 0.109700 0.091800 0.092500 0.000100 0.060300 0.060400 0.029600 0.060800 0.045200 0.014600 0.093000 0.060000 0.060300 0.076200 0.091800 0.029900 0.044900 0.077800 0.044300 0.029300 0.014600 0.029300 0.077400 0.107700 0.045300 0.045500 0.093500 0.029900 0.030100 0.029500 0.044600 0.060800 0.078100 0.074300 0.045000 0.060100 0.060100
LesserMous 0.201100 0.000000 0.234100 0.427700 0.283100 0.201100 0.253100 0.218700 0.215800 0.239000 0.237600 0.231200 0.216800 0.277600 0.301200 0.279300 0.268400 0.272100 0.199500 0.215100 0.216500 0.239700 0.267400 0.256200 0.219400 0.260000 0.217200 0.215700 0.242000 0.256400 0.239000 0.237900 0.248600 0.236900 0.219500 0.219600 0.237500 0.284300 0.263500 0.258600 0.249100 0.260900 0.239000 0.239500 0.215400 0.234200 0.218700 0.265100 0.278400 0.251200 0.215800 0.215800
LesserKudu 0.075800 0.234100 0.000000 0.299500 0.092500 0.075800 0.107400 0.108300 0.014500 0.044900 0.074900 0.076200 0.106600 0.091400 0.109600 0.091800 0.107200 0.108000 0.075000 0.014500 0.107900 0.075600 0.076100 0.060300 0.059400 0.108200 0.107300 0.014500 0.093200 0.044200 0.044900 0.059900 0.093600 0.090500 0.075000 0.059600 0.074900 0.093000 0.157600 0.060500 0.060700 0.109200 0.044900 0.045100 0.044200 0.091200 0.108300 0.110500 0.107400 0.091800 0.014500 0.014500
KillerWhal 0.202100 0.427700 0.299500 0.000000 0.263200 0.201900 0.258800 0.262100 0.279100 0.236900 0.257200 0.243700 0.236300 0.280800 0.263900 0.327200 0.314100 0.317000 0.217500 0.279400 0.259700 0.259500 0.276500 0.255900 0.237500 0.305200 0.279200 0.279700 0.267600 0.321800 0.236900 0.240500 0.306100 0.256500 0.237700 0.238600 0.253700 0.264800 0.299500 0.256900 0.258100 0.306800 0.236900 0.237500 0.238500 0.238300 0.262100 0.283300 0.239400 0.216500 0.279100 0.279100
DefassaWat 0.076900 0.283100 0.092500 0.263200 0.000000 0.076900 0.075700 0.076600 0.076500 0.045700 0.076100 0.077600 0.108100 0.060400 0.077300 0.092700 0.109000 0.110100 0.076100 0.076700 0.076100 0.076700 0.077300 0.061200 0.060400 0.076600 0.109100 0.076700 0.061400 0.109600 0.045700 0.029700 0.095500 0.091800 0.076200 0.060500 0.076100 0.000100 0.124800 0.061500 0.061800 0.077000 0.045700 0.045800 0.045000 0.060000 0.076600 0.078000 0.109300 0.093600 0.076500 0.076500
Sheep 0.000100 0.201100 0.075800 0.201900 0.076900 0.000000 0.060200 0.060800 0.060100 0.029900 0.029300 0.044400 0.029200 0.076200 0.093600 0.109600 0.091800 0.092500 0.000100 0.060300 0.060400 0.029600 0.060800 0.045200 0.014600 0.093000 0.060000 0.060300 0.076200 0.091800 0.029900 0.044900 0.077800 0.044300 0.029300 0.014600 0.029300 0.077300 0.107600 0.045300 0.045400 0.093500 0.029900 0.030100 0.029500 0.044600 0.060800 0.078100 0.074300 0.044900 0.060100 0.060100
MaxwellsDu 0.060300 0.253100 0.107400 0.258800 0.075700 0.060200 0.000000 0.059300 0.091200 0.060600 0.091100 0.092500 0.090900 0.074800 0.092400 0.107500 0.123900 0.124800 0.059600 0.091600 0.059400 0.091900 0.092400 0.045100 0.075200 0.091600 0.124300 0.091700 0.076300 0.123900 0.060600 0.044100 0.110500 0.107000 0.091100 0.075400 0.091000 0.076100 0.106300 0.076500 0.076800 0.091900 0.060600 0.060800 0.060100 0.044000 0.059700 0.093100 0.124200 0.075900 0.091200 0.091200
GazellaPrz 0.060800 0.218700 0.108300 0.262100 0.076600 0.060800 0.059300 0.000000 0.092800 0.061200 0.091900 0.093700 0.091600 0.059900 0.093200 0.044400 0.092500 0.126500 0.060100 0.092600 0.000100 0.075300 0.093400 0.077000 0.076000 0.029200 0.125500 0.092500 0.014700 0.125300 0.061200 0.044600 0.078600 0.107900 0.092000 0.076200 0.091900 0.077000 0.043800 0.077300 0.077600 0.029500 0.061200 0.061400 0.060200 0.044400 0.000000 0.094000 0.125600 0.076800 0.092100 0.092100
MountainNy 0.060100 0.215800 0.014500 0.279100 0.076500 0.060100 0.091200 0.092800 0.000000 0.029700 0.059500 0.060600 0.090600 0.075600 0.093100 0.075800 0.091200 0.092000 0.059500 0.000100 0.091700 0.060000 0.060400 0.044800 0.044200 0.092100 0.091200 0.000100 0.077100 0.029200 0.029700 0.044600 0.077400 0.074800 0.059500 0.044400 0.059400 0.077000 0.140700 0.045000 0.045200 0.092800 0.029700 0.029800 0.029200 0.075400 0.092200 0.094000 0.091300 0.076000 0.000000 0.000000
MuntiacusM 0.029900 0.239000 0.044900 0.236900 0.045700 0.029900 0.060600 0.061200 0.029700 0.000000 0.029600 0.045100 0.060000 0.045200 0.061700 0.077300 0.059300 0.059800 0.029600 0.029800 0.060800 0.029800 0.029800 0.014600 0.014700 0.061200 0.060500 0.029800 0.046000 0.060600 0.000000 0.014800 0.045300 0.044600 0.029600 0.014700 0.029500 0.045900 0.122200 0.014300 0.014400 0.061600 0.000000 0.000100 0.000200 0.045000 0.061200 0.062300 0.060600 0.044500 0.029700 0.029700
goat 0.029400 0.237600 0.074900 0.257200 0.076100 0.029300 0.091100 0.091900 0.059500 0.029600 0.000000 0.029500 0.058700 0.075400 0.092600 0.108400 0.090700 0.091500 0.029100 0.059600 0.091300 0.029200 0.060100 0.044600 0.014400 0.091900 0.059100 0.059600 0.076700 0.090800 0.029600 0.044400 0.076900 0.043600 0.029000 0.014400 0.029000 0.076500 0.139800 0.044800 0.044900 0.092400 0.029600 0.029700 0.029200 0.075000 0.091900 0.077200 0.059300 0.075600 0.059500 0.059500
AfricanBuf 0.044400 0.231200 0.076200 0.243700 0.077600 0.044400 0.092500 0.093700 0.060600 0.045100 0.029500 0.000000 0.059900 0.076900 0.094200 0.110400 0.092800 0.093500 0.029500 0.060700 0.093100 0.029700 0.076600 0.060500 0.014500 0.093800 0.060400 0.060700 0.093000 0.092700 0.045100 0.045300 0.078600 0.044500 0.029400 0.014600 0.029400 0.078000 0.156700 0.060800 0.061000 0.094200 0.045100 0.045200 0.029700 0.076300 0.093700 0.070800 0.029400 0.077200 0.060600 0.060600
Topi 0.029300 0.216800 0.106600 0.236300 0.108100 0.029200 0.090900 0.091600 0.090600 0.060000 0.058700 0.059900 0.000000 0.107200 0.125600 0.141700 0.122900 0.123800 0.028800 0.090700 0.090900 0.059200 0.091600 0.075600 0.043700 0.124500 0.029000 0.090800 0.109100 0.123000 0.060000 0.075200 0.109300 0.014400 0.029000 0.043900 0.058900 0.108700 0.106400 0.075800 0.076100 0.125200 0.060000 0.060200 0.059200 0.074700 0.091600 0.109800 0.090400 0.075200 0.090600 0.090600
CommonDuik 0.076200 0.277600 0.091400 0.280800 0.060400 0.076200 0.074800 0.059900 0.075600 0.045200 0.075400 0.076900 0.107200 0.000000 0.076500 0.075600 0.108000 0.109000 0.075400 0.076000 0.059700 0.060200 0.076600 0.060700 0.059900 0.059900 0.108000 0.076000 0.045200 0.108000 0.045200 0.029300 0.094500 0.091000 0.075500 0.060000 0.075400 0.060800 0.107000 0.061000 0.061200 0.060500 0.045200 0.045400 0.044500 0.059500 0.059900 0.077200 0.108200 0.092700 0.075600 0.075600
Suni 0.093700 0.301200 0.109600 0.263900 0.077300 0.093600 0.092400 0.093200 0.093100 0.061700 0.092600 0.094200 0.125600 0.076500 0.000000 0.109600 0.126200 0.127400 0.092700 0.093300 0.092400 0.093400 0.094100 0.077700 0.076500 0.093000 0.126500 0.093300 0.077700 0.126800 0.061700 0.045100 0.112900 0.108700 0.092600 0.076800 0.092500 0.077700 0.142300 0.077900 0.078400 0.093600 0.061700 0.061900 0.060900 0.076200 0.093200 0.061900 0.126400 0.110500 0.093100 0.093100
Springbuck 0.109700 0.279300 0.091800 0.327200 0.092700 0.109600 0.107500 0.044400 0.075800 0.077300 0.108400 0.110400 0.141700 0.075600 0.109600 0.000000 0.109100 0.143700 0.108400 0.076200 0.044100 0.091300 0.110100 0.093400 0.092100 0.044400 0.142700 0.076200 0.029600 0.108300 0.077300 0.059900 0.095100 0.124600 0.108400 0.092300 0.108300 0.093200 0.090000 0.093700 0.094100 0.044600 0.077300 0.077500 0.075900 0.091300 0.044200 0.110800 0.142800 0.126700 0.075800 0.075800
Okapi 0.091800 0.268400 0.107200 0.314100 0.109000 0.091800 0.123900 0.092500 0.091200 0.059300 0.090700 0.092800 0.122900 0.108000 0.126200 0.109100 0.000000 0.090000 0.090800 0.091400 0.091900 0.091500 0.090500 0.074600 0.075000 0.092600 0.123800 0.091400 0.077300 0.123900 0.059300 0.075700 0.044500 0.106500 0.090800 0.075300 0.090700 0.109700 0.140600 0.074900 0.075100 0.093100 0.059300 0.059500 0.059600 0.107100 0.092500 0.127900 0.124000 0.106200 0.091200 0.091200
Giraffe 0.092500 0.272100 0.108000 0.317000 0.110100 0.092500 0.124800 0.126500 0.092000 0.059800 0.091500 0.093500 0.123800 0.109000 0.127400 0.143700 0.090000 0.000000 0.091500 0.092100 0.125600 0.092200 0.091200 0.075100 0.075700 0.126600 0.124800 0.092200 0.110900 0.125200 0.059800 0.076400 0.076200 0.107400 0.091600 0.075900 0.091500 0.110800 0.176600 0.075500 0.075700 0.127300 0.059800 0.060000 0.060100 0.108200 0.126500 0.128900 0.125100 0.107200 0.092000 0.092000
TibetanAnt 0.000100 0.199500 0.075000 0.217500 0.076100 0.000100 0.059600 0.060100 0.059500 0.029600 0.029100 0.029500 0.028800 0.075400 0.092700 0.108400 0.090800 0.091500 0.000000 0.059600 0.059700 0.029100 0.060100 0.044700 0.014400 0.092000 0.059100 0.059600 0.076800 0.090900 0.029600 0.044500 0.077000 0.043700 0.029000 0.014500 0.029000 0.076500 0.106600 0.044800 0.045000 0.092500 0.029600 0.029700 0.029200 0.044200 0.060100 0.077200 0.059400 0.044500 0.059500 0.059500
Sitatunga 0.060300 0.215100 0.014500 0.279400 0.076700 0.060300 0.091600 0.092600 0.000100 0.029800 0.059600 0.060700 0.090700 0.076000 0.093300 0.076200 0.091400 0.092100 0.059600 0.000000 0.091900 0.060100 0.060500 0.044900 0.044400 0.092500 0.091400 0.000100 0.077300 0.029400 0.029800 0.044800 0.077600 0.074900 0.059700 0.044500 0.059600 0.077100 0.140900 0.045100 0.045300 0.093000 0.029800 0.029800 0.029400 0.075600 0.092600 0.094200 0.091600 0.076200 0.000100 0.000100
Oribi 0.060400 0.216500 0.107900 0.259700 0.076100 0.060400 0.059400 0.000100 0.091700 0.060800 0.091300 0.093100 0.090900 0.059700 0.092400 0.044100 0.091900 0.125600 0.059700 0.091900 0.000000 0.074800 0.092800 0.076500 0.075400 0.029100 0.124600 0.091900 0.014600 0.124800 0.060800 0.044400 0.078000 0.107200 0.091400 0.075700 0.091300 0.076500 0.043500 0.076800 0.077100 0.029300 0.060800 0.061000 0.060000 0.044100 0.000100 0.093300 0.124700 0.076300 0.091700 0.091700
BarbaryShe 0.029600 0.239700 0.075600 0.259500 0.076700 0.029600 0.091900 0.075300 0.060000 0.029800 0.029200 0.029700 0.059200 0.060200 0.093400 0.091300 0.091500 0.092200 0.029100 0.060100 0.074800 0.000000 0.060600 0.045000 0.014500 0.075300 0.059600 0.060100 0.060400 0.091600 0.029800 0.044800 0.077600 0.044000 0.029300 0.014600 0.029200 0.077200 0.122100 0.045200 0.045300 0.075800 0.029800 0.029900 0.029400 0.075600 0.075300 0.077800 0.059800 0.076200 0.060000 0.060000
Daviddeer 0.060800 0.267400 0.076100 0.276500 0.077300 0.060800 0.092400 0.093400 0.060400 0.029800 0.060100 0.076600 0.091600 0.076600 0.094100 0.110100 0.090500 0.091200 0.060100 0.060500 0.092800 0.060600 0.000000 0.043400 0.044700 0.093400 0.092200 0.060500 0.078000 0.092400 0.028800 0.045200 0.076600 0.075600 0.060200 0.044800 0.060100 0.077800 0.157100 0.043600 0.014400 0.093900 0.029300 0.028900 0.029600 0.076100 0.093400 0.095100 0.092400 0.075300 0.060400 0.060400
Reindeer 0.045200 0.256200 0.060300 0.255900 0.061200 0.045200 0.045100 0.077000 0.044800 0.014600 0.044600 0.060500 0.075600 0.060700 0.077700 0.093400 0.074600 0.075100 0.044700 0.044900 0.076500 0.045000 0.043400 0.000000 0.029500 0.077000 0.076100 0.044900 0.061700 0.076200 0.014300 0.029800 0.060600 0.059900 0.044600 0.029600 0.044600 0.061500 0.139200 0.028800 0.029000 0.077400 0.014300 0.014300 0.014600 0.060300 0.077000 0.078400 0.076200 0.059600 0.044800 0.044800
Ibex 0.014600 0.219400 0.059400 0.237500 0.060400 0.014600 0.075200 0.076000 0.044200 0.014700 0.014400 0.014500 0.043700 0.059900 0.076500 0.092100 0.075000 0.075700 0.014400 0.044400 0.075400 0.014500 0.044700 0.029500 0.000000 0.076000 0.043900 0.044400 0.060900 0.075100 0.014700 0.029400 0.061100 0.029000 0.014400 0.000200 0.014400 0.060700 0.123200 0.029600 0.029700 0.076400 0.014700 0.014700 0.014500 0.059500 0.076000 0.061200 0.044200 0.060000 0.044200 0.044200
GyrantGaze 0.093000 0.260000 0.108200 0.305200 0.076600 0.093000 0.091600 0.029200 0.092100 0.061200 0.091900 0.093800 0.124500 0.059900 0.093000 0.044400 0.092600 0.126600 0.092000 0.092500 0.029100 0.075300 0.093400 0.077000 0.076000 0.000000 0.125500 0.092500 0.014700 0.125300 0.061200 0.044600 0.078600 0.107900 0.092000 0.076200 0.091900 0.077000 0.074400 0.077400 0.077600 0.000100 0.061200 0.061400 0.060200 0.075400 0.029300 0.094100 0.125700 0.109800 0.092100 0.092100
Hartebeest 0.060000 0.217200 0.107300 0.279200 0.109100 0.060000 0.124300 0.125500 0.091200 0.060500 0.059100 0.060400 0.029000 0.108000 0.126500 0.142700 0.123800 0.124800 0.059100 0.091400 0.124600 0.059600 0.092200 0.076100 0.043900 0.125500 0.000000 0.091400 0.110000 0.124000 0.060500 0.075800 0.110400 0.014400 0.029200 0.044200 0.059300 0.109700 0.140900 0.076300 0.076600 0.126200 0.060500 0.060700 0.059600 0.107600 0.125500 0.110600 0.091000 0.108300 0.091200 0.091200
Bongo 0.060300 0.215700 0.014500 0.279700 0.076700 0.060300 0.091700 0.092500 0.000100 0.029800 0.059600 0.060700 0.090800 0.076000 0.093300 0.076200 0.091400 0.092200 0.059600 0.000100 0.091900 0.060100 0.060500 0.044900 0.044400 0.092500 0.091400 0.000000 0.077300 0.029400 0.029800 0.044800 0.077600 0.074900 0.059700 0.044500 0.059600 0.077100 0.141000 0.045100 0.045300 0.093000 0.029800 0.029900 0.029400 0.075600 0.092500 0.094100 0.091600 0.076200 0.000100 0.000100
Gerenuk 0.076200 0.242000 0.093200 0.267600 0.061400 0.076200 0.076300 0.014700 0.077100 0.046000 0.076700 0.093000 0.109100 0.045200 0.077700 0.029600 0.077300 0.110900 0.076800 0.077300 0.014600 0.060400 0.078000 0.061700 0.060900 0.014700 0.110000 0.077300 0.000000 0.110200 0.046000 0.029900 0.063000 0.092600 0.076800 0.061100 0.076600 0.061700 0.059600 0.062000 0.062200 0.014800 0.046000 0.046200 0.045400 0.060400 0.014700 0.078500 0.124600 0.094300 0.077100 0.077100
CommonElan 0.091800 0.256400 0.044200 0.321800 0.109600 0.091800 0.123900 0.125300 0.029200 0.060600 0.090800 0.092700 0.123000 0.108000 0.126800 0.108300 0.123900 0.125200 0.090900 0.029400 0.124800 0.091600 0.092400 0.076200 0.075100 0.125300 0.124000 0.029400 0.110200 0.000000 0.060600 0.075800 0.110800 0.106600 0.091000 0.075400 0.090900 0.110200 0.175900 0.076500 0.076800 0.126400 0.060600 0.060800 0.059600 0.107700 0.125300 0.128000 0.124200 0.108700 0.029200 0.029400
MuntiacusR 0.029900 0.239000 0.044900 0.236900 0.045700 0.029900 0.060600 0.061200 0.029700 0.000000 0.029600 0.045100 0.060000 0.045200 0.061700 0.077300 0.059300 0.059800 0.029600 0.029800 0.060800 0.029800 0.028800 0.014300 0.014700 0.061200 0.060500 0.029800 0.046000 0.060600 0.000000 0.014800 0.045300 0.044600 0.029600 0.014700 0.029500 0.045900 0.122200 0.014300 0.014400 0.061600 0.000000 0.000100 0.000200 0.045000 0.061200 0.062300 0.060600 0.044500 0.029700 0.029700
HarveysDui 0.044900 0.237900 0.059900 0.240500 0.029700 0.044900 0.044100 0.044600 0.044600 0.014800 0.044400 0.045300 0.075200 0.029300 0.045100 0.059900 0.075700 0.076400 0.044500 0.044800 0.044400 0.044800 0.045200 0.029800 0.029400 0.044600 0.075800 0.044800 0.029900 0.075800 0.014800 0.000000 0.061800 0.059600 0.044500 0.029500 0.044400 0.029800 0.090900 0.029900 0.030000 0.044900 0.014800 0.014900 0.014600 0.029200 0.044600 0.045500 0.075900 0.060700 0.044600 0.044600
Pronghorn 0.077800 0.248600 0.093600 0.306100 0.095500 0.077800 0.110500 0.078600 0.077400 0.045300 0.076900 0.078600 0.109300 0.094500 0.112900 0.095100 0.044500 0.076200 0.077000 0.077600 0.078000 0.077600 0.076600 0.060600 0.061100 0.078600 0.110400 0.077600 0.063000 0.110800 0.045300 0.061800 0.000000 0.092900 0.077000 0.061300 0.076900 0.096100 0.127700 0.060900 0.061200 0.079000 0.045300 0.045400 0.045600 0.093800 0.078600 0.114000 0.110500 0.092700 0.077400 0.077400
BlueWildeb 0.044300 0.236900 0.090500 0.256500 0.091800 0.044300 0.107000 0.107900 0.074800 0.044600 0.043600 0.044500 0.014400 0.091000 0.108700 0.124600 0.106500 0.107400 0.043700 0.074900 0.107200 0.044000 0.075600 0.059900 0.029000 0.107900 0.014400 0.074900 0.092600 0.106600 0.044600 0.059600 0.092900 0.000000 0.014400 0.029000 0.043700 0.092400 0.123000 0.060100 0.060300 0.108500 0.044600 0.044800 0.044000 0.090500 0.107900 0.093200 0.074600 0.091200 0.074800 0.074800
Gemsbok 0.029300 0.219500 0.075000 0.237700 0.076200 0.029300 0.091100 0.092000 0.059500 0.029600 0.029000 0.029400 0.029000 0.075500 0.092600 0.108400 0.090800 0.091600 0.029000 0.059700 0.091400 0.029300 0.060200 0.044600 0.014400 0.092000 0.029200 0.059700 0.076800 0.091000 0.029600 0.044500 0.077000 0.014400 0.000000 0.014400 0.029000 0.076600 0.106900 0.044800 0.044900 0.092500 0.029600 0.029700 0.029200 0.075000 0.092000 0.077200 0.059400 0.075700 0.059500 0.059500
Yak 0.014600 0.219600 0.059600 0.238600 0.060500 0.014600 0.075400 0.076200 0.044400 0.014700 0.014400 0.014600 0.043900 0.060000 0.076800 0.092300 0.075300 0.075900 0.014500 0.044500 0.075700 0.014600 0.044800 0.029600 0.000200 0.076200 0.044200 0.044500 0.061100 0.075400 0.014700 0.029500 0.061300 0.029000 0.014400 0.000000 0.014300 0.060900 0.123600 0.029700 0.029800 0.076600 0.014700 0.014800 0.014500 0.059700 0.076200 0.061300 0.044300 0.060200 0.044400 0.044400
BlueSheep 0.029300 0.237500 0.074900 0.253700 0.076100 0.029300 0.091000 0.091900 0.059400 0.029500 0.029000 0.029400 0.058900 0.075400 0.092500 0.108300 0.090700 0.091500 0.029000 0.059600 0.091300 0.029200 0.060100 0.044600 0.014400 0.091900 0.059300 0.059600 0.076600 0.090900 0.029500 0.044400 0.076900 0.043700 0.029000 0.014300 0.000000 0.076500 0.139800 0.044700 0.044900 0.092400 0.029500 0.029600 0.029100 0.074900 0.091900 0.072300 0.059200 0.075600 0.059400 0.059400
BohorReedb 0.077400 0.284300 0.093000 0.264800 0.000100 0.077300 0.076100 0.077000 0.077000 0.045900 0.076500 0.078000 0.108700 0.060800 0.077700 0.093200 0.109700 0.110800 0.076500 0.077100 0.076500 0.077200 0.077800 0.061500 0.060700 0.077000 0.109700 0.077100 0.061700 0.110200 0.045900 0.029800 0.096100 0.092400 0.076600 0.060900 0.076500 0.000000 0.125600 0.061800 0.062100 0.077400 0.045900 0.046100 0.045300 0.060400 0.077000 0.078400 0.110000 0.094200 0.077000 0.077000
KirksDik 0.107700 0.263500 0.157600 0.299500 0.124800 0.107600 0.106300 0.043800 0.140700 0.122200 0.139800 0.156700 0.106400 0.107000 0.142300 0.090000 0.140600 0.176600 0.106600 0.140900 0.043500 0.122100 0.157100 0.139200 0.123200 0.074400 0.140900 0.141000 0.059600 0.175900 0.122200 0.090900 0.127700 0.123000 0.106900 0.123600 0.139800 0.125600 0.000000 0.139800 0.140000 0.074800 0.122200 0.122000 0.107200 0.090200 0.043800 0.143600 0.175400 0.124800 0.140700 0.140700
RoeDeer 0.045300 0.258600 0.060500 0.256900 0.061500 0.045300 0.076500 0.077300 0.045000 0.014300 0.044800 0.060800 0.075800 0.061000 0.077900 0.093700 0.074900 0.075500 0.044800 0.045100 0.076800 0.045200 0.043600 0.028800 0.029600 0.077400 0.076300 0.045100 0.062000 0.076500 0.014300 0.029900 0.060900 0.060100 0.044800 0.029700 0.044700 0.061800 0.139800 0.000000 0.029000 0.077800 0.014600 0.014400 0.014700 0.060600 0.077300 0.078800 0.076500 0.059900 0.045000 0.045000
WhiteLippe 0.045500 0.249100 0.060700 0.258100 0.061800 0.045400 0.076800 0.077600 0.045200 0.014400 0.044900 0.061000 0.076100 0.061200 0.078400 0.094100 0.075100 0.075700 0.045000 0.045300 0.077100 0.045300 0.014400 0.029000 0.029700 0.077600 0.076600 0.045300 0.062200 0.076800 0.014400 0.030000 0.061200 0.060300 0.044900 0.029800 0.044900 0.062100 0.140000 0.029000 0.000000 0.078000 0.014400 0.014400 0.014800 0.060800 0.077600 0.072500 0.076700 0.060100 0.045200 0.045200
ThomsonGaz 0.093500 0.260900 0.109200 0.306800 0.077000 0.093500 0.091900 0.029500 0.092800 0.061600 0.092400 0.094200 0.125200 0.060500 0.093600 0.044600 0.093100 0.127300 0.092500 0.093000 0.029300 0.075800 0.093900 0.077400 0.076400 0.000100 0.126200 0.093000 0.014800 0.126400 0.061600 0.044900 0.079000 0.108500 0.092500 0.076600 0.092400 0.077400 0.074800 0.077800 0.078000 0.000000 0.061600 0.061700 0.060700 0.075800 0.029500 0.094500 0.126400 0.110400 0.092800 0.092800
MuntiacusC 0.029900 0.239000 0.044900 0.236900 0.045700 0.029900 0.060600 0.061200 0.029700 0.000000 0.029600 0.045100 0.060000 0.045200 0.061700 0.077300 0.059300 0.059800 0.029600 0.029800 0.060800 0.029800 0.029300 0.014300 0.014700 0.061200 0.060500 0.029800 0.046000 0.060600 0.000000 0.014800 0.045300 0.044600 0.029600 0.014700 0.029500 0.045900 0.122200 0.014600 0.014400 0.061600 0.000000 0.000100 0.000200 0.045000 0.061200 0.062300 0.060600 0.044500 0.029700 0.029700
WhiteTaile 0.030100 0.239500 0.045100 0.237500 0.045800 0.030100 0.060800 0.061400 0.029800 0.000100 0.029700 0.045200 0.060200 0.045400 0.061900 0.077500 0.059500 0.060000 0.029700 0.029800 0.061000 0.029900 0.028900 0.014300 0.014700 0.061400 0.060700 0.029900 0.046200 0.060800 0.000100 0.014900 0.045400 0.044800 0.029700 0.014800 0.029600 0.046100 0.122000 0.014400 0.014400 0.061700 0.000100 0.000000 0.000200 0.045100 0.061400 0.062500 0.060800 0.044600 0.029800 0.029800
Cattle 0.029500 0.215400 0.044200 0.238500 0.045000 0.029500 0.060100 0.060200 0.029200 0.000200 0.029200 0.029700 0.059200 0.044500 0.060900 0.075900 0.059600 0.060100 0.029200 0.029400 0.060000 0.029400 0.029600 0.014600 0.014500 0.060200 0.059600 0.029400 0.045400 0.059600 0.000200 0.014600 0.045600 0.044000 0.029200 0.014500 0.029100 0.045300 0.107200 0.014700 0.014800 0.060700 0.000200 0.000200 0.000000 0.044400 0.060200 0.061400 0.059700 0.044700 0.029200 0.029200
RoyalAntel 0.044600 0.234200 0.091200 0.238300 0.060000 0.044600 0.044000 0.044400 0.075400 0.045000 0.075000 0.076300 0.074700 0.059500 0.076200 0.091300 0.107100 0.108200 0.044200 0.075600 0.044100 0.075600 0.076100 0.060300 0.059500 0.075400 0.107600 0.075600 0.060400 0.107700 0.045000 0.029200 0.093800 0.090500 0.075000 0.059700 0.074900 0.060400 0.090200 0.060600 0.060800 0.075800 0.045000 0.045100 0.044400 0.000000 0.044400 0.076800 0.107500 0.060200 0.075400 0.075400
Steenbok 0.060800 0.218700 0.108300 0.262100 0.076600 0.060800 0.059700 0.000000 0.092200 0.061200 0.091900 0.093700 0.091600 0.059900 0.093200 0.044200 0.092500 0.126500 0.060100 0.092600 0.000100 0.075300 0.093400 0.077000 0.076000 0.029300 0.125500 0.092500 0.014700 0.125300 0.061200 0.044600 0.078600 0.107900 0.092000 0.076200 0.091900 0.077000 0.043800 0.077300 0.077600 0.029500 0.061200 0.061400 0.060200 0.044400 0.000000 0.094000 0.125600 0.076800 0.092100 0.092100
Impala 0.078100 0.265100 0.110500 0.283300 0.078000 0.078100 0.093100 0.094000 0.094000 0.062300 0.077200 0.070800 0.109800 0.077200 0.061900 0.110800 0.127900 0.128900 0.077200 0.094200 0.093300 0.077800 0.095100 0.078400 0.061200 0.094100 0.110600 0.094100 0.078500 0.128000 0.062300 0.045500 0.114000 0.093200 0.077200 0.061300 0.072300 0.078400 0.143600 0.078800 0.072500 0.094500 0.062300 0.062500 0.061400 0.076800 0.094000 0.000000 0.110800 0.111800 0.094000 0.094000
Klipspring 0.074300 0.278400 0.107400 0.239400 0.109300 0.074300 0.124200 0.125600 0.091300 0.060600 0.059300 0.029400 0.090400 0.108200 0.126400 0.142800 0.124000 0.125100 0.059400 0.091600 0.124700 0.059800 0.092400 0.076200 0.044200 0.125700 0.091000 0.091600 0.124600 0.124200 0.060600 0.075900 0.110500 0.074600 0.059400 0.044300 0.059200 0.110000 0.175400 0.076500 0.076700 0.126400 0.060600 0.060800 0.059700 0.107500 0.125600 0.110800 0.000000 0.108500 0.091300 0.091300
ForestMusk 0.045000 0.251200 0.091800 0.216500 0.093600 0.044900 0.075900 0.076800 0.076000 0.044500 0.075600 0.077200 0.075200 0.092700 0.110500 0.126700 0.106200 0.107200 0.044500 0.076200 0.076300 0.076200 0.075300 0.059600 0.060000 0.109800 0.108300 0.076200 0.094300 0.108700 0.044500 0.060700 0.092700 0.091200 0.075700 0.060200 0.075600 0.094200 0.124800 0.059900 0.060100 0.110400 0.044500 0.044600 0.044700 0.060200 0.076800 0.111800 0.108500 0.000000 0.076000 0.076000
Bushbuck 0.060100 0.215800 0.014500 0.279100 0.076500 0.060100 0.091200 0.092100 0.000000 0.029700 0.059500 0.060600 0.090600 0.075600 0.093100 0.075800 0.091200 0.092000 0.059500 0.000100 0.091700 0.060000 0.060400 0.044800 0.044200 0.092100 0.091200 0.000100 0.077100 0.029200 0.029700 0.044600 0.077400 0.074800 0.059500 0.044400 0.059400 0.077000 0.140700 0.045000 0.045200 0.092800 0.029700 0.029800 0.029200 0.075400 0.092100 0.094000 0.091300 0.076000 0.000000 0.000000
GreaterKud 0.060100 0.215800 0.014500 0.279100 0.076500 0.060100 0.091200 0.092100 0.000000 0.029700 0.059500 0.060600 0.090600 0.075600 0.093100 0.075800 0.091200 0.092000 0.059500 0.000100 0.091700 0.060000 0.060400 0.044800 0.044200 0.092100 0.091200 0.000100 0.077100 0.029400 0.029700 0.044600 0.077400 0.074800 0.059500 0.044400 0.059400 0.077000 0.140700 0.045000 0.045200 0.092800 0.029700 0.029800 0.029200 0.075400 0.092100 0.094000 0.091300 0.076000 0.000000 0.000000
