1
52 1
Argali 0.000000 0.329500 0.110200 0.472900 0.083000 0.000000 0.074500 0.069300 0.079700 0.119800 0.010100 0.059600 0.091500 0.083000 0.139700 0.095100 0.156700 0.146500 0.059000 0.090600 0.069700 0.060900 0.194300 0.099500 0.030400 0.089900 0.092400 0.090200 0.069400 0.100400 0.119800 0.092200 0.158500 0.081900 0.049800 0.038100 0.010000 0.104700 0.089200 0.131800 0.131400 0.079100 0.130000 0.099700 0.082000 0.081600 0.082500 0.139000 0.103600 0.130200 0.090400 0.079800
LesserMous 0.329500 0.000000 0.315000 0.521400 0.370800 0.329500 0.416300 0.352100 0.339000 0.310500 0.342100 0.345400 0.357800 0.343900 0.418000 0.336900 0.332400 0.348800 0.366300 0.353100 0.326200 0.381200 0.375000 0.288400 0.371500 0.376000 0.331700 0.351900 0.355100 0.348700 0.310500 0.351900 0.294700 0.335800 0.345700 0.317000 0.338000 0.415200 0.372700 0.313300 0.298400 0.361400 0.322200 0.291500 0.316600 0.408600 0.331200 0.439600 0.395100 0.364600 0.321600 0.353600
LesserKudu 0.110200 0.315000 0.000000 0.466100 0.152500 0.110200 0.170400 0.131000 0.028600 0.116500 0.120600 0.100300 0.158100 0.143600 0.191700 0.136100 0.173900 0.186200 0.168600 0.038200 0.121700 0.174200 0.189100 0.097300 0.142600 0.098100 0.159900 0.038100 0.131600 0.047500 0.116500 0.152100 0.153500 0.139700 0.126500 0.090300 0.119100 0.198500 0.107500 0.106800 0.127500 0.097800 0.126200 0.098300 0.111200 0.150500 0.133400 0.237000 0.151800 0.115300 0.038300 0.038300
KillerWhal 0.472900 0.521400 0.466100 0.000000 0.484300 0.472900 0.514400 0.490200 0.446400 0.473300 0.486500 0.424100 0.503400 0.481400 0.526600 0.462500 0.515000 0.488000 0.538100 0.429700 0.446700 0.490200 0.554000 0.494000 0.466200 0.497900 0.524600 0.458900 0.464600 0.455800 0.473300 0.505600 0.457900 0.514200 0.490000 0.425800 0.480400 0.452500 0.496800 0.489800 0.462200 0.501000 0.471600 0.499900 0.425000 0.504200 0.423900 0.536200 0.547000 0.503800 0.445500 0.461700
DefassaWat 0.083000 0.370800 0.152500 0.484300 0.000000 0.083000 0.140800 0.133800 0.122200 0.173700 0.093400 0.124500 0.156200 0.148400 0.210500 0.163600 0.202300 0.191900 0.142200 0.133500 0.123700 0.136000 0.250800 0.153300 0.115200 0.154700 0.157900 0.133000 0.135300 0.143100 0.173700 0.157200 0.216900 0.146800 0.112200 0.102200 0.092500 0.040300 0.142400 0.164000 0.186400 0.143200 0.184200 0.154200 0.124600 0.146100 0.147800 0.241400 0.170100 0.172300 0.132900 0.122500
Sheep 0.000000 0.329500 0.110200 0.472900 0.083000 0.000000 0.074500 0.069300 0.079700 0.119800 0.010100 0.059600 0.091500 0.083000 0.139700 0.095100 0.156700 0.146500 0.059000 0.090600 0.069700 0.060900 0.194300 0.099500 0.030400 0.089900 0.092400 0.090200 0.069400 0.100400 0.119800 0.092200 0.158500 0.081900 0.049800 0.038100 0.010000 0.104700 0.089200 0.131800 0.131400 0.079100 0.130000 0.099700 0.082000 0.081600 0.082500 0.139000 0.103600 0.130200 0.090400 0.079800
MaxwellsDu 0.074500 0.416300 0.170400 0.514400 0.140800 0.074500 0.000000 0.139500 0.139900 0.180200 0.085200 0.142400 0.158900 0.051800 0.180800 0.145500 0.222000 0.211000 0.135100 0.151400 0.141000 0.139700 0.271800 0.159400 0.084800 0.160500 0.160600 0.150600 0.141100 0.160900 0.180200 0.082800 0.225000 0.139900 0.104500 0.119500 0.084200 0.164000 0.159100 0.193000 0.192800 0.126400 0.190700 0.159500 0.142400 0.094200 0.119100 0.238100 0.140000 0.189900 0.150600 0.151500
GazellaPrz 0.069300 0.352100 0.131000 0.490200 0.133800 0.069300 0.139500 0.000000 0.101800 0.097800 0.079800 0.125300 0.137700 0.146500 0.184200 0.082100 0.177400 0.167100 0.107900 0.112500 0.059200 0.089500 0.169900 0.099200 0.079900 0.078000 0.139100 0.090600 0.059300 0.121900 0.097800 0.132800 0.156500 0.119700 0.085300 0.103400 0.078600 0.156400 0.077100 0.130200 0.108700 0.067900 0.107600 0.089800 0.125100 0.110200 0.101500 0.215800 0.132900 0.150100 0.111900 0.091300
MountainNy 0.079700 0.339000 0.028600 0.446400 0.122200 0.079700 0.139900 0.101800 0.000000 0.108800 0.090200 0.071000 0.150000 0.146900 0.161400 0.105900 0.166700 0.156500 0.139500 0.009600 0.092200 0.144300 0.182300 0.089400 0.112400 0.100400 0.151700 0.009600 0.102300 0.019100 0.108800 0.155600 0.169000 0.131500 0.096300 0.060900 0.089000 0.168000 0.099700 0.099100 0.120000 0.089800 0.118800 0.090200 0.081800 0.143100 0.125800 0.207600 0.167400 0.107900 0.009700 0.009300
MuntiacusM 0.119800 0.310500 0.116500 0.473300 0.173700 0.119800 0.180200 0.097800 0.108800 0.000000 0.130200 0.131900 0.167600 0.142100 0.224400 0.123200 0.128100 0.139400 0.156300 0.119200 0.078100 0.160800 0.102300 0.037100 0.129900 0.117400 0.169300 0.097800 0.120000 0.128300 0.000000 0.128800 0.118600 0.149300 0.136000 0.110500 0.128600 0.207800 0.116500 0.065500 0.046000 0.106900 0.008600 0.037500 0.110400 0.159900 0.099900 0.243600 0.161200 0.135100 0.118600 0.119400
goat 0.010100 0.342100 0.120600 0.486500 0.093400 0.010100 0.085200 0.079800 0.090200 0.130200 0.000000 0.070300 0.091300 0.093500 0.150800 0.106000 0.144800 0.134700 0.048700 0.101200 0.080300 0.050200 0.205000 0.109900 0.020100 0.100300 0.092200 0.100700 0.080000 0.110800 0.130200 0.102500 0.169800 0.081800 0.039400 0.048900 0.000100 0.115300 0.099500 0.142200 0.141900 0.089500 0.140400 0.110200 0.092600 0.091800 0.092400 0.149700 0.114100 0.117800 0.100900 0.090400
AfricanBuf 0.059600 0.345400 0.100300 0.424100 0.124500 0.059600 0.142400 0.125300 0.071000 0.131900 0.070300 0.000000 0.153500 0.149500 0.176600 0.130500 0.169600 0.159200 0.120400 0.081500 0.093500 0.102100 0.208000 0.112000 0.092600 0.135000 0.155300 0.081200 0.126000 0.091000 0.131900 0.158200 0.171900 0.134400 0.098400 0.020200 0.069200 0.147300 0.133900 0.133100 0.143600 0.123800 0.142100 0.113100 0.061600 0.146000 0.127800 0.187700 0.158000 0.130700 0.081500 0.081600
Topi 0.091500 0.357800 0.158100 0.503400 0.156200 0.091500 0.158900 0.137700 0.150000 0.167600 0.091300 0.153500 0.000000 0.143700 0.215900 0.167000 0.194900 0.197400 0.139100 0.161500 0.138100 0.153600 0.243100 0.146900 0.112600 0.136100 0.018800 0.160800 0.137300 0.171100 0.167600 0.152400 0.208100 0.009400 0.047800 0.131100 0.090300 0.155800 0.135100 0.180800 0.180100 0.124800 0.178000 0.147000 0.154100 0.131700 0.129700 0.218500 0.154700 0.190400 0.161200 0.149100
CommonDuik 0.083000 0.343900 0.143600 0.481400 0.148400 0.083000 0.051800 0.146500 0.146900 0.142100 0.093500 0.149500 0.143700 0.000000 0.187300 0.152700 0.180400 0.193000 0.120800 0.158200 0.125800 0.146800 0.218300 0.122000 0.093200 0.144800 0.145100 0.157300 0.148200 0.167400 0.142100 0.029300 0.171300 0.124800 0.112300 0.127100 0.092500 0.171400 0.143500 0.153800 0.153800 0.112000 0.152200 0.121800 0.126900 0.102200 0.082900 0.233100 0.124900 0.174100 0.157400 0.158300
Suni 0.139700 0.418000 0.191700 0.526600 0.210500 0.139700 0.180800 0.184200 0.161400 0.224400 0.150800 0.176600 0.215900 0.187300 0.000000 0.204800 0.205000 0.194500 0.201200 0.173000 0.185200 0.207900 0.307600 0.203500 0.174600 0.182000 0.205900 0.172300 0.187000 0.159100 0.224400 0.195800 0.273200 0.195800 0.157600 0.164600 0.149000 0.235200 0.180400 0.190000 0.238100 0.147300 0.235200 0.205000 0.188300 0.183000 0.164600 0.226100 0.208900 0.224200 0.172100 0.173300
Springbuck 0.095100 0.336900 0.136100 0.462500 0.163600 0.095100 0.145500 0.082100 0.105900 0.123200 0.106000 0.130500 0.167000 0.152700 0.204800 0.000000 0.160600 0.150100 0.156900 0.117000 0.083000 0.138700 0.199500 0.125200 0.083200 0.080300 0.168900 0.116500 0.040400 0.126700 0.123200 0.161500 0.162700 0.148000 0.111200 0.107700 0.104600 0.187600 0.101600 0.135300 0.135000 0.069900 0.133500 0.115500 0.130400 0.114600 0.105600 0.249300 0.186500 0.155800 0.116400 0.095000
Okapi 0.156700 0.332400 0.173900 0.515000 0.202300 0.156700 0.222000 0.177400 0.166700 0.128100 0.144800 0.169600 0.194900 0.180400 0.205000 0.160600 0.000000 0.028700 0.170900 0.178000 0.133800 0.152900 0.179100 0.129900 0.144000 0.175400 0.197000 0.177300 0.156100 0.187200 0.128100 0.188700 0.154700 0.176300 0.150000 0.146900 0.142600 0.238400 0.151600 0.139600 0.139400 0.164000 0.138000 0.131200 0.146800 0.198500 0.135600 0.262300 0.224600 0.159500 0.177100 0.178200
Giraffe 0.146500 0.348800 0.186200 0.488000 0.191900 0.146500 0.211000 0.167100 0.156500 0.139400 0.134700 0.159200 0.197400 0.193000 0.194500 0.150100 0.028700 0.000000 0.161000 0.167800 0.123600 0.142900 0.191300 0.141400 0.134000 0.187700 0.211300 0.167100 0.145900 0.177000 0.139400 0.201300 0.166800 0.189700 0.140100 0.136600 0.132600 0.215900 0.163400 0.151200 0.150900 0.176100 0.149300 0.142800 0.136400 0.188200 0.147600 0.240300 0.238200 0.149700 0.166800 0.168000
TibetanAnt 0.059000 0.366300 0.168600 0.538100 0.142200 0.059000 0.135100 0.107900 0.139500 0.156300 0.048700 0.120400 0.139100 0.120800 0.201200 0.156900 0.170900 0.161000 0.000000 0.150400 0.108600 0.098200 0.230200 0.136700 0.068100 0.148900 0.140500 0.149700 0.129900 0.159400 0.156300 0.129300 0.195700 0.130000 0.086900 0.099400 0.048200 0.164100 0.147800 0.168300 0.168000 0.138000 0.166200 0.137200 0.120600 0.139800 0.120600 0.198500 0.162500 0.124200 0.149800 0.139800
Sitatunga 0.090600 0.353100 0.038200 0.429700 0.133500 0.090600 0.151400 0.112500 0.009600 0.119200 0.101200 0.081500 0.161500 0.158200 0.173000 0.117000 0.178000 0.167800 0.150400 0.000000 0.102900 0.155500 0.193400 0.099700 0.123500 0.110900 0.163400 0.018400 0.113000 0.028800 0.119200 0.166800 0.180500 0.142900 0.107200 0.071300 0.099900 0.179700 0.110100 0.109400 0.130600 0.100200 0.129200 0.100700 0.092400 0.154300 0.136800 0.219100 0.178900 0.118200 0.019400 0.018500
Oribi 0.069700 0.326200 0.121700 0.446700 0.123700 0.069700 0.141000 0.059200 0.092200 0.078100 0.080300 0.093500 0.138100 0.125800 0.185200 0.083000 0.133800 0.123600 0.108600 0.102900 0.000000 0.089900 0.149200 0.079300 0.080400 0.078800 0.139500 0.102500 0.059900 0.112400 0.078100 0.134600 0.146300 0.120300 0.085600 0.072000 0.079200 0.157800 0.078200 0.089000 0.088800 0.068500 0.087900 0.069800 0.071900 0.111100 0.081300 0.215300 0.145100 0.119700 0.102400 0.081700
BarbaryShe 0.060900 0.381200 0.174200 0.490200 0.136000 0.060900 0.139700 0.089500 0.144300 0.160800 0.050200 0.102100 0.153600 0.146800 0.207900 0.138700 0.152900 0.142900 0.098200 0.155500 0.089900 0.000000 0.213000 0.163200 0.050000 0.131400 0.155200 0.154800 0.111700 0.164900 0.160800 0.155400 0.201800 0.134200 0.089600 0.080700 0.049700 0.158300 0.108700 0.173300 0.172900 0.120400 0.171000 0.164100 0.124300 0.122200 0.124200 0.205000 0.155900 0.171100 0.154900 0.144600
Daviddeer 0.194300 0.375000 0.189100 0.554000 0.250800 0.194300 0.271800 0.169900 0.182300 0.102300 0.205000 0.208000 0.243100 0.218300 0.307600 0.199500 0.179100 0.191300 0.230200 0.193400 0.149200 0.213000 0.000000 0.103500 0.204400 0.190300 0.245700 0.170100 0.204000 0.202500 0.102300 0.203100 0.169800 0.225100 0.210100 0.185100 0.212800 0.276500 0.167000 0.133800 0.103100 0.178900 0.111900 0.104200 0.184900 0.212400 0.173300 0.171400 0.237800 0.208000 0.192400 0.193700
Reindeer 0.099500 0.288400 0.097300 0.494000 0.153300 0.099500 0.159400 0.099200 0.089400 0.037100 0.109900 0.112000 0.146900 0.122000 0.203500 0.125200 0.129900 0.141400 0.136700 0.099700 0.079300 0.163200 0.103500 0.000000 0.131800 0.119100 0.148500 0.078500 0.121800 0.108900 0.037100 0.109200 0.120300 0.128700 0.115800 0.090700 0.108600 0.187100 0.118200 0.066500 0.046800 0.108500 0.046400 0.000100 0.090600 0.162200 0.101400 0.223200 0.140900 0.116000 0.099200 0.099800
Ibex 0.030400 0.371500 0.142600 0.466200 0.115200 0.030400 0.084800 0.079900 0.112400 0.129900 0.020100 0.092600 0.112600 0.093200 0.174600 0.083200 0.144000 0.134000 0.068100 0.123500 0.080400 0.050000 0.204400 0.131800 0.000000 0.100300 0.113700 0.122900 0.080100 0.133000 0.129900 0.102200 0.169000 0.103100 0.059600 0.071100 0.019900 0.137500 0.099500 0.142000 0.141600 0.089400 0.140100 0.132300 0.115100 0.070300 0.070300 0.172700 0.136000 0.140200 0.123100 0.112600
GyrantGaze 0.089900 0.376000 0.098100 0.497900 0.154700 0.089900 0.160500 0.078000 0.100400 0.117400 0.100300 0.135000 0.136100 0.144800 0.182000 0.080300 0.175400 0.187700 0.148900 0.110900 0.078800 0.131400 0.190300 0.119100 0.100300 0.000000 0.137500 0.110500 0.058300 0.120100 0.117400 0.153300 0.177500 0.118300 0.105500 0.123800 0.099000 0.177400 0.047200 0.107600 0.118200 0.027900 0.117000 0.109800 0.145700 0.119700 0.100200 0.236600 0.132100 0.159300 0.110300 0.090000
Hartebeest 0.092400 0.331700 0.159900 0.524600 0.157900 0.092400 0.160600 0.139100 0.151700 0.169300 0.092200 0.155300 0.018800 0.145100 0.205900 0.168900 0.197000 0.211300 0.140500 0.163400 0.139500 0.155200 0.245700 0.148500 0.113700 0.137500 0.000000 0.162700 0.138800 0.161500 0.169300 0.153900 0.210400 0.009500 0.048200 0.132500 0.091300 0.180700 0.136600 0.171300 0.182000 0.126100 0.179900 0.148500 0.155800 0.133000 0.131000 0.245400 0.156200 0.192300 0.163100 0.150900
Bongo 0.090200 0.351900 0.038100 0.458900 0.133000 0.090200 0.150600 0.090600 0.009600 0.097800 0.100700 0.081200 0.160800 0.157300 0.172300 0.116500 0.177300 0.167100 0.149700 0.018400 0.102500 0.154800 0.170100 0.078500 0.122900 0.110500 0.162700 0.000000 0.112600 0.028700 0.097800 0.143400 0.156500 0.142200 0.106800 0.071000 0.099400 0.178900 0.109700 0.109100 0.108800 0.099800 0.107600 0.079300 0.092000 0.153600 0.136300 0.218300 0.154900 0.117800 0.019400 0.019300
Gerenuk 0.069400 0.355100 0.131600 0.464600 0.135300 0.069400 0.141100 0.059300 0.102300 0.120000 0.080000 0.126000 0.137300 0.148200 0.187000 0.040400 0.156100 0.145900 0.129900 0.113000 0.059900 0.111700 0.204000 0.121800 0.080100 0.058300 0.138800 0.112600 0.000000 0.122400 0.120000 0.156800 0.158100 0.119900 0.085200 0.104600 0.079500 0.157800 0.078300 0.131700 0.131400 0.048300 0.130000 0.112400 0.126600 0.110800 0.102600 0.228300 0.157100 0.151700 0.113200 0.091800
CommonElan 0.100400 0.348700 0.047500 0.455800 0.143100 0.100400 0.160900 0.121900 0.019100 0.128300 0.110800 0.091000 0.171100 0.167400 0.159100 0.126700 0.187200 0.177000 0.159400 0.028800 0.112400 0.164900 0.202500 0.108900 0.133000 0.120100 0.161500 0.028700 0.122400 0.000000 0.128300 0.175900 0.189800 0.152400 0.116800 0.080900 0.109400 0.189100 0.119300 0.097800 0.139700 0.109400 0.138200 0.110000 0.101900 0.163600 0.146300 0.228200 0.188200 0.127200 0.028900 0.028800
MuntiacusR 0.119800 0.310500 0.116500 0.473300 0.173700 0.119800 0.180200 0.097800 0.108800 0.000000 0.130200 0.131900 0.167600 0.142100 0.224400 0.123200 0.128100 0.139400 0.156300 0.119200 0.078100 0.160800 0.102300 0.037100 0.129900 0.117400 0.169300 0.097800 0.120000 0.128300 0.000000 0.128800 0.118600 0.149300 0.136000 0.110500 0.128600 0.207800 0.116500 0.065500 0.046000 0.106900 0.008700 0.037500 0.110400 0.159900 0.099900 0.243600 0.161200 0.135100 0.118600 0.119400
HarveysDui 0.092200 0.351900 0.152100 0.505600 0.157200 0.092200 0.082800 0.132800 0.155600 0.128800 0.102500 0.158200 0.152400 0.029300 0.195800 0.161500 0.188700 0.201300 0.129300 0.166800 0.134600 0.155400 0.203100 0.109200 0.102200 0.153300 0.153900 0.143400 0.156800 0.175900 0.128800 0.000000 0.156600 0.133600 0.121000 0.135900 0.101500 0.180000 0.152100 0.162300 0.140100 0.120700 0.138700 0.108700 0.135700 0.111000 0.092100 0.241100 0.111700 0.182300 0.166000 0.166900
Pronghorn 0.158500 0.294700 0.153500 0.457900 0.216900 0.158500 0.225000 0.156500 0.169000 0.118600 0.169800 0.171900 0.208100 0.171300 0.273200 0.162700 0.154700 0.166800 0.195700 0.180500 0.146300 0.201800 0.169800 0.120300 0.169000 0.177500 0.210400 0.156500 0.158100 0.189800 0.118600 0.156600 0.000000 0.189500 0.174900 0.148900 0.167400 0.253600 0.176100 0.151800 0.129800 0.166000 0.128400 0.121500 0.148700 0.177400 0.137300 0.267400 0.202200 0.194800 0.179500 0.180700
BlueWildeb 0.081900 0.335800 0.139700 0.514200 0.146800 0.081900 0.139900 0.119700 0.131500 0.149300 0.081800 0.134400 0.009400 0.124800 0.195800 0.148000 0.176300 0.189700 0.130000 0.142900 0.120300 0.134200 0.225100 0.128700 0.103100 0.118300 0.009500 0.142200 0.119900 0.152400 0.149300 0.133600 0.189500 0.000000 0.038500 0.112100 0.080900 0.169500 0.117400 0.161900 0.161400 0.107300 0.159600 0.128900 0.134800 0.122500 0.110700 0.225100 0.145300 0.171600 0.142500 0.131800
Gemsbok 0.049800 0.345700 0.126500 0.490000 0.112200 0.049800 0.104500 0.085300 0.096300 0.136000 0.039400 0.098400 0.047800 0.112300 0.157600 0.111200 0.150000 0.140100 0.086900 0.107200 0.085600 0.089600 0.210100 0.115800 0.059600 0.105500 0.048200 0.106800 0.085200 0.116800 0.136000 0.121000 0.174900 0.038500 0.000000 0.076800 0.039000 0.133800 0.104700 0.148300 0.147800 0.094800 0.146200 0.115900 0.098700 0.089300 0.097700 0.187500 0.132500 0.124600 0.107000 0.096500
Yak 0.038100 0.317000 0.090300 0.425800 0.102200 0.038100 0.119500 0.103400 0.060900 0.110500 0.048900 0.020200 0.131100 0.127100 0.164600 0.107700 0.146900 0.136600 0.099400 0.071300 0.072000 0.080700 0.185100 0.090700 0.071100 0.123800 0.132500 0.071000 0.104600 0.080900 0.110500 0.135900 0.148900 0.112100 0.076800 0.000000 0.047900 0.147900 0.122800 0.122100 0.121800 0.112800 0.120600 0.091600 0.040500 0.123900 0.105600 0.164900 0.135600 0.109500 0.070900 0.071400
BlueSheep 0.010000 0.338000 0.119100 0.480400 0.092500 0.010000 0.084200 0.078600 0.089000 0.128600 0.000100 0.069200 0.090300 0.092500 0.149000 0.104600 0.142600 0.132600 0.048200 0.099900 0.079200 0.049700 0.212800 0.108600 0.019900 0.099000 0.091300 0.099400 0.079500 0.109400 0.128600 0.101500 0.167400 0.080900 0.039000 0.047900 0.000000 0.114000 0.098200 0.140600 0.140300 0.088200 0.138800 0.108900 0.091300 0.090900 0.091200 0.157200 0.112900 0.117200 0.099600 0.089200
BohorReedb 0.104700 0.415200 0.198500 0.452500 0.040300 0.104700 0.164000 0.156400 0.168000 0.207800 0.115300 0.147300 0.155800 0.171400 0.235200 0.187600 0.238400 0.215900 0.164100 0.179700 0.157800 0.158300 0.276500 0.187100 0.137500 0.177400 0.180700 0.178900 0.157800 0.189100 0.207800 0.180000 0.253600 0.169500 0.133800 0.147900 0.114000 0.000000 0.164800 0.198000 0.221000 0.165700 0.218500 0.188400 0.171100 0.146100 0.171100 0.229900 0.193300 0.218400 0.178900 0.168400
KirksDik 0.089200 0.372700 0.107500 0.496800 0.142400 0.089200 0.159100 0.077100 0.099700 0.116500 0.099500 0.133900 0.135100 0.143500 0.180400 0.101600 0.151600 0.163400 0.147800 0.110100 0.078200 0.108700 0.167000 0.118200 0.099500 0.047200 0.136600 0.109700 0.078300 0.119300 0.116500 0.152100 0.176100 0.117400 0.104700 0.122800 0.098200 0.164800 0.000000 0.106900 0.106700 0.047100 0.105600 0.109000 0.144500 0.129300 0.099500 0.234600 0.130300 0.168600 0.109500 0.089400
RoeDeer 0.131800 0.313300 0.106800 0.489800 0.164000 0.131800 0.193000 0.130200 0.099100 0.065500 0.142200 0.133100 0.180800 0.153800 0.190000 0.135300 0.139600 0.151200 0.168300 0.109400 0.089000 0.173300 0.133800 0.066500 0.142000 0.107600 0.171300 0.109100 0.131700 0.097800 0.065500 0.162300 0.151800 0.161900 0.148300 0.122100 0.140600 0.198000 0.106900 0.000000 0.075600 0.097200 0.074900 0.067100 0.122000 0.172100 0.111200 0.257600 0.196700 0.146500 0.108800 0.109600
WhiteLippe 0.131400 0.298400 0.127500 0.462200 0.186400 0.131400 0.192800 0.108700 0.120000 0.046000 0.141900 0.143600 0.180100 0.153800 0.238100 0.135000 0.139400 0.150900 0.168000 0.130600 0.088800 0.172900 0.103100 0.046800 0.141600 0.118200 0.182000 0.108800 0.131400 0.139700 0.046000 0.140100 0.129800 0.161400 0.147800 0.121800 0.140300 0.221000 0.106700 0.075600 0.000000 0.117900 0.036400 0.047300 0.121700 0.171800 0.111000 0.245700 0.127700 0.146300 0.118700 0.130800
ThomsonGaz 0.079100 0.361400 0.097800 0.501000 0.143200 0.079100 0.126400 0.067900 0.089800 0.106900 0.089500 0.123800 0.124800 0.112000 0.147300 0.069900 0.164000 0.176100 0.138000 0.100200 0.068500 0.120400 0.178900 0.108500 0.089400 0.027900 0.126100 0.099800 0.048300 0.109400 0.106900 0.120700 0.166000 0.107300 0.094800 0.112800 0.088200 0.165700 0.047100 0.097200 0.117900 0.000000 0.116700 0.099200 0.134400 0.098100 0.089700 0.224700 0.120600 0.158800 0.099600 0.079500
MuntiacusC 0.130000 0.322200 0.126200 0.471600 0.184200 0.130000 0.190700 0.107600 0.118800 0.008600 0.140400 0.142100 0.178000 0.152200 0.235200 0.133500 0.138000 0.149300 0.166200 0.129200 0.087900 0.171000 0.111900 0.046400 0.140100 0.117000 0.179900 0.107600 0.130000 0.138200 0.008700 0.138700 0.128400 0.159600 0.146200 0.120600 0.138800 0.218500 0.105600 0.074900 0.036400 0.116700 0.000000 0.046800 0.120400 0.170000 0.109900 0.254100 0.149100 0.144800 0.128500 0.129400
WhiteTaile 0.099700 0.291500 0.098300 0.499900 0.154200 0.099700 0.159500 0.089800 0.090200 0.037500 0.110200 0.113100 0.147000 0.121800 0.205000 0.115500 0.131200 0.142800 0.137200 0.100700 0.069800 0.164100 0.104200 0.000100 0.132300 0.109800 0.148500 0.079300 0.112400 0.110000 0.037500 0.108700 0.121500 0.128900 0.115900 0.091600 0.108900 0.188400 0.109000 0.067100 0.047300 0.099200 0.046800 0.000000 0.091500 0.163000 0.102400 0.225000 0.141500 0.117100 0.100100 0.090400
Cattle 0.082000 0.316600 0.111200 0.425000 0.124600 0.082000 0.142400 0.125100 0.081800 0.110400 0.092600 0.061600 0.154100 0.126900 0.188300 0.130400 0.146800 0.136400 0.120600 0.092400 0.071900 0.124300 0.184900 0.090600 0.115100 0.145700 0.155800 0.092000 0.126600 0.101900 0.110400 0.135700 0.148700 0.134800 0.098700 0.040500 0.091300 0.171100 0.144500 0.122000 0.121700 0.134400 0.120400 0.091500 0.000000 0.146200 0.105400 0.187300 0.158200 0.109400 0.091900 0.092600
RoyalAntel 0.081600 0.408600 0.150500 0.504200 0.146100 0.081600 0.094200 0.110200 0.143100 0.159900 0.091800 0.146000 0.131700 0.102200 0.183000 0.114600 0.198500 0.188200 0.139800 0.154300 0.111100 0.122200 0.212400 0.162200 0.070300 0.119700 0.133000 0.153600 0.110800 0.163600 0.159900 0.111000 0.177400 0.122500 0.089300 0.123900 0.090900 0.146100 0.129300 0.172100 0.171800 0.098100 0.170000 0.163000 0.146200 0.000000 0.101100 0.203900 0.122500 0.170100 0.153700 0.143400
Steenbok 0.082500 0.331200 0.133400 0.423900 0.147800 0.082500 0.119100 0.101500 0.125800 0.099900 0.092400 0.127800 0.129700 0.082900 0.164600 0.105600 0.135600 0.147600 0.120600 0.136800 0.081300 0.124200 0.173300 0.101400 0.070300 0.100200 0.131000 0.136300 0.102600 0.146300 0.099900 0.092100 0.137300 0.110700 0.097700 0.105600 0.091200 0.171100 0.099500 0.111200 0.111000 0.089700 0.109900 0.102400 0.105400 0.101100 0.000000 0.220000 0.147200 0.153000 0.136100 0.137000
Impala 0.139000 0.439600 0.237000 0.536200 0.241400 0.139000 0.238100 0.215800 0.207600 0.243600 0.149700 0.187700 0.218500 0.233100 0.226100 0.249300 0.262300 0.240300 0.198500 0.219100 0.215300 0.205000 0.171400 0.223200 0.172700 0.236600 0.245400 0.218300 0.228300 0.228200 0.243600 0.241100 0.267400 0.225100 0.187500 0.164900 0.157200 0.229900 0.234600 0.257600 0.245700 0.224700 0.254100 0.225000 0.187300 0.203900 0.220000 0.000000 0.253400 0.245000 0.218000 0.219400
Klipspring 0.103600 0.395100 0.151800 0.547000 0.170100 0.103600 0.140000 0.132900 0.167400 0.161200 0.114100 0.158000 0.154700 0.124900 0.208900 0.186500 0.224600 0.238200 0.162500 0.178900 0.145100 0.155900 0.237800 0.140900 0.136000 0.132100 0.156200 0.154900 0.157100 0.188200 0.161200 0.111700 0.202200 0.145300 0.132500 0.135600 0.112900 0.193300 0.130300 0.196700 0.127700 0.120600 0.149100 0.141500 0.158200 0.122500 0.147200 0.253400 0.000000 0.194000 0.165800 0.167800
ForestMusk 0.130200 0.364600 0.115300 0.503800 0.172300 0.130200 0.189900 0.150100 0.107900 0.135100 0.117800 0.130700 0.190400 0.174100 0.224200 0.155800 0.159500 0.149700 0.124200 0.118200 0.119700 0.171100 0.208000 0.116000 0.140200 0.159300 0.192300 0.117800 0.151700 0.127200 0.135100 0.182300 0.194800 0.171600 0.124600 0.109500 0.117200 0.218400 0.168600 0.146500 0.146300 0.158800 0.144800 0.117100 0.109400 0.170100 0.153000 0.245000 0.194000 0.000000 0.117600 0.118400
Bushbuck 0.090400 0.321600 0.038300 0.445500 0.132900 0.090400 0.150600 0.111900 0.009700 0.118600 0.100900 0.081500 0.161200 0.157400 0.172100 0.116400 0.177100 0.166800 0.149800 0.019400 0.102400 0.154900 0.192400 0.099200 0.123100 0.110300 0.163100 0.019400 0.113200 0.028900 0.118600 0.166000 0.179500 0.142500 0.107000 0.070900 0.099600 0.178900 0.109500 0.108800 0.118700 0.099600 0.128500 0.100100 0.091900 0.153700 0.136100 0.218000 0.165800 0.117600 0.000000 0.019500
GreaterKud 0.079800 0.353600 0.038300 0.461700 0.122500 0.079800 0.151500 0.091300 0.009300 0.119400 0.090400 0.081600 0.149100 0.158300 0.173300 0.095000 0.178200 0.168000 0.139800 0.018500 0.081700 0.144600 0.193700 0.099800 0.112600 0.090000 0.150900 0.019300 0.091800 0.028800 0.119400 0.166900 0.180700 0.131800 0.096500 0.071400 0.089200 0.168400 0.089400 0.109600 0.130800 0.079500 0.129400 0.090400 0.092600 0.143400 0.137000 0.219400 0.167800 0.118400 0.019500 0.000000
