CODONML (in paml version 4.10.7, June 2023)  /home/rachel/ruminants_paml/6406-phy-tree/ENSBTAT00000005656.fasta.phy
Model: free dN/dS Ratios for branches,  kappa = 2.000 fixed

Codon frequency model: F3x4
ns =  54  ls =  89

Codon usage in sequences
--------------------------------------------------------------------------------------------------------------------------------------
Phe TTT   1   1   1   1   1   1 | Ser TCT   0   1   1   1   0   0 | Tyr TAT   0   0   1   0   1   0 | Cys TGT   0   0   0   0   0   0
    TTC   2   2   2   2   2   2 |     TCC   2   0   1   1   0   1 |     TAC   2   2   1   2   1   2 |     TGC   2   2   2   2   2   2
Leu TTA   1   1   1   1   1   1 |     TCA   0   1   0   0   1   1 | *** TAA   0   0   0   0   0   0 | *** TGA   0   0   0   0   0   0
    TTG   0   0   0   0   2   1 |     TCG   0   0   0   0   1   0 |     TAG   0   0   0   0   0   0 | Trp TGG   1   1   1   1   1   1
--------------------------------------------------------------------------------------------------------------------------------------
Leu CTT   1   1   1   1   0   1 | Pro CCT   2   2   2   2   2   3 | His CAT   1   1   1   1   1   1 | Arg CGT   0   0   0   0   0   0
    CTC   1   1   0   1   2   1 |     CCC   3   4   2   3   3   3 |     CAC   1   1   1   1   1   1 |     CGC   0   0   0   0   0   0
    CTA   0   0   0   0   0   0 |     CCA   2   2   2   2   3   2 | Gln CAA   1   1   1   1   1   1 |     CGA   0   1   0   0   0   0
    CTG   3   3   4   3   1   2 |     CCG   1   0   2   1   0   0 |     CAG   4   4   4   4   4   4 |     CGG   1   0   1   1   1   1
--------------------------------------------------------------------------------------------------------------------------------------
Ile ATT   0   0   0   0   1   0 | Thr ACT   3   3   1   3   2   3 | Asn AAT   0   0   0   1   1   2 | Ser AGT   0   1   1   1   0   0
    ATC   5   5   5   5   4   5 |     ACC   2   2   3   2   1   1 |     AAC   3   3   3   2   3   2 |     AGC   1   0   1   0   1   1
    ATA   0   0   0   0   0   0 |     ACA   0   0   0   0   1   0 | Lys AAA   3   3   3   3   2   3 | Arg AGA   1   1   1   1   1   0
Met ATG   2   2   2   2   2   2 |     ACG   0   0   0   0   0   0 |     AAG   4   4   4   4   5   4 |     AGG   1   1   1   1   1   2
--------------------------------------------------------------------------------------------------------------------------------------
Val GTT   0   0   0   0   0   0 | Ala GCT   3   4   3   3   2   4 | Asp GAT   1   1   1   1   1   1 | Gly GGT   1   1   2   1   1   1
    GTC   1   1   1   1   1   2 |     GCC   5   4   5   5   6   3 |     GAC   2   2   2   2   2   2 |     GGC   2   2   1   2   2   2
    GTA   1   1   1   1   0   1 |     GCA   2   1   2   2   2   2 | Glu GAA   4   6   4   4   5   4 |     GGA   1   1   1   1   1   1
    GTG   1   1   1   1   2   1 |     GCG   0   1   0   0   0   0 |     GAG   8   6   8   8   7   8 |     GGG   0   0   0   0   0   0
--------------------------------------------------------------------------------------------------------------------------------------

--------------------------------------------------------------------------------------------------------------------------------------
Phe TTT   1   1   1   1   1   1 | Ser TCT   0   0   0   0   0   1 | Tyr TAT   0   0   0   0   1   0 | Cys TGT   0   0   0   0   0   1
    TTC   2   2   2   2   2   2 |     TCC   2   2   2   2   2   1 |     TAC   2   2   2   2   1   2 |     TGC   2   2   2   2   2   1
Leu TTA   1   1   1   1   1   1 |     TCA   0   0   0   0   0   1 | *** TAA   0   0   0   0   0   0 | *** TGA   0   0   0   0   0   0
    TTG   0   0   0   0   0   0 |     TCG   0   0   0   0   0   0 |     TAG   0   0   0   0   0   0 | Trp TGG   1   1   1   1   1   1
--------------------------------------------------------------------------------------------------------------------------------------
Leu CTT   1   1   1   1   1   1 | Pro CCT   2   2   2   2   2   2 | His CAT   1   1   1   1   1   1 | Arg CGT   0   0   0   0   0   0
    CTC   1   1   1   1   0   1 |     CCC   3   3   3   3   2   3 |     CAC   1   1   1   1   1   1 |     CGC   0   0   0   0   0   0
    CTA   0   0   0   0   0   0 |     CCA   2   2   2   2   2   1 | Gln CAA   1   1   1   1   1   1 |     CGA   0   0   0   0   0   0
    CTG   3   3   3   3   4   3 |     CCG   1   1   1   1   2   2 |     CAG   4   4   4   4   4   4 |     CGG   1   1   1   1   1   1
--------------------------------------------------------------------------------------------------------------------------------------
Ile ATT   0   0   0   0   0   0 | Thr ACT   4   3   3   3   1   3 | Asn AAT   0   0   0   0   0   0 | Ser AGT   0   0   0   0   1   1
    ATC   5   5   5   5   5   5 |     ACC   1   2   2   2   3   2 |     AAC   3   3   3   3   3   3 |     AGC   1   1   1   1   1   0
    ATA   0   0   0   0   0   0 |     ACA   0   0   0   1   0   0 | Lys AAA   3   3   3   3   3   3 | Arg AGA   1   1   1   1   1   1
Met ATG   2   2   2   2   2   2 |     ACG   0   0   0   0   0   0 |     AAG   4   4   4   4   4   4 |     AGG   1   1   1   1   1   1
--------------------------------------------------------------------------------------------------------------------------------------
Val GTT   0   0   0   0   0   0 | Ala GCT   3   3   3   4   3   3 | Asp GAT   1   1   1   1   1   1 | Gly GGT   1   1   0   1   1   1
    GTC   1   1   1   1   1   1 |     GCC   5   5   5   4   5   4 |     GAC   2   2   2   2   2   2 |     GGC   2   2   3   2   2   2
    GTA   1   1   1   1   1   1 |     GCA   2   2   2   1   2   2 | Glu GAA   4   4   4   4   4   4 |     GGA   1   1   1   1   1   1
    GTG   1   1   1   1   1   1 |     GCG   0   0   0   0   0   0 |     GAG   8   8   8   8   8   8 |     GGG   0   0   0   0   0   0
--------------------------------------------------------------------------------------------------------------------------------------

--------------------------------------------------------------------------------------------------------------------------------------
Phe TTT   1   1   1   1   1   1 | Ser TCT   0   0   0   0   0   1 | Tyr TAT   0   0   0   0   1   0 | Cys TGT   0   0   0   0   0   0
    TTC   2   2   2   2   2   2 |     TCC   2   2   2   2   2   2 |     TAC   2   2   2   2   1   2 |     TGC   2   2   2   2   2   2
Leu TTA   1   1   1   1   1   1 |     TCA   0   0   0   0   0   0 | *** TAA   0   0   0   0   0   0 | *** TGA   0   0   0   0   0   0
    TTG   0   0   0   0   0   0 |     TCG   0   0   0   0   0   0 |     TAG   0   0   0   0   0   0 | Trp TGG   1   1   1   1   1   1
--------------------------------------------------------------------------------------------------------------------------------------
Leu CTT   1   1   1   1   1   1 | Pro CCT   2   2   2   2   2   2 | His CAT   1   1   1   1   1   1 | Arg CGT   0   0   0   0   0   0
    CTC   1   0   1   1   1   1 |     CCC   3   3   3   3   2   2 |     CAC   1   1   1   1   1   1 |     CGC   0   0   0   0   0   0
    CTA   0   0   0   0   0   0 |     CCA   2   2   2   2   2   3 | Gln CAA   1   1   1   1   1   1 |     CGA   0   0   0   0   0   0
    CTG   3   4   3   3   3   3 |     CCG   1   1   1   1   2   1 |     CAG   4   4   4   4   4   4 |     CGG   1   1   1   1   1   1
--------------------------------------------------------------------------------------------------------------------------------------
Ile ATT   0   0   0   0   0   0 | Thr ACT   3   3   3   3   3   2 | Asn AAT   1   1   0   0   0   0 | Ser AGT   0   0   0   0   0   0
    ATC   5   5   5   5   5   5 |     ACC   2   2   2   2   2   2 |     AAC   2   2   4   3   3   3 |     AGC   1   1   0   1   1   1
    ATA   0   0   0   0   0   0 |     ACA   0   0   0   0   0   1 | Lys AAA   3   3   3   3   3   3 | Arg AGA   1   1   1   1   1   1
Met ATG   2   2   2   2   2   2 |     ACG   0   0   0   0   0   0 |     AAG   4   4   4   4   4   4 |     AGG   1   1   1   1   1   1
--------------------------------------------------------------------------------------------------------------------------------------
Val GTT   0   0   0   0   0   0 | Ala GCT   3   3   2   3   3   4 | Asp GAT   1   1   1   1   1   1 | Gly GGT   1   1   1   1   1   1
    GTC   1   1   1   1   1   1 |     GCC   5   5   5   5   5   4 |     GAC   2   2   2   2   2   2 |     GGC   2   2   2   2   2   2
    GTA   1   1   1   1   1   1 |     GCA   2   2   2   2   2   1 | Glu GAA   4   4   5   4   4   4 |     GGA   1   1   1   1   1   1
    GTG   1   1   1   1   1   1 |     GCG   0   0   1   0   0   0 |     GAG   8   8   7   8   8   8 |     GGG   0   0   0   0   0   0
--------------------------------------------------------------------------------------------------------------------------------------

--------------------------------------------------------------------------------------------------------------------------------------
Phe TTT   1   1   1   1   1   1 | Ser TCT   1   1   0   0   0   0 | Tyr TAT   0   0   0   1   0   0 | Cys TGT   0   0   0   0   0   0
    TTC   2   2   2   2   2   2 |     TCC   1   1   2   2   2   2 |     TAC   2   2   2   1   2   2 |     TGC   2   2   2   2   2   2
Leu TTA   1   1   1   1   1   1 |     TCA   0   0   0   0   0   0 | *** TAA   0   0   0   0   0   0 | *** TGA   0   0   0   0   0   0
    TTG   0   0   0   0   0   0 |     TCG   0   0   0   0   0   0 |     TAG   0   0   0   0   0   0 | Trp TGG   1   1   1   1   1   1
--------------------------------------------------------------------------------------------------------------------------------------
Leu CTT   1   1   1   1   0   1 | Pro CCT   2   2   2   2   2   2 | His CAT   1   1   1   1   1   1 | Arg CGT   0   0   0   0   0   0
    CTC   1   1   1   0   1   1 |     CCC   3   3   3   2   3   3 |     CAC   1   1   1   1   1   1 |     CGC   0   0   0   0   0   0
    CTA   0   0   0   0   0   0 |     CCA   1   1   2   3   2   2 | Gln CAA   1   1   1   1   1   1 |     CGA   0   0   0   0   0   0
    CTG   3   3   3   4   4   3 |     CCG   2   2   1   1   1   1 |     CAG   4   4   4   4   4   4 |     CGG   1   1   1   1   1   1
--------------------------------------------------------------------------------------------------------------------------------------
Ile ATT   0   0   0   0   0   0 | Thr ACT   2   4   3   1   3   3 | Asn AAT   0   0   0   0   0   0 | Ser AGT   0   0   0   1   0   0
    ATC   5   5   5   5   5   5 |     ACC   2   1   2   3   2   2 |     AAC   3   3   3   3   3   3 |     AGC   1   1   1   1   1   1
    ATA   0   0   0   0   0   0 |     ACA   0   0   0   0   1   0 | Lys AAA   3   3   3   3   3   3 | Arg AGA   1   1   1   1   1   1
Met ATG   2   2   2   2   2   2 |     ACG   0   0   0   0   0   0 |     AAG   4   4   4   4   4   4 |     AGG   1   1   1   1   1   1
--------------------------------------------------------------------------------------------------------------------------------------
Val GTT   0   1   0   0   0   0 | Ala GCT   4   3   3   3   4   3 | Asp GAT   1   1   1   1   1   1 | Gly GGT   1   1   1   1   1   1
    GTC   1   1   1   1   1   1 |     GCC   5   5   5   5   4   5 |     GAC   2   2   2   2   2   2 |     GGC   2   2   2   2   2   2
    GTA   1   0   1   1   1   1 |     GCA   2   2   2   2   1   2 | Glu GAA   4   4   4   4   4   4 |     GGA   1   1   1   1   1   1
    GTG   1   1   1   1   1   1 |     GCG   0   0   0   0   0   0 |     GAG   8   8   8   8   8   8 |     GGG   0   0   0   0   0   0
--------------------------------------------------------------------------------------------------------------------------------------

--------------------------------------------------------------------------------------------------------------------------------------
Phe TTT   1   1   1   1   1   1 | Ser TCT   0   1   0   0   0   0 | Tyr TAT   0   0   0   0   0   1 | Cys TGT   1   1   0   0   0   0
    TTC   2   2   2   2   2   2 |     TCC   1   1   2   2   2   2 |     TAC   2   2   2   2   2   1 |     TGC   1   1   2   2   2   2
Leu TTA   1   1   1   1   1   1 |     TCA   1   0   0   0   0   0 | *** TAA   0   0   0   0   0   0 | *** TGA   0   0   0   0   0   0
    TTG   0   0   0   0   0   0 |     TCG   0   0   0   0   0   0 |     TAG   0   0   0   0   0   0 | Trp TGG   1   1   1   1   1   1
--------------------------------------------------------------------------------------------------------------------------------------
Leu CTT   1   1   1   1   1   1 | Pro CCT   1   1   2   2   2   2 | His CAT   1   1   1   1   1   1 | Arg CGT   0   0   0   0   0   0
    CTC   1   1   1   1   1   0 |     CCC   3   3   3   3   3   2 |     CAC   1   1   1   1   1   1 |     CGC   0   0   0   0   0   0
    CTA   0   0   0   0   0   0 |     CCA   2   2   2   2   2   2 | Gln CAA   1   1   1   1   1   1 |     CGA   0   0   0   0   0   0
    CTG   3   3   3   3   3   4 |     CCG   2   2   1   1   1   2 |     CAG   4   4   4   4   4   4 |     CGG   1   1   1   1   1   1
--------------------------------------------------------------------------------------------------------------------------------------
Ile ATT   0   0   0   0   0   0 | Thr ACT   3   3   3   3   3   1 | Asn AAT   1   0   0   0   0   0 | Ser AGT   1   1   0   0   0   1
    ATC   5   5   5   5   5   5 |     ACC   2   2   2   2   2   3 |     AAC   2   3   3   3   4   3 |     AGC   0   0   1   1   0   1
    ATA   0   0   0   0   0   0 |     ACA   0   0   0   1   0   0 | Lys AAA   3   3   3   3   3   3 | Arg AGA   1   1   1   1   1   1
Met ATG   2   2   2   2   2   2 |     ACG   0   0   0   0   0   0 |     AAG   4   4   4   4   4   4 |     AGG   1   1   1   1   1   1
--------------------------------------------------------------------------------------------------------------------------------------
Val GTT   0   0   0   0   0   0 | Ala GCT   3   3   3   4   2   3 | Asp GAT   1   1   1   1   1   1 | Gly GGT   1   1   1   1   1   1
    GTC   1   2   1   1   1   1 |     GCC   5   5   5   4   5   5 |     GAC   2   2   2   2   2   2 |     GGC   2   2   2   2   2   2
    GTA   1   0   1   1   1   1 |     GCA   2   2   2   1   2   2 | Glu GAA   4   4   4   4   6   4 |     GGA   1   1   1   1   1   1
    GTG   1   1   1   1   1   1 |     GCG   0   0   0   0   1   0 |     GAG   8   8   8   8   6   8 |     GGG   0   0   0   0   0   0
--------------------------------------------------------------------------------------------------------------------------------------

--------------------------------------------------------------------------------------------------------------------------------------
Phe TTT   1   1   1   1   1   1 | Ser TCT   0   0   1   0   1   0 | Tyr TAT   0   1   0   0   0   0 | Cys TGT   0   0   1   0   0   0
    TTC   2   2   2   2   2   2 |     TCC   2   2   1   2   1   2 |     TAC   2   1   2   2   2   2 |     TGC   2   2   1   2   2   2
Leu TTA   1   1   1   1   1   1 |     TCA   0   0   1   0   0   0 | *** TAA   0   0   0   0   0   0 | *** TGA   0   0   0   0   0   0
    TTG   0   0   0   1   0   0 |     TCG   0   0   0   0   0   0 |     TAG   0   0   0   0   0   0 | Trp TGG   1   1   1   1   1   1
--------------------------------------------------------------------------------------------------------------------------------------
Leu CTT   1   1   1   1   1   1 | Pro CCT   2   2   2   2   3   2 | His CAT   1   1   1   1   1   1 | Arg CGT   0   0   0   0   0   0
    CTC   1   0   1   1   1   1 |     CCC   3   2   3   3   2   3 |     CAC   1   1   1   1   1   1 |     CGC   0   0   0   0   0   0
    CTA   0   0   0   0   0   0 |     CCA   2   2   1   2   2   2 | Gln CAA   1   1   1   1   1   1 |     CGA   0   0   0   0   0   0
    CTG   3   4   3   2   3   3 |     CCG   1   2   2   1   1   1 |     CAG   4   4   4   4   4   4 |     CGG   1   1   1   1   1   1
--------------------------------------------------------------------------------------------------------------------------------------
Ile ATT   0   0   0   0   0   0 | Thr ACT   3   1   3   3   3   3 | Asn AAT   0   0   0   0   1   0 | Ser AGT   0   1   1   1   0   0
    ATC   5   5   5   5   5   5 |     ACC   2   3   2   2   2   2 |     AAC   3   3   3   3   2   4 |     AGC   1   1   0   0   1   0
    ATA   0   0   0   0   0   0 |     ACA   1   0   0   0   0   0 | Lys AAA   3   3   3   3   3   3 | Arg AGA   1   1   1   1   1   1
Met ATG   2   2   2   2   2   2 |     ACG   0   0   0   0   0   0 |     AAG   4   4   4   4   4   4 |     AGG   1   1   1   1   1   1
--------------------------------------------------------------------------------------------------------------------------------------
Val GTT   0   0   0   0   0   0 | Ala GCT   4   3   3   3   3   2 | Asp GAT   1   1   1   1   2   1 | Gly GGT   1   1   1   1   1   1
    GTC   1   1   1   1   1   1 |     GCC   4   5   4   5   5   5 |     GAC   2   2   2   2   1   2 |     GGC   2   2   2   2   2   2
    GTA   1   1   1   1   1   1 |     GCA   1   2   2   2   2   2 | Glu GAA   5   4   4   4   4   5 |     GGA   1   1   1   1   1   1
    GTG   1   1   1   1   1   1 |     GCG   0   0   0   0   0   1 |     GAG   7   8   8   8   8   7 |     GGG   0   0   0   0   0   0
--------------------------------------------------------------------------------------------------------------------------------------

--------------------------------------------------------------------------------------------------------------------------------------
Phe TTT   1   1   1   1   1   1 | Ser TCT   0   0   0   0   1   0 | Tyr TAT   0   0   0   0   0   0 | Cys TGT   0   0   0   0   0   1
    TTC   2   2   2   2   2   2 |     TCC   2   2   2   2   1   2 |     TAC   2   2   2   2   2   2 |     TGC   2   2   2   2   2   1
Leu TTA   1   1   1   1   1   1 |     TCA   0   0   0   0   0   0 | *** TAA   0   0   0   0   0   0 | *** TGA   0   0   0   0   0   0
    TTG   0   0   0   0   0   0 |     TCG   0   0   0   0   0   0 |     TAG   0   0   0   0   0   0 | Trp TGG   1   1   1   1   1   1
--------------------------------------------------------------------------------------------------------------------------------------
Leu CTT   1   1   1   1   1   1 | Pro CCT   3   2   2   2   2   1 | His CAT   1   1   1   1   1   1 | Arg CGT   0   0   0   0   0   0
    CTC   1   0   1   1   1   1 |     CCC   2   3   3   3   3   3 |     CAC   1   1   1   1   1   1 |     CGC   0   0   0   0   0   0
    CTA   0   0   0   0   0   0 |     CCA   2   3   2   2   2   2 | Gln CAA   1   1   1   1   1   1 |     CGA   0   0   0   0   0   0
    CTG   3   4   3   3   3   3 |     CCG   1   0   1   1   1   2 |     CAG   4   4   4   4   4   4 |     CGG   1   1   1   1   1   1
--------------------------------------------------------------------------------------------------------------------------------------
Ile ATT   0   0   0   0   0   0 | Thr ACT   3   3   3   4   3   3 | Asn AAT   0   1   0   0   0   1 | Ser AGT   0   0   0   0   1   1
    ATC   5   5   5   5   5   5 |     ACC   2   2   2   1   2   2 |     AAC   3   2   3   3   3   2 |     AGC   1   1   1   1   0   0
    ATA   0   0   0   0   0   0 |     ACA   0   0   0   0   1   0 | Lys AAA   2   3   3   3   3   3 | Arg AGA   1   1   1   1   1   1
Met ATG   2   2   2   2   2   2 |     ACG   0   0   0   0   0   0 |     AAG   5   4   4   4   4   4 |     AGG   1   1   1   1   1   1
--------------------------------------------------------------------------------------------------------------------------------------
Val GTT   0   0   0   0   0   0 | Ala GCT   3   3   3   3   3   2 | Asp GAT   2   1   1   1   1   1 | Gly GGT   1   1   1   1   1   1
    GTC   1   1   1   1   1   1 |     GCC   5   5   5   5   5   5 |     GAC   1   2   2   2   2   2 |     GGC   2   2   2   2   2   2
    GTA   1   1   1   1   1   1 |     GCA   2   2   2   2   1   3 | Glu GAA   5   4   4   4   4   4 |     GGA   1   1   1   1   1   1
    GTG   1   1   1   1   1   1 |     GCG   0   0   0   0   0   0 |     GAG   7   8   8   8   8   8 |     GGG   0   0   0   0   0   0
--------------------------------------------------------------------------------------------------------------------------------------

--------------------------------------------------------------------------------------------------------------------------------------
Phe TTT   1   1   1   1   1   1 | Ser TCT   0   0   1   1   0   1 | Tyr TAT   0   0   0   0   0   1 | Cys TGT   1   0   1   1   0   0
    TTC   2   2   2   2   2   2 |     TCC   1   2   1   1   2   1 |     TAC   2   2   2   2   2   1 |     TGC   1   2   1   1   2   2
Leu TTA   1   1   1   1   1   1 |     TCA   1   0   1   0   0   0 | *** TAA   0   0   0   0   0   0 | *** TGA   0   0   0   0   0   0
    TTG   0   0   0   0   0   0 |     TCG   0   0   0   0   0   0 |     TAG   0   0   0   0   0   0 | Trp TGG   1   1   1   1   1   1
--------------------------------------------------------------------------------------------------------------------------------------
Leu CTT   1   1   1   1   1   1 | Pro CCT   1   2   2   1   2   2 | His CAT   1   1   1   1   1   1 | Arg CGT   0   0   0   0   0   0
    CTC   1   1   1   1   0   1 |     CCC   3   3   3   3   3   3 |     CAC   1   1   1   1   1   1 |     CGC   0   0   0   0   0   0
    CTA   0   0   0   0   0   0 |     CCA   2   2   1   2   3   2 | Gln CAA   1   1   1   1   1   1 |     CGA   0   0   0   0   0   0
    CTG   3   3   3   3   4   3 |     CCG   2   1   2   2   0   1 |     CAG   4   4   4   4   4   4 |     CGG   1   1   1   1   1   1
--------------------------------------------------------------------------------------------------------------------------------------
Ile ATT   1   0   0   0   0   0 | Thr ACT   3   3   3   3   3   4 | Asn AAT   1   0   0   0   1   0 | Ser AGT   1   0   1   1   0   1
    ATC   4   5   5   5   5   5 |     ACC   2   2   2   2   2   1 |     AAC   2   3   3   3   2   3 |     AGC   0   1   0   0   1   0
    ATA   0   0   0   0   0   0 |     ACA   0   1   0   0   0   0 | Lys AAA   3   3   3   3   3   3 | Arg AGA   1   1   1   1   1   1
Met ATG   2   2   2   2   2   2 |     ACG   0   0   0   0   0   0 |     AAG   4   4   4   4   4   4 |     AGG   1   1   1   1   1   1
--------------------------------------------------------------------------------------------------------------------------------------
Val GTT   0   0   0   0   0   0 | Ala GCT   3   4   3   3   3   2 | Asp GAT   1   1   1   1   1   1 | Gly GGT   1   1   1   1   1   1
    GTC   1   1   1   1   1   1 |     GCC   5   4   4   5   5   6 |     GAC   2   2   2   2   2   2 |     GGC   2   2   2   2   2   2
    GTA   1   1   1   1   1   1 |     GCA   2   1   2   2   2   1 | Glu GAA   4   4   4   4   4   4 |     GGA   1   1   1   1   1   1
    GTG   1   1   1   1   1   1 |     GCG   0   0   0   0   0   1 |     GAG   8   8   8   8   8   8 |     GGG   0   0   0   0   0   0
--------------------------------------------------------------------------------------------------------------------------------------

--------------------------------------------------------------------------------------------------------------------------------------
Phe TTT   1   1   1   1   1   1 | Ser TCT   0   0   1   1   0   0 | Tyr TAT   0   0   0   0   1   1 | Cys TGT   0   0   0   0   0   0
    TTC   2   2   2   2   2   2 |     TCC   2   2   2   1   2   2 |     TAC   2   2   2   2   1   1 |     TGC   2   2   2   2   2   2
Leu TTA   1   1   1   1   1   1 |     TCA   0   0   0   0   0   0 | *** TAA   0   0   0   0   0   0 | *** TGA   0   0   0   0   0   0
    TTG   0   0   0   0   0   0 |     TCG   0   0   0   0   0   0 |     TAG   0   0   0   0   0   0 | Trp TGG   1   1   1   1   1   1
--------------------------------------------------------------------------------------------------------------------------------------
Leu CTT   1   0   1   1   1   1 | Pro CCT   2   3   2   2   2   2 | His CAT   1   1   1   1   1   1 | Arg CGT   0   0   0   0   0   0
    CTC   1   2   1   1   0   0 |     CCC   3   2   3   3   2   2 |     CAC   1   1   1   1   1   1 |     CGC   0   0   0   0   0   0
    CTA   0   0   0   0   0   0 |     CCA   2   2   2   2   2   2 | Gln CAA   1   1   1   1   1   1 |     CGA   0   0   0   0   0   0
    CTG   3   3   3   3   4   4 |     CCG   1   1   1   1   2   2 |     CAG   4   4   4   4   4   4 |     CGG   1   1   1   1   1   1
--------------------------------------------------------------------------------------------------------------------------------------
Ile ATT   0   0   0   0   0   0 | Thr ACT   3   4   3   3   1   1 | Asn AAT   0   0   0   1   1   0 | Ser AGT   1   0   0   1   1   1
    ATC   5   5   5   5   5   5 |     ACC   3   1   2   2   3   3 |     AAC   3   3   3   2   2   3 |     AGC   0   1   1   0   1   1
    ATA   0   0   0   0   0   0 |     ACA   1   0   0   0   0   0 | Lys AAA   3   3   4   3   3   3 | Arg AGA   1   0   1   1   1   1
Met ATG   2   2   2   2   2   2 |     ACG   0   0   0   0   0   0 |     AAG   4   4   3   4   4   4 |     AGG   1   2   1   1   1   1
--------------------------------------------------------------------------------------------------------------------------------------
Val GTT   0   0   0   0   0   0 | Ala GCT   4   3   3   3   3   3 | Asp GAT   1   1   1   1   1   1 | Gly GGT   1   1   0   1   1   1
    GTC   1   1   1   1   1   1 |     GCC   3   5   4   5   5   5 |     GAC   2   2   2   2   2   2 |     GGC   2   2   2   2   2   2
    GTA   1   1   2   1   1   1 |     GCA   1   2   2   2   2   2 | Glu GAA   4   4   6   4   4   4 |     GGA   1   1   1   1   1   1
    GTG   1   1   0   1   1   1 |     GCG   0   0   0   0   0   0 |     GAG   8   8   6   8   8   8 |     GGG   0   0   1   0   0   0
--------------------------------------------------------------------------------------------------------------------------------------

Codon position x base (3x4) table for each sequence.

#1: Argali         
position  1:    T:0.12360    C:0.23596    A:0.28090    G:0.35955
position  2:    T:0.21348    C:0.28090    A:0.38202    G:0.12360
position  3:    T:0.14607    C:0.38202    A:0.17978    G:0.29213
Average         T:0.16105    C:0.29963    A:0.28090    G:0.25843

#2: LesserMouseDeer
position  1:    T:0.12360    C:0.23596    A:0.28090    G:0.35955
position  2:    T:0.21348    C:0.28090    A:0.38202    G:0.12360
position  3:    T:0.17978    C:0.34831    A:0.21348    G:0.25843
Average         T:0.17228    C:0.28839    A:0.29213    G:0.24719

#3: LesserKudu     
position  1:    T:0.12360    C:0.23596    A:0.28090    G:0.35955
position  2:    T:0.21348    C:0.26966    A:0.38202    G:0.13483
position  3:    T:0.16854    C:0.33708    A:0.17978    G:0.31461
Average         T:0.16854    C:0.28090    A:0.28090    G:0.26966

#4: ForestMuskDeer2
position  1:    T:0.12360    C:0.23596    A:0.28090    G:0.35955
position  2:    T:0.21348    C:0.28090    A:0.38202    G:0.12360
position  3:    T:0.17978    C:0.34831    A:0.17978    G:0.29213
Average         T:0.17228    C:0.28839    A:0.28090    G:0.25843

#5: Camel          
position  1:    T:0.14607    C:0.21348    A:0.28090    G:0.35955
position  2:    T:0.21348    C:0.26966    A:0.39326    G:0.12360
position  3:    T:0.14607    C:0.34831    A:0.20225    G:0.30337
Average         T:0.16854    C:0.27715    A:0.29213    G:0.26217

#6: KillerWhale    
position  1:    T:0.13483    C:0.22472    A:0.28090    G:0.35955
position  2:    T:0.22472    C:0.25843    A:0.39326    G:0.12360
position  3:    T:0.19101    C:0.33708    A:0.17978    G:0.29213
Average         T:0.18352    C:0.27341    A:0.28464    G:0.25843

#7: DefassaWaterbuck
position  1:    T:0.12360    C:0.23596    A:0.28090    G:0.35955
position  2:    T:0.21348    C:0.28090    A:0.38202    G:0.12360
position  3:    T:0.15730    C:0.37079    A:0.17978    G:0.29213
Average         T:0.16479    C:0.29588    A:0.28090    G:0.25843

#8: Sheep          
position  1:    T:0.12360    C:0.23596    A:0.28090    G:0.35955
position  2:    T:0.21348    C:0.28090    A:0.38202    G:0.12360
position  3:    T:0.14607    C:0.38202    A:0.17978    G:0.29213
Average         T:0.16105    C:0.29963    A:0.28090    G:0.25843

#9: MaxwellsDuiker 
position  1:    T:0.12360    C:0.23596    A:0.28090    G:0.35955
position  2:    T:0.21348    C:0.28090    A:0.38202    G:0.12360
position  3:    T:0.13483    C:0.39326    A:0.17978    G:0.29213
Average         T:0.15730    C:0.30337    A:0.28090    G:0.25843

#10: GazellaPrzewalskyi
position  1:    T:0.12360    C:0.23596    A:0.29213    G:0.34831
position  2:    T:0.21348    C:0.28090    A:0.38202    G:0.12360
position  3:    T:0.15730    C:0.37079    A:0.17978    G:0.29213
Average         T:0.16479    C:0.29588    A:0.28464    G:0.25468

#11: MountainNyala  
position  1:    T:0.12360    C:0.23596    A:0.28090    G:0.35955
position  2:    T:0.21348    C:0.26966    A:0.38202    G:0.13483
position  3:    T:0.14607    C:0.35955    A:0.17978    G:0.31461
Average         T:0.16105    C:0.28839    A:0.28090    G:0.26966

#12: MuntiacusMuntjak
position  1:    T:0.13483    C:0.23596    A:0.28090    G:0.34831
position  2:    T:0.21348    C:0.28090    A:0.38202    G:0.12360
position  3:    T:0.17978    C:0.33708    A:0.17978    G:0.30337
Average         T:0.17603    C:0.28464    A:0.28090    G:0.25843

#13: goat           
position  1:    T:0.12360    C:0.23596    A:0.28090    G:0.35955
position  2:    T:0.21348    C:0.28090    A:0.38202    G:0.12360
position  3:    T:0.15730    C:0.37079    A:0.17978    G:0.29213
Average         T:0.16479    C:0.29588    A:0.28090    G:0.25843

#14: AfricanBuffalo 
position  1:    T:0.12360    C:0.23596    A:0.28090    G:0.35955
position  2:    T:0.21348    C:0.28090    A:0.38202    G:0.12360
position  3:    T:0.15730    C:0.35955    A:0.17978    G:0.30337
Average         T:0.16479    C:0.29213    A:0.28090    G:0.26217

#15: Topi           
position  1:    T:0.12360    C:0.23596    A:0.28090    G:0.35955
position  2:    T:0.21348    C:0.28090    A:0.39326    G:0.11236
position  3:    T:0.13483    C:0.38202    A:0.19101    G:0.29213
Average         T:0.15730    C:0.29963    A:0.28839    G:0.25468

#16: CommonDuiker   
position  1:    T:0.12360    C:0.23596    A:0.28090    G:0.35955
position  2:    T:0.21348    C:0.28090    A:0.38202    G:0.12360
position  3:    T:0.14607    C:0.38202    A:0.17978    G:0.29213
Average         T:0.16105    C:0.29963    A:0.28090    G:0.25843

#17: Suni           
position  1:    T:0.12360    C:0.23596    A:0.28090    G:0.35955
position  2:    T:0.21348    C:0.28090    A:0.38202    G:0.12360
position  3:    T:0.15730    C:0.35955    A:0.17978    G:0.30337
Average         T:0.16479    C:0.29213    A:0.28090    G:0.26217

#18: Springbuck     
position  1:    T:0.13483    C:0.23596    A:0.28090    G:0.34831
position  2:    T:0.21348    C:0.28090    A:0.38202    G:0.12360
position  3:    T:0.15730    C:0.35955    A:0.19101    G:0.29213
Average         T:0.16854    C:0.29213    A:0.28464    G:0.25468

#19: Okapi          
position  1:    T:0.12360    C:0.23596    A:0.26966    G:0.37079
position  2:    T:0.21348    C:0.28090    A:0.38202    G:0.12360
position  3:    T:0.15730    C:0.37079    A:0.16854    G:0.30337
Average         T:0.16479    C:0.29588    A:0.27341    G:0.26592

#20: Giraffe        
position  1:    T:0.12360    C:0.23596    A:0.28090    G:0.35955
position  2:    T:0.21348    C:0.28090    A:0.38202    G:0.12360
position  3:    T:0.17978    C:0.35955    A:0.15730    G:0.30337
Average         T:0.17228    C:0.29213    A:0.27341    G:0.26217

#21: TibetanAntelope
position  1:    T:0.12360    C:0.23596    A:0.28090    G:0.35955
position  2:    T:0.21348    C:0.28090    A:0.38202    G:0.12360
position  3:    T:0.14607    C:0.38202    A:0.17978    G:0.29213
Average         T:0.16105    C:0.29963    A:0.28090    G:0.25843

#22: Sitatunga      
position  1:    T:0.12360    C:0.23596    A:0.28090    G:0.35955
position  2:    T:0.21348    C:0.26966    A:0.38202    G:0.13483
position  3:    T:0.14607    C:0.35955    A:0.19101    G:0.30337
Average         T:0.16105    C:0.28839    A:0.28464    G:0.26592

#23: Oribi          
position  1:    T:0.12360    C:0.23596    A:0.29213    G:0.34831
position  2:    T:0.21348    C:0.28090    A:0.38202    G:0.12360
position  3:    T:0.14607    C:0.37079    A:0.17978    G:0.30337
Average         T:0.16105    C:0.29588    A:0.28464    G:0.25843

#24: BarbarySheep   
position  1:    T:0.12360    C:0.23596    A:0.28090    G:0.35955
position  2:    T:0.21348    C:0.28090    A:0.38202    G:0.12360
position  3:    T:0.14607    C:0.38202    A:0.17978    G:0.29213
Average         T:0.16105    C:0.29963    A:0.28090    G:0.25843

#25: Daviddeer      
position  1:    T:0.12360    C:0.23596    A:0.28090    G:0.35955
position  2:    T:0.21348    C:0.28090    A:0.38202    G:0.12360
position  3:    T:0.16854    C:0.33708    A:0.19101    G:0.30337
Average         T:0.16854    C:0.28464    A:0.28464    G:0.26217

#26: Reindeer       
position  1:    T:0.12360    C:0.23596    A:0.28090    G:0.35955
position  2:    T:0.21348    C:0.28090    A:0.38202    G:0.12360
position  3:    T:0.16854    C:0.35955    A:0.16854    G:0.30337
Average         T:0.16854    C:0.29213    A:0.27715    G:0.26217

#27: Ibex           
position  1:    T:0.12360    C:0.23596    A:0.28090    G:0.35955
position  2:    T:0.21348    C:0.28090    A:0.38202    G:0.12360
position  3:    T:0.14607    C:0.38202    A:0.17978    G:0.29213
Average         T:0.16105    C:0.29963    A:0.28090    G:0.25843

#28: GyrantGazelle  
position  1:    T:0.12360    C:0.23596    A:0.29213    G:0.34831
position  2:    T:0.21348    C:0.28090    A:0.38202    G:0.12360
position  3:    T:0.15730    C:0.37079    A:0.17978    G:0.29213
Average         T:0.16479    C:0.29588    A:0.28464    G:0.25468

#29: Hartebeest     
position  1:    T:0.12360    C:0.23596    A:0.28090    G:0.35955
position  2:    T:0.21348    C:0.28090    A:0.39326    G:0.11236
position  3:    T:0.13483    C:0.38202    A:0.20225    G:0.28090
Average         T:0.15730    C:0.29963    A:0.29213    G:0.25094

#30: Bongo          
position  1:    T:0.12360    C:0.23596    A:0.28090    G:0.35955
position  2:    T:0.21348    C:0.26966    A:0.38202    G:0.13483
position  3:    T:0.14607    C:0.35955    A:0.17978    G:0.31461
Average         T:0.16105    C:0.28839    A:0.28090    G:0.26966

#31: Gerenuk        
position  1:    T:0.12360    C:0.23596    A:0.29213    G:0.34831
position  2:    T:0.21348    C:0.28090    A:0.38202    G:0.12360
position  3:    T:0.15730    C:0.37079    A:0.19101    G:0.28090
Average         T:0.16479    C:0.29588    A:0.28839    G:0.25094

#32: CommonEland    
position  1:    T:0.12360    C:0.23596    A:0.28090    G:0.35955
position  2:    T:0.21348    C:0.26966    A:0.38202    G:0.13483
position  3:    T:0.14607    C:0.35955    A:0.17978    G:0.31461
Average         T:0.16105    C:0.28839    A:0.28090    G:0.26966

#33: MuntiacusReevesi
position  1:    T:0.13483    C:0.23596    A:0.28090    G:0.34831
position  2:    T:0.21348    C:0.28090    A:0.38202    G:0.12360
position  3:    T:0.17978    C:0.33708    A:0.17978    G:0.30337
Average         T:0.17603    C:0.28464    A:0.28090    G:0.25843

#34: HarveysDuiker  
position  1:    T:0.13483    C:0.22472    A:0.28090    G:0.35955
position  2:    T:0.21348    C:0.28090    A:0.38202    G:0.12360
position  3:    T:0.15730    C:0.37079    A:0.17978    G:0.29213
Average         T:0.16854    C:0.29213    A:0.28090    G:0.25843

#35: Pronghorn      
position  1:    T:0.12360    C:0.23596    A:0.28090    G:0.35955
position  2:    T:0.21348    C:0.28090    A:0.38202    G:0.12360
position  3:    T:0.19101    C:0.33708    A:0.17978    G:0.29213
Average         T:0.17603    C:0.28464    A:0.28090    G:0.25843

#36: BlueWildebeest 
position  1:    T:0.12360    C:0.23596    A:0.28090    G:0.35955
position  2:    T:0.21348    C:0.28090    A:0.39326    G:0.11236
position  3:    T:0.13483    C:0.38202    A:0.19101    G:0.29213
Average         T:0.15730    C:0.29963    A:0.28839    G:0.25468

#37: Gemsbok        
position  1:    T:0.12360    C:0.23596    A:0.28090    G:0.35955
position  2:    T:0.21348    C:0.28090    A:0.38202    G:0.12360
position  3:    T:0.16854    C:0.35955    A:0.17978    G:0.29213
Average         T:0.16854    C:0.29213    A:0.28090    G:0.25843

#38: Yak            
position  1:    T:0.12360    C:0.23596    A:0.28090    G:0.35955
position  2:    T:0.21348    C:0.28090    A:0.38202    G:0.12360
position  3:    T:0.15730    C:0.35955    A:0.19101    G:0.29213
Average         T:0.16479    C:0.29213    A:0.28464    G:0.25843

#39: BlueSheep      
position  1:    T:0.12360    C:0.23596    A:0.28090    G:0.35955
position  2:    T:0.21348    C:0.28090    A:0.38202    G:0.12360
position  3:    T:0.14607    C:0.38202    A:0.17978    G:0.29213
Average         T:0.16105    C:0.29963    A:0.28090    G:0.25843

#40: BohorReedbuck  
position  1:    T:0.12360    C:0.23596    A:0.28090    G:0.35955
position  2:    T:0.21348    C:0.28090    A:0.38202    G:0.12360
position  3:    T:0.15730    C:0.37079    A:0.17978    G:0.29213
Average         T:0.16479    C:0.29588    A:0.28090    G:0.25843

#41: KirksDik       
position  1:    T:0.12360    C:0.23596    A:0.29213    G:0.34831
position  2:    T:0.21348    C:0.28090    A:0.38202    G:0.12360
position  3:    T:0.16854    C:0.35955    A:0.17978    G:0.29213
Average         T:0.16854    C:0.29213    A:0.28464    G:0.25468

#42: RoeDeer        
position  1:    T:0.12360    C:0.23596    A:0.28090    G:0.35955
position  2:    T:0.21348    C:0.28090    A:0.38202    G:0.12360
position  3:    T:0.15730    C:0.34831    A:0.19101    G:0.30337
Average         T:0.16479    C:0.28839    A:0.28464    G:0.26217

#43: WhiteLippedDeer
position  1:    T:0.12360    C:0.23596    A:0.28090    G:0.35955
position  2:    T:0.21348    C:0.28090    A:0.38202    G:0.12360
position  3:    T:0.17978    C:0.32584    A:0.19101    G:0.30337
Average         T:0.17228    C:0.28090    A:0.28464    G:0.26217

#44: ThomsonGazelle 
position  1:    T:0.12360    C:0.23596    A:0.29213    G:0.34831
position  2:    T:0.21348    C:0.28090    A:0.38202    G:0.12360
position  3:    T:0.15730    C:0.37079    A:0.17978    G:0.29213
Average         T:0.16479    C:0.29588    A:0.28464    G:0.25468

#45: MuntiacusCrinifrons
position  1:    T:0.13483    C:0.23596    A:0.28090    G:0.34831
position  2:    T:0.21348    C:0.28090    A:0.38202    G:0.12360
position  3:    T:0.17978    C:0.33708    A:0.17978    G:0.30337
Average         T:0.17603    C:0.28464    A:0.28090    G:0.25843

#46: WhiteTailedDeer
position  1:    T:0.12360    C:0.23596    A:0.28090    G:0.35955
position  2:    T:0.21348    C:0.28090    A:0.38202    G:0.12360
position  3:    T:0.16854    C:0.34831    A:0.17978    G:0.30337
Average         T:0.16854    C:0.28839    A:0.28090    G:0.26217

#47: Cattle         
position  1:    T:0.12360    C:0.23596    A:0.28090    G:0.35955
position  2:    T:0.21348    C:0.28090    A:0.38202    G:0.12360
position  3:    T:0.15730    C:0.35955    A:0.19101    G:0.29213
Average         T:0.16479    C:0.29213    A:0.28464    G:0.25843

#48: RoyalAntelope  
position  1:    T:0.12360    C:0.23596    A:0.28090    G:0.35955
position  2:    T:0.21348    C:0.28090    A:0.38202    G:0.12360
position  3:    T:0.17978    C:0.34831    A:0.16854    G:0.30337
Average         T:0.17228    C:0.28839    A:0.27715    G:0.26217

#49: Steenbok       
position  1:    T:0.12360    C:0.23596    A:0.30337    G:0.33708
position  2:    T:0.21348    C:0.28090    A:0.38202    G:0.12360
position  3:    T:0.16854    C:0.35955    A:0.17978    G:0.29213
Average         T:0.16854    C:0.29213    A:0.28839    G:0.25094

#50: Impala         
position  1:    T:0.12360    C:0.23596    A:0.28090    G:0.35955
position  2:    T:0.21348    C:0.28090    A:0.38202    G:0.12360
position  3:    T:0.15730    C:0.37079    A:0.16854    G:0.30337
Average         T:0.16479    C:0.29588    A:0.27715    G:0.26217

#51: Klipspringer   
position  1:    T:0.13483    C:0.23596    A:0.28090    G:0.34831
position  2:    T:0.21348    C:0.28090    A:0.38202    G:0.12360
