1
52 1
Argali 0.000000 0.147000 0.039300 0.122100 0.028300 0.003500 0.029500 0.027100 0.038100 0.066400 0.018700 0.044300 0.035500 0.027000 0.044100 0.042700 0.046600 0.045300 0.024700 0.038100 0.029400 0.011600 0.050200 0.060200 0.014000 0.027100 0.039200 0.039200 0.035500 0.042900 0.057600 0.023500 0.061300 0.029500 0.034200 0.040500 0.015200 0.035500 0.028300 0.053800 0.053900 0.028200 0.061300 0.057700 0.042900 0.030600 0.035500 0.036700 0.032000 0.051600 0.038000 0.042800
LesserMous 0.147000 0.000000 0.130400 0.125900 0.138200 0.148200 0.139700 0.135900 0.126300 0.148700 0.135600 0.133500 0.143000 0.135500 0.154300 0.138200 0.134500 0.131500 0.135800 0.126300 0.136800 0.138500 0.140500 0.144800 0.134200 0.138300 0.146200 0.125000 0.137000 0.128700 0.136100 0.131600 0.147200 0.139100 0.141400 0.120900 0.135700 0.142400 0.127600 0.145800 0.145900 0.137000 0.143000 0.143200 0.119200 0.145100 0.141400 0.142500 0.138900 0.137000 0.128700 0.128700
LesserKudu 0.039300 0.130400 0.000000 0.110000 0.035500 0.040400 0.035600 0.034400 0.009400 0.064100 0.036800 0.030900 0.045500 0.035500 0.049200 0.047700 0.044200 0.043000 0.035600 0.009400 0.036700 0.033200 0.049200 0.059100 0.031900 0.036800 0.049300 0.011700 0.040400 0.014000 0.054100 0.031900 0.059000 0.039400 0.040500 0.027200 0.035600 0.037900 0.033200 0.055200 0.055300 0.035500 0.059000 0.057800 0.029600 0.041600 0.041700 0.042900 0.038100 0.040500 0.011700 0.014000
KillerWhal 0.122100 0.125900 0.110000 0.000000 0.113500 0.123300 0.109800 0.114000 0.106000 0.127600 0.111100 0.115800 0.127700 0.111000 0.130400 0.116300 0.108500 0.109800 0.105900 0.106000 0.118900 0.113900 0.118200 0.124900 0.109800 0.111100 0.132200 0.104700 0.116400 0.111100 0.120800 0.107200 0.119400 0.121100 0.120700 0.108700 0.115200 0.114800 0.111300 0.124700 0.120900 0.108300 0.122100 0.126100 0.111300 0.116200 0.111200 0.121800 0.114200 0.118100 0.108400 0.109700
DefassaWat 0.028300 0.138200 0.035500 0.113500 0.000000 0.029400 0.024600 0.022300 0.033100 0.065100 0.030600 0.038100 0.033100 0.024600 0.040400 0.031800 0.044000 0.044000 0.024700 0.033100 0.027000 0.023500 0.049000 0.059000 0.025800 0.019900 0.036800 0.034300 0.027000 0.033000 0.056400 0.023500 0.061300 0.027100 0.031900 0.034300 0.027000 0.011600 0.023500 0.055000 0.056400 0.018700 0.060100 0.060200 0.036700 0.025800 0.028200 0.029400 0.027100 0.047700 0.033000 0.037900
Sheep 0.003500 0.148200 0.040400 0.123300 0.029400 0.000000 0.030600 0.028300 0.039200 0.067500 0.019800 0.045500 0.036600 0.028200 0.042800 0.043800 0.047800 0.044000 0.025800 0.039200 0.030600 0.012800 0.051400 0.061400 0.015100 0.028200 0.040400 0.040400 0.036600 0.044000 0.058800 0.024600 0.062500 0.030700 0.034200 0.041700 0.016300 0.036600 0.029500 0.055000 0.055100 0.029400 0.062500 0.058800 0.044100 0.029400 0.036700 0.037800 0.030700 0.052700 0.039100 0.044000
MaxwellsDu 0.029500 0.139700 0.035600 0.109800 0.024600 0.030600 0.000000 0.021100 0.033100 0.067600 0.029400 0.038100 0.034300 0.018700 0.041600 0.041400 0.049000 0.047700 0.025900 0.033100 0.030600 0.022300 0.051500 0.061500 0.024600 0.025800 0.038000 0.034300 0.034200 0.037900 0.058800 0.015200 0.062600 0.028300 0.033100 0.034400 0.025800 0.029400 0.024700 0.060000 0.058900 0.024600 0.062600 0.062700 0.036700 0.027000 0.031900 0.033000 0.028300 0.047800 0.035500 0.037900
GazellaPrz 0.027100 0.135900 0.034400 0.114000 0.022300 0.028300 0.021100 0.000000 0.033200 0.064000 0.027000 0.035800 0.029600 0.023500 0.039200 0.031800 0.045400 0.044200 0.023500 0.033200 0.021100 0.019900 0.047900 0.055300 0.022300 0.018700 0.033300 0.034400 0.024600 0.035600 0.055200 0.017600 0.056500 0.023600 0.028300 0.032000 0.023500 0.027100 0.015200 0.053900 0.055200 0.017500 0.058900 0.056500 0.034400 0.024600 0.022300 0.025900 0.026000 0.045400 0.030700 0.038000
MountainNy 0.038100 0.126300 0.009400 0.106000 0.033100 0.039200 0.033100 0.033200 0.000000 0.059100 0.034300 0.026100 0.043000 0.033100 0.046700 0.044000 0.039300 0.039300 0.033200 0.000000 0.035500 0.030800 0.044200 0.054200 0.029500 0.035600 0.046800 0.002200 0.039200 0.007000 0.050400 0.029500 0.056500 0.037000 0.039300 0.022400 0.033200 0.037900 0.033200 0.051500 0.050400 0.034300 0.054100 0.052900 0.024800 0.039100 0.040500 0.040400 0.035700 0.038100 0.004700 0.007000
MuntiacusM 0.066400 0.148700 0.064100 0.127600 0.065100 0.067500 0.067600 0.064000 0.059100 0.000000 0.068800 0.064300 0.074100 0.066300 0.071600 0.075100 0.057800 0.059000 0.060200 0.059100 0.070000 0.061400 0.024700 0.039200 0.063800 0.067600 0.078200 0.060200 0.072600 0.063900 0.010400 0.062600 0.083300 0.070400 0.072800 0.051600 0.066400 0.072600 0.060200 0.039100 0.029500 0.066300 0.006900 0.036800 0.054000 0.062400 0.070200 0.066300 0.064100 0.065300 0.061400 0.063900
goat 0.018700 0.135600 0.036800 0.111100 0.030600 0.019800 0.029400 0.027000 0.034300 0.068800 0.000000 0.040600 0.035400 0.024600 0.045200 0.040200 0.049000 0.051400 0.022200 0.034300 0.034100 0.014000 0.053900 0.060200 0.004600 0.031800 0.039100 0.035500 0.035400 0.039100 0.060100 0.021100 0.059900 0.029400 0.031700 0.038000 0.017500 0.033000 0.025800 0.058700 0.058800 0.030600 0.063800 0.058900 0.041600 0.030500 0.033000 0.036600 0.029500 0.050200 0.036700 0.039100
AfricanBuf 0.044300 0.133500 0.030900 0.115800 0.038100 0.045500 0.038100 0.035800 0.026100 0.064300 0.040600 0.000000 0.049300 0.040500 0.050600 0.046700 0.041900 0.040700 0.039400 0.026100 0.041800 0.037000 0.045700 0.060700 0.038100 0.038100 0.053200 0.028500 0.040600 0.030900 0.055500 0.034500 0.059300 0.043200 0.046800 0.020100 0.039400 0.043000 0.035800 0.060500 0.053100 0.036900 0.059300 0.061900 0.022400 0.040500 0.044400 0.043000 0.042000 0.040700 0.026000 0.030800
Topi 0.035500 0.143000 0.045500 0.127700 0.033100 0.036600 0.034300 0.029600 0.043000 0.074100 0.035400 0.049300 0.000000 0.034300 0.050300 0.047600 0.059100 0.057800 0.031900 0.043000 0.036700 0.025800 0.060300 0.069200 0.030600 0.031900 0.005800 0.044200 0.042800 0.045400 0.067800 0.030700 0.070300 0.008200 0.033100 0.045500 0.031800 0.037900 0.030700 0.068900 0.067800 0.030700 0.069000 0.070400 0.047900 0.037900 0.038000 0.039100 0.036900 0.054100 0.042900 0.047800
CommonDuik 0.027000 0.135500 0.035500 0.111000 0.024600 0.028200 0.018700 0.023500 0.033100 0.066300 0.024600 0.040500 0.034300 0.000000 0.039100 0.041400 0.047700 0.047700 0.025800 0.033100 0.030500 0.019900 0.051400 0.058900 0.019800 0.028200 0.038000 0.031900 0.036600 0.037900 0.057500 0.005800 0.059900 0.028300 0.030600 0.036700 0.023400 0.027000 0.024600 0.054900 0.056300 0.027000 0.061200 0.057600 0.039100 0.026900 0.029400 0.028200 0.025900 0.047700 0.035400 0.037900
Suni 0.044100 0.154300 0.049200 0.130400 0.040400 0.042800 0.041600 0.039200 0.046700 0.071600 0.045200 0.050600 0.050300 0.039100 0.000000 0.056300 0.056600 0.052900 0.039200 0.046700 0.044000 0.036800 0.057900 0.068000 0.040400 0.044000 0.054200 0.047900 0.046500 0.049100 0.065300 0.038000 0.072900 0.044300 0.046500 0.048000 0.039200 0.045300 0.038000 0.063900 0.065300 0.042800 0.069100 0.069200 0.050400 0.037900 0.047800 0.041600 0.036900 0.056600 0.049100 0.051500
Springbuck 0.042700 0.138200 0.047700 0.116300 0.031800 0.043800 0.041400 0.031800 0.044000 0.075100 0.040200 0.046700 0.047600 0.041400 0.056300 0.000000 0.055100 0.055000 0.039100 0.044000 0.036500 0.037800 0.060100 0.070100 0.037800 0.026900 0.051500 0.044000 0.021000 0.046400 0.066200 0.037800 0.068800 0.041600 0.043900 0.045300 0.041400 0.039000 0.028200 0.064800 0.066300 0.025800 0.070000 0.068800 0.047700 0.045000 0.037800 0.048700 0.041500 0.061300 0.043900 0.048800
Okapi 0.046600 0.134500 0.044200 0.108500 0.044000 0.047800 0.049000 0.045400 0.039300 0.057800 0.049000 0.041900 0.059100 0.047700 0.056600 0.055100 0.000000 0.012800 0.045400 0.039300 0.050100 0.041700 0.044300 0.054200 0.044100 0.047800 0.063000 0.041700 0.051400 0.044100 0.049100 0.041700 0.050200 0.052900 0.056500 0.036900 0.041700 0.048900 0.047800 0.051600 0.047800 0.046500 0.052800 0.054100 0.039300 0.046400 0.050300 0.052700 0.049200 0.047900 0.039200 0.041600
Giraffe 0.045300 0.131500 0.043000 0.109800 0.044000 0.044000 0.047700 0.044200 0.039300 0.059000 0.051400 0.040700 0.057800 0.047700 0.052900 0.055000 0.012800 0.000000 0.045400 0.039300 0.048900 0.042900 0.043000 0.054100 0.046500 0.046500 0.061700 0.041700 0.050200 0.044100 0.047800 0.041700 0.050200 0.051700 0.054000 0.035700 0.042900 0.051300 0.044100 0.050300 0.049100 0.045300 0.054000 0.054100 0.035600 0.042800 0.049000 0.051500 0.046700 0.044100 0.039200 0.040400
TibetanAnt 0.024700 0.135800 0.035600 0.105900 0.024700 0.025800 0.025900 0.023500 0.033200 0.060200 0.022200 0.039400 0.031900 0.025800 0.039200 0.039100 0.045400 0.045400 0.000000 0.033200 0.030600 0.017500 0.046600 0.055300 0.017500 0.028300 0.035600 0.034400 0.031800 0.038000 0.051500 0.022300 0.063900 0.025900 0.030600 0.033200 0.021100 0.029400 0.019900 0.051400 0.054000 0.027100 0.055200 0.056500 0.035600 0.029400 0.029500 0.030700 0.024800 0.046600 0.035600 0.035600
Sitatunga 0.038100 0.126300 0.009400 0.106000 0.033100 0.039200 0.033100 0.033200 0.000000 0.059100 0.034300 0.026100 0.043000 0.033100 0.046700 0.044000 0.039300 0.039300 0.033200 0.000000 0.035500 0.030800 0.044200 0.054200 0.029500 0.035600 0.046800 0.002200 0.039200 0.007000 0.050400 0.029500 0.056500 0.037000 0.039300 0.022400 0.033200 0.037900 0.033200 0.051500 0.050400 0.034300 0.054100 0.052900 0.024800 0.039100 0.040500 0.040400 0.035700 0.038100 0.004700 0.007000
Oribi 0.029400 0.136800 0.036700 0.118900 0.027000 0.030600 0.030600 0.021100 0.035500 0.070000 0.034100 0.041800 0.036700 0.030500 0.044000 0.036500 0.050100 0.048900 0.030600 0.035500 0.000000 0.027000 0.053800 0.063800 0.029400 0.016300 0.040400 0.036700 0.022200 0.037800 0.061200 0.027000 0.058700 0.030700 0.033000 0.037900 0.027000 0.034100 0.019900 0.052500 0.056300 0.017500 0.065000 0.062500 0.040300 0.034100 0.024600 0.030500 0.033100 0.042800 0.033000 0.040300
BarbaryShe 0.011600 0.138500 0.033200 0.113900 0.023500 0.012800 0.022300 0.019900 0.030800 0.061400 0.014000 0.037000 0.025800 0.019900 0.036800 0.037800 0.041700 0.042900 0.017500 0.030800 0.027000 0.000000 0.047800 0.056500 0.009300 0.024600 0.029500 0.031900 0.030600 0.035500 0.055100 0.016400 0.057500 0.022300 0.027000 0.033200 0.008100 0.028200 0.021100 0.056300 0.053900 0.023500 0.056400 0.057700 0.035600 0.025800 0.028300 0.029400 0.024700 0.041700 0.033100 0.035500
Daviddeer 0.050200 0.140500 0.049200 0.118200 0.049000 0.051400 0.051500 0.047900 0.044200 0.024700 0.053900 0.045700 0.060300 0.051400 0.057900 0.060100 0.044300 0.043000 0.046600 0.044200 0.053800 0.047800 0.000000 0.026000 0.049000 0.051400 0.061700 0.045400 0.056400 0.046600 0.018800 0.047800 0.068000 0.054200 0.052800 0.040600 0.050300 0.056400 0.044100 0.027100 0.009300 0.050200 0.019900 0.024700 0.043000 0.045200 0.056500 0.052700 0.049200 0.049200 0.046600 0.049000
Reindeer 0.060200 0.144800 0.059100 0.124900 0.059000 0.061400 0.061500 0.055300 0.054200 0.039200 0.060200 0.060700 0.069200 0.058900 0.068000 0.070100 0.054200 0.054100 0.055300 0.054200 0.063800 0.056500 0.026000 0.000000 0.055200 0.061400 0.073200 0.052900 0.063900 0.059000 0.033100 0.055300 0.078300 0.063000 0.066600 0.053000 0.059000 0.066400 0.054000 0.034300 0.033100 0.060200 0.034300 0.005800 0.055400 0.055100 0.064100 0.065200 0.057900 0.064200 0.056500 0.059000
Ibex 0.014000 0.134200 0.031900 0.109800 0.025800 0.015100 0.024600 0.022300 0.029500 0.063800 0.004600 0.038100 0.030600 0.019800 0.040400 0.037800 0.044100 0.046500 0.017500 0.029500 0.029400 0.009300 0.049000 0.055200 0.000000 0.027000 0.034300 0.030700 0.033000 0.034300 0.055100 0.016300 0.055000 0.024700 0.027000 0.033200 0.012800 0.030600 0.021100 0.053700 0.053900 0.025800 0.058800 0.053900 0.036700 0.025800 0.028200 0.031800 0.024700 0.045300 0.031900 0.034300
GyrantGaze 0.027100 0.138300 0.036800 0.111100 0.019900 0.028200 0.025800 0.018700 0.035600 0.067600 0.031800 0.038100 0.031900 0.028200 0.044000 0.026900 0.047800 0.046500 0.028300 0.035600 0.016300 0.024600 0.051400 0.061400 0.027000 0.000000 0.035600 0.036700 0.019900 0.037900 0.058800 0.024600 0.058800 0.028300 0.030700 0.034400 0.025800 0.029400 0.019900 0.059900 0.058800 0.003500 0.062500 0.060100 0.036700 0.029300 0.024600 0.033000 0.030700 0.050200 0.033100 0.040300
Hartebeest 0.039200 0.146200 0.049300 0.132200 0.036800 0.040400 0.038000 0.033300 0.046800 0.078200 0.039100 0.053200 0.005800 0.038000 0.054200 0.051500 0.063000 0.061700 0.035600 0.046800 0.040400 0.029500 0.061700 0.073200 0.034300 0.035600 0.000000 0.048000 0.046600 0.046700 0.071800 0.034400 0.074300 0.009400 0.034400 0.049300 0.035500 0.041700 0.034400 0.072900 0.069200 0.034400 0.073000 0.074400 0.051700 0.039200 0.041800 0.040500 0.040600 0.058000 0.046700 0.051600
Bongo 0.039200 0.125000 0.011700 0.104700 0.034300 0.040400 0.034300 0.034400 0.002200 0.060200 0.035500 0.028500 0.044200 0.031900 0.047900 0.044000 0.041700 0.041700 0.034400 0.002200 0.036700 0.031900 0.045400 0.052900 0.030700 0.036700 0.048000 0.000000 0.039100 0.009300 0.051500 0.028300 0.059000 0.038100 0.040400 0.024800 0.034300 0.039100 0.034400 0.052700 0.051500 0.035500 0.055200 0.051600 0.027200 0.040300 0.039200 0.041600 0.036900 0.040500 0.007000 0.009300
Gerenuk 0.035500 0.137000 0.040400 0.116400 0.027000 0.036600 0.034200 0.024600 0.039200 0.072600 0.035400 0.040600 0.042800 0.036600 0.046500 0.021000 0.051400 0.050200 0.031800 0.039200 0.022200 0.030600 0.056400 0.063900 0.033000 0.019900 0.046600 0.039100 0.000000 0.041500 0.063800 0.033000 0.058800 0.036800 0.039100 0.036800 0.033000 0.034200 0.023400 0.061200 0.063800 0.021000 0.067500 0.062600 0.039200 0.040200 0.028200 0.039000 0.035500 0.051400 0.036700 0.044000
CommonElan 0.042900 0.128700 0.014000 0.111100 0.033000 0.044000 0.037900 0.035600 0.007000 0.063900 0.039100 0.030900 0.045400 0.037900 0.049100 0.046400 0.044100 0.044100 0.038000 0.007000 0.037800 0.035500 0.046600 0.059000 0.034300 0.037900 0.046700 0.009300 0.041500 0.000000 0.055200 0.034300 0.058900 0.039300 0.039200 0.027100 0.037900 0.037900 0.035500 0.056400 0.052700 0.036700 0.058900 0.057700 0.027100 0.041500 0.042900 0.040300 0.038100 0.042900 0.006700 0.009300
MuntiacusR 0.057600 0.136100 0.054100 0.120800 0.056400 0.058800 0.058800 0.055200 0.050400 0.010400 0.060100 0.055500 0.067800 0.057500 0.065300 0.066200 0.049100 0.047800 0.051500 0.050400 0.061200 0.055100 0.018800 0.033100 0.055100 0.058800 0.071800 0.051500 0.063800 0.055200 0.000000 0.053900 0.074300 0.061600 0.061400 0.043000 0.057600 0.063800 0.049000 0.030700 0.023500 0.057600 0.005500 0.030700 0.045400 0.055000 0.063900 0.058800 0.055300 0.059100 0.052700 0.055200
HarveysDui 0.023500 0.131600 0.031900 0.107200 0.023500 0.024600 0.015200 0.017600 0.029500 0.062600 0.021100 0.034500 0.030700 0.005800 0.038000 0.037800 0.041700 0.041700 0.022300 0.029500 0.027000 0.016400 0.047800 0.055300 0.016300 0.024600 0.034400 0.028300 0.033000 0.034300 0.053900 0.000000 0.053800 0.024800 0.027100 0.030800 0.019900 0.028200 0.021100 0.053800 0.052700 0.023400 0.057600 0.054000 0.033100 0.023400 0.025900 0.027000 0.022300 0.044100 0.029500 0.034300
Pronghorn 0.061300 0.147200 0.059000 0.119400 0.061300 0.062500 0.062600 0.056500 0.056500 0.083300 0.059900 0.059300 0.070300 0.059900 0.072900 0.068800 0.050200 0.050200 0.063900 0.056500 0.058700 0.057500 0.068000 0.078300 0.055000 0.058800 0.074300 0.059000 0.058800 0.058900 0.074300 0.053800 0.000000 0.064000 0.063900 0.050400 0.060100 0.066300 0.060100 0.072800 0.073000 0.060100 0.078100 0.074400 0.054000 0.057400 0.065200 0.063800 0.058900 0.064000 0.051400 0.061400
BlueWildeb 0.029500 0.139100 0.039400 0.121100 0.027100 0.030700 0.028300 0.023600 0.037000 0.070400 0.029400 0.043200 0.008200 0.028300 0.044300 0.041600 0.052900 0.051700 0.025900 0.037000 0.030700 0.022300 0.054200 0.063000 0.024700 0.028300 0.009400 0.038100 0.036800 0.039300 0.061600 0.024800 0.064000 0.000000 0.029500 0.039400 0.025900 0.031900 0.024800 0.062700 0.061600 0.027100 0.065400 0.064200 0.041800 0.031900 0.032000 0.033100 0.030900 0.050500 0.036900 0.041700
Gemsbok 0.034200 0.141400 0.040500 0.120700 0.031900 0.034200 0.033100 0.028300 0.039300 0.072800 0.031700 0.046800 0.033100 0.030600 0.046500 0.043900 0.056500 0.054000 0.030600 0.039300 0.033000 0.027000 0.052800 0.066600 0.027000 0.030700 0.034400 0.040400 0.039100 0.039200 0.061400 0.027100 0.063900 0.029500 0.000000 0.042900 0.028200 0.036700 0.027100 0.063800 0.058900 0.029500 0.067700 0.065200 0.045400 0.034200 0.034300 0.035500 0.033200 0.052800 0.039200 0.044000
Yak 0.040500 0.120900 0.027200 0.108700 0.034300 0.041700 0.034400 0.032000 0.022400 0.051600 0.038000 0.020100 0.045500 0.036700 0.048000 0.045300 0.036900 0.035700 0.033200 0.022400 0.037900 0.033200 0.040600 0.053000 0.033200 0.034400 0.049300 0.024800 0.036800 0.027100 0.043000 0.030800 0.050400 0.039400 0.042900 0.000000 0.035600 0.039200 0.034400 0.052800 0.047900 0.033200 0.046600 0.054200 0.004500 0.037900 0.040500 0.036800 0.039400 0.038100 0.022400 0.027100
BlueSheep 0.015200 0.135700 0.035600 0.115200 0.027000 0.016300 0.025800 0.023500 0.033200 0.066400 0.017500 0.039400 0.031800 0.023400 0.039200 0.041400 0.041700 0.042900 0.021100 0.033200 0.027000 0.008100 0.050300 0.059000 0.012800 0.025800 0.035500 0.034300 0.033000 0.037900 0.057600 0.019900 0.060100 0.025900 0.028200 0.035600 0.000000 0.031800 0.024700 0.058800 0.056400 0.024600 0.061400 0.060200 0.038000 0.029400 0.029500 0.031800 0.028300 0.046600 0.035500 0.037900
BohorReedb 0.035500 0.142400 0.037900 0.114800 0.011600 0.036600 0.029400 0.027100 0.037900 0.072600 0.033000 0.043000 0.037900 0.027000 0.045300 0.039000 0.048900 0.051300 0.029400 0.037900 0.034100 0.028200 0.056400 0.066400 0.030600 0.029400 0.041700 0.039100 0.034200 0.037900 0.063800 0.028200 0.066300 0.031900 0.036700 0.039200 0.031800 0.000000 0.028200 0.062400 0.063800 0.028200 0.067600 0.067700 0.041500 0.032900 0.033000 0.031800 0.031900 0.050200 0.037800 0.042700
KirksDik 0.028300 0.127600 0.033200 0.111300 0.023500 0.029500 0.024700 0.015200 0.033200 0.060200 0.025800 0.035800 0.030700 0.024600 0.038000 0.028200 0.047800 0.044100 0.019900 0.033200 0.019900 0.021100 0.044100 0.054000 0.021100 0.019900 0.034400 0.034400 0.023400 0.035500 0.049000 0.021100 0.060100 0.024800 0.027100 0.034400 0.024700 0.028200 0.000000 0.051400 0.051500 0.018700 0.055200 0.055200 0.036800 0.025800 0.021100 0.029400 0.024800 0.042900 0.033100 0.038000
RoeDeer 0.053800 0.145800 0.055200 0.124700 0.055000 0.055000 0.060000 0.053900 0.051500 0.039100 0.058700 0.060500 0.068900 0.054900 0.063900 0.064800 0.051600 0.050300 0.051400 0.051500 0.052500 0.056300 0.027100 0.034300 0.053700 0.059900 0.072900 0.052700 0.061200 0.056400 0.030700 0.053800 0.072800 0.062700 0.063800 0.052800 0.058800 0.062400 0.051400 0.000000 0.028300 0.058700 0.034300 0.030700 0.055200 0.053600 0.063800 0.059900 0.055200 0.061500 0.053900 0.053900
WhiteLippe 0.053900 0.145900 0.055300 0.120900 0.056400 0.055100 0.058900 0.055200 0.050400 0.029500 0.058800 0.053100 0.067800 0.056300 0.065300 0.066300 0.047800 0.049100 0.054000 0.050400 0.056300 0.053900 0.009300 0.033100 0.053900 0.058800 0.069200 0.051500 0.063800 0.052700 0.023500 0.052700 0.073000 0.061600 0.058900 0.047900 0.056400 0.063800 0.051500 0.028300 0.000000 0.057600 0.024700 0.030700 0.050300 0.052500 0.064000 0.057600 0.055300 0.056600 0.052700 0.055200
ThomsonGaz 0.028200 0.137000 0.035500 0.108300 0.018700 0.029400 0.024600 0.017500 0.034300 0.066300 0.030600 0.036900 0.030700 0.027000 0.042800 0.025800 0.046500 0.045300 0.027100 0.034300 0.017500 0.023500 0.050200 0.060200 0.025800 0.003500 0.034400 0.035500 0.021000 0.036700 0.057600 0.023400 0.060100 0.027100 0.029500 0.033200 0.024600 0.028200 0.018700 0.058700 0.057600 0.000000 0.061300 0.061400 0.035500 0.028100 0.022200 0.031800 0.029500 0.047800 0.034300 0.039100
MuntiacusC 0.061300 0.143000 0.059000 0.122100 0.060100 0.062500 0.062600 0.058900 0.054100 0.006900 0.063800 0.059300 0.069000 0.061200 0.069100 0.070000 0.052800 0.054000 0.055200 0.054100 0.065000 0.056400 0.019900 0.034300 0.058800 0.062500 0.073000 0.055200 0.067500 0.058900 0.005500 0.057600 0.078100 0.065400 0.067700 0.046600 0.061400 0.067600 0.055200 0.034300 0.024700 0.061300 0.000000 0.031900 0.049100 0.058700 0.065200 0.061300 0.059000 0.060300 0.056400 0.058900
WhiteTaile 0.057700 0.143200 0.057800 0.126100 0.060200 0.058800 0.062700 0.056500 0.052900 0.036800 0.058900 0.061900 0.070400 0.057600 0.069200 0.068800 0.054100 0.054100 0.056500 0.052900 0.062500 0.057700 0.024700 0.005800 0.053900 0.060100 0.074400 0.051600 0.062600 0.057700 0.030700 0.054000 0.074400 0.064200 0.065200 0.054200 0.060200 0.067700 0.055200 0.030700 0.030700 0.061400 0.031900 0.000000 0.056600 0.056300 0.065300 0.066400 0.057800 0.065400 0.052700 0.057700
Cattle 0.042900 0.119200 0.029600 0.111300 0.036700 0.044100 0.036700 0.034400 0.024800 0.054000 0.041600 0.022400 0.047900 0.039100 0.050400 0.047700 0.039300 0.035600 0.035600 0.024800 0.040300 0.035600 0.043000 0.055400 0.036700 0.036700 0.051700 0.027200 0.039200 0.027100 0.045400 0.033100 0.054000 0.041800 0.045400 0.004500 0.038000 0.041500 0.036800 0.055200 0.050300 0.035500 0.049100 0.056600 0.000000 0.040300 0.042900 0.039200 0.041800 0.038000 0.024700 0.025900
RoyalAntel 0.030600 0.145100 0.041600 0.116200 0.025800 0.029400 0.027000 0.024600 0.039100 0.062400 0.030500 0.040500 0.037900 0.026900 0.037900 0.045000 0.046400 0.042800 0.029400 0.039100 0.034100 0.025800 0.045200 0.055100 0.025800 0.029300 0.039200 0.040300 0.040200 0.041500 0.055000 0.023400 0.057400 0.031900 0.034200 0.037900 0.029400 0.032900 0.025800 0.053600 0.052500 0.028100 0.058700 0.056300 0.040300 0.000000 0.035400 0.029300 0.027100 0.046400 0.039100 0.043900
Steenbok 0.035500 0.141400 0.041700 0.111200 0.028200 0.036700 0.031900 0.022300 0.040500 0.070200 0.033000 0.044400 0.038000 0.029400 0.047800 0.037800 0.050300 0.049000 0.029500 0.040500 0.024600 0.028300 0.056500 0.064100 0.028200 0.024600 0.041800 0.039200 0.028200 0.042900 0.063900 0.025900 0.065200 0.032000 0.034300 0.040500 0.029500 0.033000 0.021100 0.063800 0.064000 0.022200 0.065200 0.065300 0.042900 0.035400 0.000000 0.036700 0.034400 0.049100 0.040400 0.045300
Impala 0.036700 0.142500 0.042900 0.121800 0.029400 0.037800 0.033000 0.025900 0.040400 0.066300 0.036600 0.043000 0.039100 0.028200 0.041600 0.048700 0.052700 0.051500 0.030700 0.040400 0.030500 0.029400 0.052700 0.065200 0.031800 0.033000 0.040500 0.041600 0.039000 0.040300 0.058800 0.027000 0.063800 0.033100 0.035500 0.036800 0.031800 0.031800 0.029400 0.059900 0.057600 0.031800 0.061300 0.066400 0.039200 0.029300 0.036700 0.000000 0.035500 0.050200 0.037900 0.045200
Klipspring 0.032000 0.138900 0.038100 0.114200 0.027100 0.030700 0.028300 0.026000 0.035700 0.064100 0.029500 0.042000 0.036900 0.025900 0.036900 0.041500 0.049200 0.046700 0.024800 0.035700 0.033100 0.024700 0.049200 0.057900 0.024700 0.030700 0.040600 0.036900 0.035500 0.038100 0.055300 0.022300 0.058900 0.030900 0.033200 0.039400 0.028300 0.031900 0.024800 0.055200 0.055300 0.029500 0.059000 0.057800 0.041800 0.027100 0.034400 0.035500 0.000000 0.047900 0.038000 0.040500
ForestMusk 0.051600 0.137000 0.040500 0.118100 0.047700 0.052700 0.047800 0.045400 0.038100 0.065300 0.050200 0.040700 0.054100 0.047700 0.056600 0.061300 0.047900 0.044100 0.046600 0.038100 0.042800 0.041700 0.049200 0.064200 0.045300 0.050200 0.058000 0.040500 0.051400 0.042900 0.059100 0.044100 0.064000 0.050500 0.052800 0.038100 0.046600 0.050200 0.042900 0.061500 0.056600 0.047800 0.060300 0.065400 0.038000 0.046400 0.049100 0.050200 0.047900 0.000000 0.040400 0.041600
Bushbuck 0.038000 0.128700 0.011700 0.108400 0.033000 0.039100 0.035500 0.030700 0.004700 0.061400 0.036700 0.026000 0.042900 0.035400 0.049100 0.043900 0.039200 0.039200 0.035600 0.004700 0.033000 0.033100 0.046600 0.056500 0.031900 0.033100 0.046700 0.007000 0.036700 0.006700 0.052700 0.029500 0.051400 0.036900 0.039200 0.022400 0.035500 0.037800 0.033100 0.053900 0.052700 0.034300 0.056400 0.052700 0.024700 0.039100 0.040400 0.037900 0.038000 0.040400 0.000000 0.009300
GreaterKud 0.042800 0.128700 0.014000 0.109700 0.037900 0.044000 0.037900 0.038000 0.007000 0.063900 0.039100 0.030800 0.047800 0.037900 0.051500 0.048800 0.041600 0.040400 0.035600 0.007000 0.040300 0.035500 0.049000 0.059000 0.034300 0.040300 0.051600 0.009300 0.044000 0.009300 0.055200 0.034300 0.061400 0.041700 0.044000 0.027100 0.037900 0.042700 0.038000 0.053900 0.055200 0.039100 0.058900 0.057700 0.025900 0.043900 0.045300 0.045200 0.040500 0.041600 0.009300 0.000000
