1
52 1
Argali 0.000000 0.209600 0.072600 0.125600 0.135100 0.015500 0.055900 0.039300 0.089300 0.080700 0.007400 0.064000 0.081000 0.031400 0.055500 0.039600 0.047500 0.039400 0.031400 0.081000 0.039500 0.023300 0.063900 0.099100 0.015500 0.039500 0.089400 0.081000 0.031400 0.072400 0.072400 0.031400 0.055500 0.080700 0.039400 0.131800 0.015500 0.047800 0.031400 0.072200 0.072200 0.039500 0.064100 0.072700 0.132600 0.039500 0.047600 0.039600 0.031400 0.106000 0.089700 0.081000
LesserMous 0.209600 0.000000 0.231300 0.221500 0.255300 0.229900 0.231100 0.230000 0.251800 0.240600 0.219600 0.201000 0.241800 0.220400 0.251100 0.231900 0.189800 0.180300 0.220700 0.241700 0.230800 0.219700 0.220300 0.221800 0.229900 0.230800 0.252100 0.241700 0.220400 0.231100 0.230400 0.220400 0.180300 0.241500 0.230300 0.263000 0.209400 0.242500 0.220100 0.230500 0.230500 0.230800 0.220200 0.231900 0.264300 0.210500 0.241800 0.231000 0.220300 0.271100 0.253300 0.241700
LesserKudu 0.072600 0.231300 0.000000 0.126300 0.163200 0.089600 0.081200 0.063900 0.015500 0.072300 0.064100 0.023400 0.107000 0.055700 0.063700 0.064300 0.047800 0.039600 0.055900 0.007700 0.064100 0.057100 0.055700 0.081700 0.072600 0.064100 0.115700 0.007700 0.072400 0.015500 0.064100 0.055700 0.072500 0.106700 0.064100 0.088100 0.064200 0.064400 0.072300 0.063900 0.063900 0.064100 0.072600 0.055900 0.088500 0.064300 0.064100 0.064300 0.055700 0.097500 0.015500 0.007700
KillerWhal 0.125600 0.221500 0.126300 0.000000 0.235900 0.125600 0.145000 0.143800 0.144100 0.154000 0.134400 0.116800 0.192800 0.135000 0.162200 0.145000 0.108100 0.099100 0.135400 0.135300 0.126100 0.134500 0.135400 0.165700 0.125500 0.144600 0.202400 0.135300 0.135200 0.125900 0.144900 0.135000 0.116600 0.192000 0.144500 0.208500 0.125500 0.145100 0.134900 0.125900 0.144500 0.144600 0.135700 0.136000 0.209800 0.145000 0.153800 0.126500 0.135000 0.180900 0.144900 0.135300
DefassaWat 0.135100 0.255300 0.163200 0.235900 0.000000 0.153800 0.107700 0.106900 0.181900 0.171900 0.125900 0.172200 0.152800 0.098400 0.143500 0.107700 0.144600 0.135300 0.116900 0.172600 0.107400 0.126000 0.153000 0.174400 0.135200 0.107400 0.162000 0.172600 0.116000 0.162800 0.162500 0.098400 0.172600 0.152400 0.107300 0.229300 0.126000 0.117700 0.115900 0.162300 0.162300 0.107400 0.153300 0.163400 0.230800 0.108100 0.116200 0.126200 0.116600 0.179800 0.182800 0.172600
Sheep 0.015500 0.229900 0.089600 0.125600 0.153800 0.000000 0.055900 0.055600 0.106700 0.097800 0.023300 0.080800 0.098200 0.047500 0.072100 0.056000 0.064000 0.055600 0.047600 0.098200 0.039400 0.039300 0.080700 0.116900 0.015500 0.055800 0.106800 0.098200 0.047500 0.089400 0.089300 0.047500 0.072100 0.097900 0.055800 0.149900 0.031300 0.064400 0.047500 0.089200 0.089200 0.055800 0.080900 0.089700 0.150800 0.055900 0.064100 0.039500 0.047500 0.123700 0.107200 0.098200
MaxwellsDu 0.055900 0.231100 0.081200 0.145000 0.107700 0.055900 0.000000 0.031200 0.098100 0.089400 0.047700 0.089500 0.064400 0.023400 0.063800 0.031400 0.064500 0.056100 0.039600 0.089700 0.015500 0.047700 0.072400 0.090700 0.039600 0.031400 0.080600 0.079000 0.039300 0.081000 0.081000 0.023400 0.089600 0.072100 0.031300 0.140700 0.047700 0.056200 0.039300 0.080800 0.080800 0.031400 0.072600 0.081300 0.141600 0.031600 0.039300 0.031600 0.039500 0.115000 0.098600 0.089700
GazellaPrz 0.039300 0.230000 0.063900 0.143800 0.106900 0.055600 0.031200 0.000000 0.080400 0.071900 0.031300 0.072000 0.055300 0.007700 0.047100 0.015500 0.047500 0.039400 0.023300 0.072100 0.015400 0.031300 0.055400 0.089900 0.039300 0.015400 0.063400 0.072100 0.023200 0.063700 0.063700 0.007400 0.072100 0.055200 0.015400 0.122300 0.031300 0.039500 0.023200 0.063600 0.063600 0.015400 0.055500 0.063900 0.123000 0.031300 0.023200 0.031300 0.023300 0.096900 0.080700 0.072100
MountainNy 0.089300 0.251800 0.015500 0.144100 0.181900 0.106700 0.098100 0.080400 0.000000 0.089000 0.080700 0.039200 0.124400 0.072200 0.080200 0.081000 0.064200 0.055800 0.072300 0.007700 0.080700 0.080800 0.072100 0.098700 0.089400 0.080700 0.133200 0.007700 0.089100 0.015400 0.080600 0.072200 0.089300 0.124000 0.080700 0.104900 0.080800 0.081000 0.089000 0.080500 0.063700 0.080700 0.089300 0.072400 0.105500 0.080900 0.080700 0.080900 0.072100 0.097300 0.015500 0.007700
MuntiacusM 0.080700 0.240600 0.072300 0.154000 0.171900 0.097800 0.089400 0.071900 0.089000 0.000000 0.072200 0.080500 0.097900 0.063800 0.088700 0.072400 0.055900 0.064100 0.063900 0.080700 0.072200 0.072200 0.015500 0.048000 0.080800 0.072200 0.106400 0.080700 0.080500 0.072100 0.007300 0.063800 0.080800 0.097600 0.072200 0.131100 0.072300 0.081000 0.080400 0.023300 0.023300 0.072200 0.015600 0.023500 0.131900 0.072400 0.080600 0.072400 0.063700 0.123300 0.089400 0.080700
goat 0.007400 0.219600 0.064100 0.134400 0.125900 0.023300 0.047700 0.031300 0.080700 0.072200 0.000000 0.072300 0.072500 0.023400 0.047300 0.031500 0.039400 0.031300 0.023400 0.072400 0.031400 0.015500 0.055600 0.090300 0.007700 0.031400 0.080800 0.072400 0.039400 0.064000 0.063900 0.023400 0.063700 0.072200 0.031400 0.122900 0.007700 0.039600 0.039300 0.063800 0.063800 0.031400 0.055700 0.064200 0.123700 0.031400 0.039400 0.031500 0.023400 0.097400 0.081100 0.072400
AfricanBuf 0.064000 0.201000 0.023400 0.116800 0.172200 0.080800 0.089500 0.072000 0.039200 0.080500 0.072300 0.000000 0.115500 0.063800 0.071800 0.073000 0.055900 0.047600 0.064000 0.031300 0.072300 0.072300 0.063800 0.090000 0.080800 0.072300 0.124300 0.031300 0.063900 0.023300 0.072200 0.063800 0.064000 0.115100 0.072200 0.079600 0.072300 0.072600 0.063800 0.072000 0.072000 0.072300 0.080800 0.064000 0.080000 0.072400 0.072200 0.072500 0.063800 0.105800 0.039300 0.031300
Topi 0.081000 0.241800 0.107000 0.192800 0.152800 0.098200 0.064400 0.055300 0.124400 0.097900 0.072500 0.115500 0.000000 0.047300 0.089000 0.055700 0.089800 0.081100 0.064100 0.115800 0.055600 0.072500 0.080800 0.117000 0.081000 0.055600 0.007700 0.115800 0.063700 0.106700 0.089400 0.047300 0.098200 0.015400 0.055500 0.168300 0.072500 0.081300 0.063600 0.089200 0.089200 0.055600 0.080900 0.089800 0.169300 0.072600 0.063800 0.072600 0.064000 0.141600 0.125000 0.115800
CommonDuik 0.031400 0.220400 0.055700 0.135000 0.098400 0.047500 0.023400 0.007700 0.072200 0.063800 0.023400 0.063800 0.047300 0.000000 0.039200 0.007400 0.039500 0.031400 0.015500 0.064000 0.007700 0.023400 0.047400 0.081500 0.031400 0.007700 0.055400 0.064000 0.015400 0.055600 0.055600 0.000000 0.063900 0.047100 0.007300 0.113900 0.023400 0.031500 0.015400 0.055500 0.055500 0.007300 0.047500 0.055800 0.114500 0.023400 0.015500 0.023500 0.014700 0.088600 0.072500 0.064000
Suni 0.055500 0.251100 0.063700 0.162200 0.143500 0.072100 0.063800 0.047100 0.080200 0.088700 0.047300 0.071800 0.089000 0.039200 0.000000 0.047500 0.063900 0.055600 0.039200 0.072000 0.047300 0.047400 0.071900 0.107200 0.055600 0.047300 0.097500 0.072000 0.055400 0.063600 0.080300 0.039200 0.089000 0.088800 0.047300 0.122300 0.047400 0.055700 0.055300 0.080200 0.080200 0.047300 0.072000 0.080600 0.123000 0.047400 0.047300 0.047400 0.039200 0.114200 0.080600 0.072000
Springbuck 0.039600 0.231900 0.064300 0.145000 0.107700 0.056000 0.031400 0.015500 0.081000 0.072400 0.031500 0.073000 0.055700 0.007400 0.047500 0.000000 0.047900 0.039600 0.023500 0.072700 0.015500 0.031500 0.055800 0.090600 0.039600 0.015500 0.063900 0.072700 0.023400 0.064100 0.064100 0.007700 0.072600 0.055500 0.015500 0.123300 0.031500 0.039800 0.023300 0.064000 0.064000 0.015500 0.055900 0.064400 0.114500 0.031500 0.023400 0.031600 0.023500 0.097600 0.081300 0.072700
Okapi 0.047500 0.189800 0.047800 0.108100 0.144600 0.064000 0.064500 0.047500 0.064200 0.055900 0.039400 0.055900 0.089800 0.039500 0.063900 0.047900 0.000000 0.007400 0.039600 0.056000 0.047700 0.039400 0.055900 0.090800 0.047500 0.047700 0.098300 0.056000 0.055900 0.047700 0.047800 0.039500 0.039400 0.089500 0.047700 0.105500 0.031400 0.056200 0.055800 0.064100 0.064100 0.047700 0.039700 0.064500 0.106100 0.047900 0.055900 0.047900 0.039500 0.080600 0.064500 0.056000
Giraffe 0.039400 0.180300 0.039600 0.099100 0.135300 0.055600 0.056100 0.039400 0.055800 0.064100 0.031300 0.047600 0.081100 0.031400 0.055600 0.039600 0.007400 0.000000 0.031500 0.047700 0.039500 0.031300 0.047600 0.082000 0.039400 0.039500 0.089600 0.047700 0.047600 0.039500 0.055900 0.031400 0.031300 0.080900 0.039500 0.096900 0.023400 0.047900 0.047500 0.055800 0.055800 0.039500 0.047700 0.056100 0.097500 0.039600 0.047600 0.039700 0.031400 0.072100 0.056100 0.047700
TibetanAnt 0.031400 0.220700 0.055900 0.135400 0.116900 0.047600 0.039600 0.023300 0.072300 0.063900 0.023400 0.064000 0.064100 0.015500 0.039200 0.023500 0.039600 0.031500 0.000000 0.064100 0.023400 0.023500 0.047500 0.081700 0.031500 0.023400 0.072400 0.064100 0.031400 0.055700 0.055700 0.015500 0.064100 0.063900 0.023400 0.114000 0.023500 0.031600 0.031300 0.055600 0.055600 0.023400 0.047600 0.055900 0.114700 0.023500 0.031400 0.023500 0.015500 0.088800 0.072600 0.064100
Sitatunga 0.081000 0.241700 0.007700 0.135300 0.172600 0.098200 0.089700 0.072100 0.007700 0.080700 0.072400 0.031300 0.115800 0.064000 0.072000 0.072700 0.056000 0.047700 0.064100 0.000000 0.072500 0.072500 0.063900 0.090300 0.081000 0.072500 0.124500 0.000000 0.080800 0.007400 0.072400 0.064000 0.081000 0.115400 0.072400 0.096500 0.072500 0.072700 0.080700 0.072200 0.055600 0.072500 0.081000 0.064200 0.097000 0.072600 0.072400 0.072600 0.063900 0.106000 0.007400 0.000000
Oribi 0.039500 0.230800 0.064100 0.126100 0.107400 0.039400 0.015500 0.015400 0.080700 0.072200 0.031400 0.072300 0.055600 0.007700 0.047300 0.015500 0.047700 0.039500 0.023400 0.072500 0.000000 0.031400 0.055600 0.090300 0.023400 0.015500 0.063700 0.072500 0.023300 0.064000 0.064000 0.007700 0.072400 0.055400 0.015500 0.122700 0.031400 0.039600 0.023300 0.063800 0.063800 0.015500 0.055800 0.064200 0.123400 0.031500 0.023300 0.015600 0.023400 0.097300 0.071200 0.072500
BarbaryShe 0.023300 0.219700 0.057100 0.134500 0.126000 0.039300 0.047700 0.031300 0.080800 0.072200 0.015500 0.072300 0.072500 0.023400 0.047400 0.031500 0.039400 0.031300 0.023500 0.072500 0.031400 0.000000 0.055600 0.090300 0.023300 0.031400 0.080800 0.072500 0.039400 0.064000 0.064000 0.023400 0.063700 0.072300 0.031400 0.123000 0.023300 0.039700 0.039400 0.063800 0.063800 0.031400 0.055800 0.064200 0.124700 0.031500 0.039400 0.031500 0.007700 0.097400 0.081100 0.072500
Daviddeer 0.063900 0.220300 0.055700 0.135400 0.153000 0.080700 0.072400 0.055400 0.072100 0.015500 0.055600 0.063800 0.080800 0.047400 0.071900 0.055800 0.055900 0.047600 0.047500 0.063900 0.055600 0.055600 0.000000 0.031700 0.064000 0.055600 0.089200 0.063900 0.063800 0.055600 0.007700 0.047400 0.064000 0.080500 0.055600 0.113700 0.055700 0.064200 0.063700 0.007700 0.007300 0.055600 0.015500 0.007700 0.114300 0.055700 0.063900 0.055800 0.047400 0.105800 0.072400 0.063900
Reindeer 0.099100 0.221800 0.081700 0.165700 0.174400 0.116900 0.090700 0.089900 0.098700 0.048000 0.090300 0.090000 0.117000 0.081500 0.107200 0.090600 0.090800 0.082000 0.081700 0.090300 0.090300 0.090300 0.031700 0.000000 0.099200 0.090300 0.125800 0.090300 0.098900 0.081500 0.039800 0.081500 0.099200 0.116500 0.090300 0.150900 0.090400 0.081500 0.098700 0.039700 0.039700 0.090300 0.048100 0.023600 0.151900 0.064800 0.099000 0.090600 0.081500 0.143000 0.099200 0.090300
Ibex 0.015500 0.229900 0.072600 0.125500 0.135200 0.015500 0.039600 0.039300 0.089400 0.080800 0.007700 0.080800 0.081000 0.031400 0.055600 0.039600 0.047500 0.039400 0.031500 0.081000 0.023400 0.023300 0.064000 0.099200 0.000000 0.039500 0.089500 0.081000 0.047500 0.072400 0.072400 0.031400 0.072100 0.080800 0.039500 0.131900 0.015500 0.047900 0.047500 0.072300 0.072300 0.039500 0.064100 0.072700 0.132700 0.039600 0.047600 0.023500 0.031400 0.106100 0.089800 0.081000
GyrantGaze 0.039500 0.230800 0.064100 0.144600 0.107400 0.055800 0.031400 0.015400 0.080700 0.072200 0.031400 0.072300 0.055600 0.007700 0.047300 0.015500 0.047700 0.039500 0.023400 0.072500 0.015500 0.031400 0.055600 0.090300 0.039500 0.000000 0.063700 0.072500 0.023300 0.064000 0.064000 0.007400 0.072400 0.055400 0.015500 0.122700 0.031400 0.039600 0.023300 0.063800 0.063800 0.000000 0.055800 0.064200 0.123400 0.031500 0.023300 0.031500 0.023400 0.097300 0.081100 0.072500
Hartebeest 0.089400 0.252100 0.115700 0.202400 0.162000 0.106800 0.080600 0.063400 0.133200 0.106400 0.080800 0.124300 0.007700 0.055400 0.097500 0.063900 0.098300 0.089600 0.072400 0.124500 0.063700 0.080800 0.089200 0.125800 0.089500 0.063700 0.000000 0.124500 0.071900 0.115400 0.097900 0.055400 0.106800 0.007400 0.063700 0.177500 0.080800 0.089700 0.071800 0.097700 0.097700 0.063700 0.089300 0.098300 0.178500 0.080900 0.072000 0.081000 0.072200 0.150500 0.133900 0.124500
Bongo 0.081000 0.241700 0.007700 0.135300 0.172600 0.098200 0.079000 0.072100 0.007700 0.080700 0.072400 0.031300 0.115800 0.064000 0.072000 0.072700 0.056000 0.047700 0.064100 0.000000 0.072500 0.072500 0.063900 0.090300 0.081000 0.072500 0.124500 0.000000 0.080800 0.007300 0.072400 0.056900 0.081000 0.115400 0.072400 0.096500 0.064200 0.072700 0.080700 0.072200 0.055600 0.072500 0.081000 0.064200 0.097000 0.072600 0.072400 0.072600 0.063900 0.106000 0.007200 0.000000
Gerenuk 0.031400 0.220400 0.072400 0.135200 0.116000 0.047500 0.039300 0.023200 0.089100 0.080500 0.039400 0.063900 0.063700 0.015400 0.055400 0.023400 0.055900 0.047600 0.031400 0.080800 0.023300 0.039400 0.063800 0.098900 0.047500 0.023300 0.071900 0.080800 0.000000 0.072200 0.072200 0.015400 0.064000 0.063500 0.023300 0.131400 0.039400 0.047700 0.015400 0.072000 0.072000 0.023300 0.063900 0.072500 0.132200 0.039400 0.031200 0.039500 0.031300 0.105800 0.080900 0.080800
CommonElan 0.072400 0.231100 0.015500 0.125900 0.162800 0.089400 0.081000 0.063700 0.015400 0.072100 0.064000 0.023300 0.106700 0.055600 0.063600 0.064100 0.047700 0.039500 0.055700 0.007400 0.064000 0.064000 0.055600 0.081500 0.072400 0.064000 0.115400 0.007300 0.072200 0.000000 0.063900 0.055600 0.072400 0.106400 0.063900 0.087900 0.064000 0.064200 0.072100 0.063800 0.047300 0.064000 0.072400 0.055800 0.088400 0.064100 0.063900 0.064100 0.055600 0.097200 0.015500 0.007700
MuntiacusR 0.072400 0.230400 0.064100 0.144900 0.162500 0.089300 0.081000 0.063700 0.080600 0.007300 0.063900 0.072200 0.089400 0.055600 0.080300 0.064100 0.047800 0.055900 0.055700 0.072400 0.064000 0.064000 0.007700 0.039800 0.072400 0.064000 0.097900 0.072400 0.072200 0.063900 0.000000 0.055600 0.072500 0.089100 0.063900 0.122400 0.064000 0.072700 0.072100 0.015500 0.015500 0.064000 0.007800 0.015600 0.123100 0.064100 0.072300 0.064100 0.055600 0.114600 0.081000 0.072400
HarveysDui 0.031400 0.220400 0.055700 0.135000 0.098400 0.047500 0.023400 0.007400 0.072200 0.063800 0.023400 0.063800 0.047300 0.000000 0.039200 0.007700 0.039500 0.031400 0.015500 0.064000 0.007700 0.023400 0.047400 0.081500 0.031400 0.007400 0.055400 0.056900 0.015400 0.055600 0.055600 0.000000 0.063900 0.047100 0.007300 0.113900 0.023400 0.031500 0.015400 0.055500 0.055500 0.007300 0.047500 0.055800 0.114500 0.023400 0.015500 0.023500 0.015500 0.088600 0.072500 0.064000
Pronghorn 0.055500 0.180300 0.072500 0.116600 0.172600 0.072100 0.089600 0.072100 0.089300 0.080800 0.063700 0.064000 0.098200 0.063900 0.089000 0.072600 0.039400 0.031300 0.064100 0.081000 0.072400 0.063700 0.064000 0.099200 0.072100 0.072400 0.106800 0.081000 0.064000 0.072400 0.072500 0.063900 0.000000 0.097900 0.072400 0.131800 0.055500 0.081200 0.063900 0.072300 0.072300 0.064900 0.064100 0.072700 0.132500 0.072400 0.080900 0.072600 0.063900 0.106000 0.089700 0.081000
BlueWildeb 0.080700 0.241500 0.106700 0.192000 0.152400 0.097900 0.072100 0.055200 0.124000 0.097600 0.072200 0.115100 0.015400 0.047100 0.088800 0.055500 0.089500 0.080900 0.063900 0.115400 0.055400 0.072300 0.080500 0.116500 0.080800 0.055400 0.007400 0.115400 0.063500 0.106400 0.089100 0.047100 0.097900 0.000000 0.055300 0.168000 0.072300 0.081000 0.063400 0.088900 0.088900 0.055400 0.080700 0.089500 0.169000 0.072300 0.063600 0.072400 0.063800 0.141200 0.124600 0.115400
Gemsbok 0.039400 0.230300 0.064100 0.144500 0.107300 0.055800 0.031300 0.015400 0.080700 0.072200 0.031400 0.072200 0.055500 0.007300 0.047300 0.015500 0.047700 0.039500 0.023400 0.072400 0.015500 0.031400 0.055600 0.090300 0.039500 0.015500 0.063700 0.072400 0.023300 0.063900 0.063900 0.007300 0.072400 0.055300 0.000000 0.122600 0.031400 0.039600 0.023300 0.063800 0.063800 0.014800 0.055700 0.064200 0.123300 0.031500 0.023300 0.031500 0.022200 0.097200 0.081000 0.072400
Yak 0.131800 0.263000 0.088100 0.208500 0.229300 0.149900 0.140700 0.122300 0.104900 0.131100 0.122900 0.079600 0.168300 0.113900 0.122300 0.123300 0.105500 0.096900 0.114000 0.096500 0.122700 0.123000 0.113700 0.150900 0.131900 0.122700 0.177500 0.096500 0.131400 0.087900 0.122400 0.113900 0.131800 0.168000 0.122600 0.000000 0.122900 0.132300 0.131300 0.122300 0.122300 0.122700 0.131500 0.123000 0.015400 0.122700 0.105200 0.122900 0.113900 0.158000 0.105400 0.096500
BlueSheep 0.015500 0.209400 0.064200 0.125500 0.126000 0.031300 0.047700 0.031300 0.080800 0.072300 0.007700 0.072300 0.072500 0.023400 0.047400 0.031500 0.031400 0.023400 0.023500 0.072500 0.031400 0.023300 0.055700 0.090400 0.015500 0.031400 0.080800 0.064200 0.039400 0.064000 0.064000 0.023400 0.055500 0.072300 0.031400 0.122900 0.000000 0.039700 0.039400 0.063900 0.063900 0.031400 0.055800 0.064300 0.123600 0.031500 0.039400 0.031500 0.023400 0.097400 0.081100 0.072500
BohorReedb 0.047800 0.242500 0.064400 0.145100 0.117700 0.064400 0.056200 0.039500 0.081000 0.081000 0.039600 0.072600 0.081300 0.031500 0.055700 0.039800 0.056200 0.047900 0.031600 0.072700 0.039600 0.039700 0.064200 0.081500 0.047900 0.039600 0.089700 0.072700 0.047700 0.064200 0.072700 0.031500 0.081200 0.081000 0.039600 0.132300 0.039700 0.000000 0.047700 0.072500 0.072500 0.039600 0.064400 0.055800 0.133100 0.039700 0.047800 0.039800 0.031500 0.106500 0.081300 0.072700
KirksDik 0.031400 0.220100 0.072300 0.134900 0.115900 0.047500 0.039300 0.023200 0.089000 0.080400 0.039300 0.063800 0.063600 0.015400 0.055300 0.023300 0.055800 0.047500 0.031300 0.080700 0.023300 0.039400 0.063700 0.098700 0.047500 0.023300 0.071800 0.080700 0.015400 0.072100 0.072100 0.015400 0.063900 0.063400 0.023300 0.131300 0.039400 0.047700 0.000000 0.071900 0.071900 0.023300 0.063800 0.072400 0.132100 0.039400 0.031200 0.039400 0.031300 0.105700 0.089400 0.080700
RoeDeer 0.072200 0.230500 0.063900 0.125900 0.162300 0.089200 0.080800 0.063600 0.080500 0.023300 0.063800 0.072000 0.089200 0.055500 0.080200 0.064000 0.064100 0.055800 0.055600 0.072200 0.063800 0.063800 0.007700 0.039700 0.072300 0.063800 0.097700 0.072200 0.072000 0.063800 0.015500 0.055500 0.072300 0.088900 0.063800 0.122300 0.063900 0.072500 0.071900 0.000000 0.015500 0.063800 0.023400 0.015600 0.123000 0.064000 0.072100 0.064000 0.055500 0.114400 0.080800 0.072200
WhiteLippe 0.072200 0.230500 0.063900 0.144500 0.162300 0.089200 0.080800 0.063600 0.063700 0.023300 0.063800 0.072000 0.089200 0.055500 0.080200 0.064000 0.064100 0.055800 0.055600 0.055600 0.063800 0.063800 0.007300 0.039700 0.072300 0.063800 0.097700 0.055600 0.072000 0.047300 0.015500 0.055500 0.072300 0.088900 0.063800 0.122300 0.063900 0.072500 0.071900 0.015500 0.000000 0.063800 0.023400 0.015600 0.123000 0.064000 0.072100 0.064000 0.055500 0.114400 0.063900 0.055600
ThomsonGaz 0.039500 0.230800 0.064100 0.144600 0.107400 0.055800 0.031400 0.015400 0.080700 0.072200 0.031400 0.072300 0.055600 0.007300 0.047300 0.015500 0.047700 0.039500 0.023400 0.072500 0.015500 0.031400 0.055600 0.090300 0.039500 0.000000 0.063700 0.072500 0.023300 0.064000 0.064000 0.007300 0.064900 0.055400 0.014800 0.122700 0.031400 0.039600 0.023300 0.063800 0.063800 0.000000 0.055800 0.064200 0.123400 0.031500 0.023300 0.031500 0.023400 0.097300 0.081100 0.072500
MuntiacusC 0.064100 0.220200 0.072600 0.135700 0.153300 0.080900 0.072600 0.055500 0.089300 0.015600 0.055700 0.080800 0.080900 0.047500 0.072000 0.055900 0.039700 0.047700 0.047600 0.081000 0.055800 0.055800 0.015500 0.048100 0.064100 0.055800 0.089300 0.081000 0.063900 0.072400 0.007800 0.047500 0.064100 0.080700 0.055700 0.131500 0.055800 0.064400 0.063800 0.023400 0.023400 0.055800 0.000000 0.023600 0.132200 0.055900 0.064000 0.055900 0.047500 0.106000 0.089700 0.081000
WhiteTaile 0.072700 0.231900 0.055900 0.136000 0.163400 0.089700 0.081300 0.063900 0.072400 0.023500 0.064200 0.064000 0.089800 0.055800 0.080600 0.064400 0.064500 0.056100 0.055900 0.064200 0.064200 0.064200 0.007700 0.023600 0.072700 0.064200 0.098300 0.064200 0.072500 0.055800 0.015600 0.055800 0.072700 0.089500 0.064200 0.123000 0.064300 0.055800 0.072400 0.015600 0.015600 0.064200 0.023600 0.000000 0.123700 0.064400 0.072600 0.064400 0.055800 0.115100 0.072700 0.064200
Cattle 0.132600 0.264300 0.088500 0.209800 0.230800 0.150800 0.141600 0.123000 0.105500 0.131900 0.123700 0.080000 0.169300 0.114500 0.123000 0.114500 0.106100 0.097500 0.114700 0.097000 0.123400 0.124700 0.114300 0.151900 0.132700 0.123400 0.178500 0.097000 0.132200 0.088400 0.123100 0.114500 0.132500 0.169000 0.123300 0.015400 0.123600 0.133100 0.132100 0.123000 0.123000 0.123400 0.132200 0.123700 0.000000 0.124100 0.105800 0.123600 0.114500 0.158900 0.105900 0.097000
RoyalAntel 0.039500 0.210500 0.064300 0.145000 0.108100 0.055900 0.031600 0.031300 0.080900 0.072400 0.031400 0.072400 0.072600 0.023400 0.047400 0.031500 0.047900 0.039600 0.023500 0.072600 0.031500 0.031500 0.055700 0.064800 0.039600 0.031500 0.080900 0.072600 0.039400 0.064100 0.064100 0.023400 0.072400 0.072300 0.031500 0.122700 0.031500 0.039700 0.039400 0.064000 0.064000 0.031500 0.055900 0.064400 0.124100 0.000000 0.039500 0.031600 0.023400 0.097400 0.081200 0.072600
Steenbok 0.047600 0.241800 0.064100 0.153800 0.116200 0.064100 0.039300 0.023200 0.080700 0.080600 0.039400 0.072200 0.063800 0.015500 0.047300 0.023400 0.055900 0.047600 0.031400 0.072400 0.023300 0.039400 0.063900 0.099000 0.047600 0.023300 0.072000 0.072400 0.031200 0.063900 0.072300 0.015500 0.080900 0.063600 0.023300 0.105200 0.039400 0.047800 0.031200 0.072100 0.072100 0.023300 0.064000 0.072600 0.105800 0.039500 0.000000 0.039500 0.031300 0.106000 0.081000 0.072400
Impala 0.039600 0.231000 0.064300 0.126500 0.126200 0.039500 0.031600 0.031300 0.080900 0.072400 0.031500 0.072500 0.072600 0.023500 0.047400 0.031600 0.047900 0.039700 0.023500 0.072600 0.015600 0.031500 0.055800 0.090600 0.023500 0.031500 0.081000 0.072600 0.039500 0.064100 0.064100 0.023500 0.072600 0.072400 0.031500 0.122900 0.031500 0.039800 0.039400 0.064000 0.064000 0.031500 0.055900 0.064400 0.123600 0.031600 0.039500 0.000000 0.023500 0.097500 0.081300 0.072600
Klipspring 0.031400 0.220300 0.055700 0.135000 0.116600 0.047500 0.039500 0.023300 0.072100 0.063700 0.023400 0.063800 0.064000 0.014700 0.039200 0.023500 0.039500 0.031400 0.015500 0.063900 0.023400 0.007700 0.047400 0.081500 0.031400 0.023400 0.072200 0.063900 0.031300 0.055600 0.055600 0.015500 0.063900 0.063800 0.022200 0.113900 0.023400 0.031500 0.031300 0.055500 0.055500 0.023400 0.047500 0.055800 0.114500 0.023400 0.031300 0.023500 0.000000 0.088600 0.072400 0.063900
ForestMusk 0.106000 0.271100 0.097500 0.180900 0.179800 0.123700 0.115000 0.096900 0.097300 0.123300 0.097400 0.105800 0.141600 0.088600 0.114200 0.097600 0.080600 0.072100 0.088800 0.106000 0.097300 0.097400 0.105800 0.143000 0.106100 0.097300 0.150500 0.106000 0.105800 0.097200 0.114600 0.088600 0.106000 0.141200 0.097200 0.158000 0.097400 0.106500 0.105700 0.114400 0.114400 0.097300 0.106000 0.115100 0.158900 0.097400 0.106000 0.097500 0.088600 0.000000 0.115100 0.106000
Bushbuck 0.089700 0.253300 0.015500 0.144900 0.182800 0.107200 0.098600 0.080700 0.015500 0.089400 0.081100 0.039300 0.125000 0.072500 0.080600 0.081300 0.064500 0.056100 0.072600 0.007400 0.071200 0.081100 0.072400 0.099200 0.089800 0.081100 0.133900 0.007200 0.080900 0.015500 0.081000 0.072500 0.089700 0.124600 0.081000 0.105400 0.081100 0.081300 0.089400 0.080800 0.063900 0.081100 0.089700 0.072700 0.105900 0.081200 0.081000 0.081300 0.072400 0.115100 0.000000 0.007700
GreaterKud 0.081000 0.241700 0.007700 0.135300 0.172600 0.098200 0.089700 0.072100 0.007700 0.080700 0.072400 0.031300 0.115800 0.064000 0.072000 0.072700 0.056000 0.047700 0.064100 0.000000 0.072500 0.072500 0.063900 0.090300 0.081000 0.072500 0.124500 0.000000 0.080800 0.007700 0.072400 0.064000 0.081000 0.115400 0.072400 0.096500 0.072500 0.072700 0.080700 0.072200 0.055600 0.072500 0.081000 0.064200 0.097000 0.072600 0.072400 0.072600 0.063900 0.106000 0.007700 0.000000
