1
52 1
Argali 0.000000 0.123600 0.045700 0.102800 0.022800 0.004000 0.013500 0.027000 0.028900 0.052000 0.004000 0.030700 0.024800 0.013300 0.033000 0.020500 0.040000 0.020500 0.024500 0.045800 0.022500 0.012200 0.066100 0.061200 0.004000 0.018400 0.025500 0.045800 0.022500 0.058900 0.051600 0.017700 0.058800 0.020600 0.014100 0.020500 0.008200 0.027500 0.027300 0.061400 0.066200 0.023000 0.052000 0.070200 0.020500 0.012300 0.026900 0.020500 0.016900 0.028800 0.045800 0.045900
LesserMous 0.123600 0.000000 0.150300 0.164100 0.129400 0.118400 0.126100 0.139000 0.148200 0.127400 0.118800 0.136400 0.134000 0.132500 0.142200 0.138000 0.117300 0.113700 0.117900 0.150500 0.133500 0.106800 0.133600 0.133000 0.118800 0.138900 0.134200 0.151000 0.143700 0.159200 0.126900 0.138100 0.132100 0.129100 0.133900 0.121200 0.124200 0.139500 0.138600 0.133800 0.138800 0.143400 0.127400 0.143500 0.121200 0.128900 0.136700 0.128700 0.130000 0.128400 0.150500 0.150600
LesserKudu 0.045700 0.150300 0.000000 0.106600 0.055900 0.041400 0.045400 0.058800 0.032900 0.069700 0.041400 0.037000 0.045800 0.045200 0.062600 0.053500 0.058800 0.037100 0.045300 0.008000 0.054500 0.049800 0.085400 0.079800 0.041400 0.050000 0.047000 0.008000 0.054300 0.012100 0.069100 0.049800 0.070000 0.050100 0.045700 0.024400 0.045900 0.060300 0.058900 0.079800 0.085600 0.054200 0.069700 0.088300 0.024400 0.041400 0.062900 0.050000 0.048100 0.049900 0.008000 0.000000
KillerWhal 0.102800 0.164100 0.106600 0.000000 0.108100 0.097900 0.099200 0.112700 0.103000 0.094900 0.098000 0.084200 0.093600 0.092700 0.097900 0.102700 0.104300 0.084000 0.102000 0.097500 0.098100 0.103900 0.108300 0.105200 0.098000 0.103300 0.094200 0.097400 0.107900 0.108800 0.094600 0.097600 0.115800 0.098300 0.102900 0.088600 0.093900 0.112600 0.103000 0.105600 0.108800 0.107700 0.094900 0.110500 0.088600 0.098100 0.114200 0.098100 0.098500 0.098000 0.097500 0.106800
DefassaWat 0.022800 0.129400 0.055900 0.108100 0.000000 0.021100 0.016800 0.012400 0.029100 0.055500 0.021300 0.038400 0.033900 0.016700 0.033200 0.020600 0.051300 0.029700 0.034000 0.056000 0.016600 0.029700 0.060300 0.064700 0.021300 0.012400 0.033400 0.056000 0.016500 0.069500 0.055300 0.021000 0.064000 0.029600 0.025800 0.029800 0.025600 0.012400 0.020800 0.065000 0.060400 0.016500 0.055500 0.074100 0.029800 0.021300 0.024900 0.030000 0.026300 0.038600 0.056000 0.056000
Sheep 0.004000 0.118400 0.041400 0.097900 0.021100 0.000000 0.012200 0.024800 0.024600 0.047200 0.000000 0.028800 0.020600 0.012100 0.028700 0.016300 0.037500 0.016300 0.020300 0.041500 0.020600 0.008100 0.061100 0.056300 0.000000 0.016400 0.021100 0.041500 0.020600 0.054400 0.046900 0.016300 0.054100 0.016400 0.012200 0.016300 0.004100 0.025300 0.024800 0.056600 0.061200 0.020500 0.047200 0.065400 0.016300 0.008100 0.024700 0.016400 0.012600 0.024600 0.041500 0.041500
MaxwellsDu 0.013500 0.126100 0.045400 0.099200 0.016800 0.012200 0.000000 0.020500 0.028700 0.046800 0.012200 0.028700 0.024600 0.008000 0.032700 0.020300 0.037300 0.020400 0.024300 0.045500 0.016400 0.016300 0.060800 0.056100 0.012200 0.012200 0.025200 0.045600 0.016300 0.058400 0.046500 0.012100 0.058400 0.020500 0.016300 0.020400 0.016400 0.021100 0.020500 0.056400 0.056200 0.016200 0.046800 0.065100 0.020400 0.012200 0.020400 0.020400 0.016700 0.028700 0.045500 0.045600
GazellaPrz 0.027000 0.139000 0.058800 0.112700 0.012400 0.024800 0.020500 0.000000 0.024600 0.059600 0.024800 0.041700 0.037500 0.020400 0.037300 0.016300 0.054800 0.033100 0.037100 0.058900 0.012300 0.033100 0.063100 0.068900 0.024800 0.008100 0.038000 0.058900 0.012200 0.072200 0.059500 0.024700 0.075400 0.033300 0.029000 0.033100 0.029100 0.016500 0.016400 0.069300 0.063100 0.012200 0.059600 0.078500 0.033100 0.024800 0.020500 0.033200 0.030000 0.041600 0.058900 0.059000
MountainNy 0.028900 0.148200 0.032900 0.103000 0.029100 0.024600 0.028700 0.024600 0.000000 0.059300 0.024700 0.045700 0.028900 0.028600 0.037100 0.016200 0.054600 0.033000 0.037000 0.032900 0.020500 0.033000 0.072300 0.068500 0.024700 0.016300 0.029300 0.033000 0.020400 0.045700 0.059100 0.032900 0.075700 0.033100 0.028800 0.032900 0.029000 0.033200 0.024600 0.068900 0.072400 0.020300 0.059300 0.078000 0.032900 0.024600 0.028700 0.033100 0.030600 0.041400 0.032900 0.033000
MuntiacusM 0.052000 0.127400 0.069700 0.094900 0.055500 0.047200 0.046800 0.059600 0.059300 0.000000 0.047300 0.056100 0.060200 0.050900 0.054700 0.050500 0.046700 0.033900 0.056000 0.069800 0.046200 0.047000 0.020800 0.016500 0.047300 0.050700 0.059400 0.069600 0.055000 0.078800 0.000000 0.055700 0.055400 0.055800 0.052100 0.042700 0.051900 0.059700 0.041900 0.016600 0.025100 0.054900 0.000000 0.025000 0.042700 0.047400 0.055000 0.047500 0.054000 0.038900 0.069800 0.069700
goat 0.004000 0.118800 0.041400 0.098000 0.021300 0.000000 0.012200 0.024800 0.024700 0.047300 0.000000 0.028900 0.020600 0.012100 0.028800 0.016300 0.037500 0.016400 0.020400 0.041500 0.020600 0.008100 0.061800 0.056800 0.000000 0.016400 0.021300 0.041500 0.020600 0.054400 0.047000 0.016300 0.054300 0.016400 0.012300 0.016300 0.004100 0.025600 0.024800 0.057000 0.061900 0.020500 0.047300 0.065700 0.016300 0.008100 0.024700 0.016400 0.012800 0.024600 0.041500 0.041600
AfricanBuf 0.030700 0.136400 0.037000 0.084200 0.038400 0.028800 0.028700 0.041700 0.045700 0.056100 0.028900 0.000000 0.033100 0.020300 0.041300 0.037200 0.045900 0.024600 0.032800 0.028600 0.037500 0.037200 0.070800 0.065800 0.028900 0.033100 0.033900 0.028700 0.037300 0.041200 0.055700 0.024600 0.070600 0.028900 0.033000 0.012200 0.033200 0.042700 0.041700 0.066000 0.071000 0.037200 0.056100 0.074600 0.012200 0.028800 0.045800 0.037300 0.034400 0.037200 0.028600 0.037100
Topi 0.024800 0.134000 0.045800 0.093600 0.033900 0.020600 0.024600 0.037500 0.028900 0.060200 0.020600 0.033100 0.000000 0.016300 0.032900 0.028800 0.041800 0.028900 0.032900 0.037300 0.033300 0.028900 0.074900 0.069800 0.020600 0.029000 0.000000 0.037300 0.033200 0.050100 0.059900 0.020500 0.070700 0.004100 0.024800 0.028900 0.024900 0.038200 0.037500 0.070100 0.075000 0.033100 0.060200 0.078800 0.028900 0.020600 0.041700 0.029000 0.025800 0.037300 0.037300 0.045900
CommonDuik 0.013300 0.132500 0.045200 0.092700 0.016700 0.012100 0.008000 0.020400 0.028600 0.050900 0.012100 0.020300 0.016300 0.000000 0.024300 0.020300 0.041300 0.020300 0.024200 0.036900 0.016300 0.020300 0.064800 0.060200 0.012100 0.012100 0.016600 0.036900 0.016200 0.049600 0.050600 0.004000 0.062700 0.012200 0.016200 0.020300 0.016300 0.020900 0.020400 0.060500 0.064900 0.016200 0.050900 0.069200 0.020300 0.012100 0.024500 0.020300 0.016600 0.028500 0.036900 0.045400
Suni 0.033000 0.142200 0.062600 0.097900 0.033200 0.028700 0.032700 0.037300 0.037100 0.054700 0.028800 0.041300 0.032900 0.024300 0.000000 0.031100 0.044500 0.031500 0.041000 0.054000 0.033100 0.037100 0.068500 0.063800 0.028800 0.028800 0.033300 0.054100 0.033000 0.067100 0.054600 0.028600 0.069400 0.028800 0.032900 0.037100 0.033100 0.037300 0.037300 0.064200 0.068600 0.032900 0.054700 0.073200 0.037100 0.028700 0.041400 0.028700 0.033600 0.037000 0.054000 0.062800
Springbuck 0.020500 0.138000 0.053500 0.102700 0.020600 0.016300 0.020300 0.016300 0.016200 0.050500 0.016300 0.037200 0.028800 0.020300 0.031100 0.000000 0.048800 0.024600 0.028500 0.049900 0.012200 0.024600 0.062500 0.059500 0.016300 0.008100 0.029200 0.049900 0.012200 0.066700 0.050300 0.024500 0.065700 0.024600 0.020500 0.024600 0.020600 0.024700 0.016300 0.059800 0.062600 0.012100 0.050500 0.068800 0.024600 0.016300 0.020300 0.024600 0.021100 0.032900 0.049900 0.053500
Okapi 0.040000 0.117300 0.058800 0.104300 0.051300 0.037500 0.037300 0.054800 0.054600 0.046700 0.037500 0.045900 0.041800 0.041300 0.044500 0.048800 0.000000 0.020500 0.045700 0.058900 0.050500 0.037400 0.060600 0.055800 0.037500 0.046000 0.041800 0.059000 0.050300 0.072200 0.046600 0.045900 0.052800 0.037500 0.037500 0.033200 0.041900 0.055600 0.054900 0.056100 0.065300 0.050200 0.046700 0.065000 0.033200 0.037500 0.050300 0.037500 0.042800 0.041600 0.058900 0.059000
Giraffe 0.020500 0.113700 0.037100 0.084000 0.029700 0.016300 0.020400 0.033100 0.033000 0.033900 0.016400 0.024600 0.028900 0.020300 0.031500 0.024600 0.020500 0.000000 0.024400 0.037200 0.029000 0.024600 0.047900 0.042900 0.016400 0.024700 0.030000 0.037200 0.028900 0.050000 0.033700 0.024600 0.042200 0.024700 0.020500 0.012200 0.020600 0.034000 0.033200 0.043100 0.048000 0.028800 0.033900 0.051700 0.012200 0.016300 0.037300 0.016300 0.021100 0.020400 0.037200 0.037200
TibetanAnt 0.024500 0.117900 0.045300 0.102000 0.034000 0.020300 0.024300 0.037100 0.037000 0.056000 0.020400 0.032800 0.032900 0.024200 0.041000 0.028500 0.045700 0.024400 0.000000 0.045400 0.033000 0.028600 0.070500 0.066300 0.020400 0.028700 0.034000 0.045400 0.032900 0.058300 0.055500 0.028500 0.070000 0.028700 0.024500 0.020300 0.024600 0.038300 0.037200 0.065600 0.070600 0.024500 0.056000 0.074400 0.020300 0.020300 0.041200 0.028700 0.025500 0.028600 0.045400 0.045400
Sitatunga 0.045800 0.150500 0.008000 0.097500 0.056000 0.041500 0.045500 0.058900 0.032900 0.069800 0.041500 0.028600 0.037300 0.036900 0.054000 0.049900 0.058900 0.037200 0.045400 0.000000 0.054600 0.049900 0.084900 0.079700 0.041500 0.050100 0.038400 0.000000 0.054400 0.012100 0.069200 0.041300 0.070200 0.041500 0.045700 0.024500 0.046000 0.060400 0.058900 0.079900 0.085000 0.054200 0.069800 0.088500 0.024500 0.041400 0.063100 0.050100 0.048000 0.049700 0.000000 0.008100
Oribi 0.022500 0.133500 0.054500 0.098100 0.016600 0.020600 0.016400 0.012300 0.020500 0.046200 0.020600 0.037500 0.033300 0.016300 0.033100 0.012200 0.050500 0.029000 0.033000 0.054600 0.000000 0.029000 0.057900 0.055200 0.020600 0.004100 0.033700 0.054700 0.008200 0.067800 0.046100 0.020600 0.060800 0.029100 0.024800 0.029000 0.024900 0.020700 0.004100 0.055500 0.057900 0.008100 0.046200 0.064500 0.029000 0.020600 0.016400 0.029000 0.025500 0.037400 0.054600 0.054700
BarbaryShe 0.012200 0.106800 0.049800 0.103900 0.029700 0.008100 0.016300 0.033100 0.033000 0.047000 0.008100 0.037200 0.028900 0.020300 0.037100 0.024600 0.037400 0.024600 0.028600 0.049900 0.029000 0.000000 0.061200 0.056400 0.008100 0.024700 0.029700 0.050000 0.028900 0.062900 0.046800 0.024600 0.054000 0.024700 0.020500 0.024600 0.012200 0.034000 0.033200 0.056600 0.065800 0.028800 0.047000 0.065400 0.024600 0.016300 0.024700 0.024600 0.021100 0.032900 0.049900 0.050000
Daviddeer 0.066100 0.133600 0.085400 0.108300 0.060300 0.061100 0.060800 0.063100 0.072300 0.020800 0.061800 0.070800 0.074900 0.064800 0.068500 0.062500 0.060600 0.047900 0.070500 0.084900 0.057900 0.061200 0.000000 0.025100 0.061800 0.063100 0.073300 0.084400 0.067300 0.094000 0.020700 0.069800 0.064800 0.070300 0.067300 0.056800 0.066300 0.064500 0.053900 0.029500 0.004100 0.067500 0.020800 0.033900 0.056800 0.057600 0.067300 0.062300 0.062700 0.054800 0.084900 0.084700
Reindeer 0.061200 0.133000 0.079800 0.105200 0.064700 0.056300 0.056100 0.068900 0.068500 0.016500 0.056800 0.065800 0.069800 0.060200 0.063800 0.059500 0.055800 0.042900 0.066300 0.079700 0.055200 0.056400 0.025100 0.000000 0.056800 0.059800 0.068700 0.079300 0.064200 0.088900 0.016500 0.065100 0.064500 0.065300 0.061900 0.052000 0.061400 0.069000 0.050800 0.016600 0.029500 0.064100 0.016500 0.008300 0.052000 0.048000 0.064200 0.057100 0.065000 0.048800 0.079700 0.079600
Ibex 0.004000 0.118800 0.041400 0.098000 0.021300 0.000000 0.012200 0.024800 0.024700 0.047300 0.000000 0.028900 0.020600 0.012100 0.028800 0.016300 0.037500 0.016400 0.020400 0.041500 0.020600 0.008100 0.061800 0.056800 0.000000 0.016400 0.021300 0.041500 0.020600 0.054400 0.047000 0.016300 0.054300 0.016400 0.012300 0.016300 0.004100 0.025600 0.024800 0.057000 0.061900 0.020500 0.047300 0.065700 0.016300 0.008100 0.024700 0.016400 0.012800 0.024600 0.041500 0.041600
GyrantGaze 0.018400 0.138900 0.050000 0.103300 0.012400 0.016400 0.012200 0.008100 0.016300 0.050700 0.016400 0.033100 0.029000 0.012100 0.028800 0.008100 0.046000 0.024700 0.028700 0.050100 0.004100 0.024700 0.063100 0.059800 0.016400 0.000000 0.029400 0.050100 0.004000 0.063100 0.050600 0.016300 0.066300 0.024800 0.020500 0.024700 0.020700 0.016500 0.008100 0.060100 0.063200 0.004000 0.050700 0.069200 0.024700 0.016400 0.012200 0.024700 0.021500 0.033000 0.050100 0.050200
Hartebeest 0.025500 0.134200 0.047000 0.094200 0.033400 0.021100 0.025200 0.038000 0.029300 0.059400 0.021300 0.033900 0.000000 0.016600 0.033300 0.029200 0.041800 0.030000 0.034000 0.038400 0.033700 0.029700 0.073300 0.068700 0.021300 0.029400 0.000000 0.038300 0.033600 0.051500 0.059300 0.021000 0.068300 0.004100 0.025900 0.029600 0.025600 0.037600 0.038200 0.069000 0.073400 0.033600 0.059400 0.078100 0.029600 0.021400 0.042200 0.030000 0.026400 0.038600 0.038400 0.047100
Bongo 0.045800 0.151000 0.008000 0.097400 0.056000 0.041500 0.045600 0.058900 0.033000 0.069600 0.041500 0.028700 0.037300 0.036900 0.054100 0.049900 0.059000 0.037200 0.045400 0.000000 0.054700 0.050000 0.084400 0.079300 0.041500 0.050100 0.038300 0.000000 0.054500 0.012100 0.069100 0.041400 0.070100 0.041600 0.045700 0.024500 0.046000 0.060300 0.059000 0.079600 0.084500 0.054300 0.069600 0.088400 0.024500 0.041500 0.063100 0.050100 0.047500 0.049800 0.000000 0.008100
Gerenuk 0.022500 0.143700 0.054300 0.107900 0.016500 0.020600 0.016300 0.012200 0.020400 0.055000 0.020600 0.037300 0.033200 0.016200 0.033000 0.012200 0.050300 0.028900 0.032900 0.054400 0.008200 0.028900 0.067300 0.064200 0.020600 0.004000 0.033600 0.054500 0.000000 0.067600 0.054900 0.020500 0.070700 0.029000 0.024700 0.028900 0.024900 0.020600 0.012200 0.064600 0.067400 0.008100 0.055000 0.073500 0.028900 0.020500 0.016300 0.028900 0.025600 0.037300 0.054400 0.054500
CommonElan 0.058900 0.159200 0.012100 0.108800 0.069500 0.054400 0.058400 0.072200 0.045700 0.078800 0.054400 0.041200 0.050100 0.049600 0.067100 0.066700 0.072200 0.050000 0.058300 0.012100 0.067800 0.062900 0.094000 0.088900 0.054400 0.063100 0.051500 0.012100 0.067600 0.000000 0.078200 0.054200 0.083900 0.054500 0.058700 0.037000 0.059000 0.074000 0.072200 0.089000 0.094100 0.067400 0.078800 0.097800 0.037000 0.054400 0.076300 0.063200 0.061200 0.053800 0.012100 0.012200
MuntiacusR 0.051600 0.126900 0.069100 0.094600 0.055300 0.046900 0.046500 0.059500 0.059100 0.000000 0.047000 0.055700 0.059900 0.050600 0.054600 0.050300 0.046600 0.033700 0.055500 0.069200 0.046100 0.046800 0.020700 0.016500 0.047000 0.050600 0.059300 0.069100 0.054900 0.078200 0.000000 0.055400 0.055300 0.055500 0.051700 0.042500 0.051600 0.059600 0.041800 0.016500 0.025000 0.054700 0.000000 0.025000 0.042500 0.047100 0.054900 0.047100 0.053100 0.038400 0.069200 0.069200
HarveysDui 0.017700 0.138100 0.049800 0.097600 0.021000 0.016300 0.012100 0.024700 0.032900 0.055700 0.016300 0.024600 0.020500 0.004000 0.028600 0.024500 0.045900 0.024600 0.028500 0.041300 0.020600 0.024600 0.069800 0.065100 0.016300 0.016300 0.021000 0.041400 0.020500 0.054200 0.055400 0.000000 0.067500 0.016400 0.020400 0.024600 0.020600 0.025300 0.024700 0.065500 0.070000 0.020400 0.055700 0.074300 0.024600 0.016300 0.028800 0.024600 0.020900 0.032900 0.041300 0.050000
Pronghorn 0.058800 0.132100 0.070000 0.115800 0.064000 0.054100 0.058400 0.075400 0.075700 0.055400 0.054300 0.070600 0.070700 0.062700 0.069400 0.065700 0.052800 0.042200 0.070000 0.070200 0.060800 0.054000 0.064800 0.064500 0.054300 0.066300 0.068300 0.070100 0.070700 0.083900 0.055300 0.067500 0.000000 0.066000 0.063800 0.056600 0.059000 0.073200 0.066000 0.064800 0.069400 0.070800 0.055400 0.074000 0.056600 0.059000 0.061100 0.059000 0.054800 0.066000 0.070200 0.070200
BlueWildeb 0.020600 0.129100 0.050100 0.098300 0.029600 0.016400 0.020500 0.033300 0.033100 0.055800 0.016400 0.028900 0.004100 0.012200 0.028800 0.024600 0.037500 0.024700 0.028700 0.041500 0.029100 0.024700 0.070300 0.065300 0.016400 0.024800 0.004100 0.041600 0.029000 0.054500 0.055500 0.016400 0.066000 0.000000 0.020600 0.024700 0.020700 0.033900 0.033300 0.065500 0.070400 0.028900 0.055800 0.074300 0.024700 0.016400 0.037400 0.024800 0.021500 0.033100 0.041500 0.050200
Gemsbok 0.014100 0.133900 0.045700 0.102900 0.025800 0.012200 0.016300 0.029000 0.028800 0.052100 0.012300 0.033000 0.024800 0.016200 0.032900 0.020500 0.037500 0.020500 0.024500 0.045700 0.024800 0.020500 0.067300 0.061900 0.012300 0.020500 0.025900 0.045700 0.024700 0.058700 0.051700 0.020400 0.063800 0.020600 0.000000 0.020500 0.016500 0.030300 0.029000 0.062000 0.067400 0.024600 0.052100 0.070500 0.020500 0.012200 0.033100 0.020600 0.017500 0.028800 0.045700 0.045800
Yak 0.020500 0.121200 0.024400 0.088600 0.029800 0.016300 0.020400 0.033100 0.032900 0.042700 0.016300 0.012200 0.028900 0.020300 0.037100 0.024600 0.033200 0.012200 0.020300 0.024500 0.029000 0.024600 0.056800 0.052000 0.016300 0.024700 0.029600 0.024500 0.028900 0.037000 0.042500 0.024600 0.056600 0.024700 0.020500 0.000000 0.020600 0.033900 0.033200 0.052200 0.057000 0.028800 0.042700 0.060900 0.000000 0.016300 0.037200 0.024600 0.021200 0.024600 0.024500 0.024500
BlueSheep 0.008200 0.124200 0.045900 0.093900 0.025600 0.004100 0.016400 0.029100 0.029000 0.051900 0.004100 0.033200 0.024900 0.016300 0.033100 0.020600 0.041900 0.020600 0.024600 0.046000 0.024900 0.012200 0.066300 0.061400 0.004100 0.020700 0.025600 0.046000 0.024900 0.059000 0.051600 0.020600 0.059000 0.020700 0.016500 0.020600 0.000000 0.029900 0.029200 0.061600 0.066400 0.024800 0.051900 0.065800 0.020600 0.012300 0.029100 0.020600 0.017000 0.028900 0.046000 0.046000
BohorReedb 0.027500 0.139500 0.060300 0.112600 0.012400 0.025300 0.021100 0.016500 0.033200 0.059700 0.025600 0.042700 0.038200 0.020900 0.037300 0.024700 0.055600 0.034000 0.038300 0.060400 0.020700 0.034000 0.064500 0.069000 0.025600 0.016500 0.037600 0.060300 0.020600 0.074000 0.059600 0.025300 0.073200 0.033900 0.030300 0.033900 0.029900 0.000000 0.024900 0.069400 0.064700 0.020600 0.059700 0.078500 0.033900 0.025700 0.029000 0.034400 0.030800 0.043100 0.060400 0.060400
KirksDik 0.027300 0.138600 0.058900 0.103000 0.020800 0.024800 0.020500 0.016400 0.024600 0.041900 0.024800 0.041700 0.037500 0.020400 0.037300 0.016300 0.054900 0.033200 0.037200 0.058900 0.004100 0.033200 0.053900 0.050800 0.024800 0.008100 0.038200 0.059000 0.012200 0.072200 0.041800 0.024700 0.066000 0.033300 0.029000 0.033200 0.029200 0.024900 0.000000 0.051100 0.054000 0.012200 0.041900 0.060000 0.033200 0.024800 0.020500 0.033300 0.030300 0.033100 0.058900 0.059100
RoeDeer 0.061400 0.133800 0.079800 0.105600 0.065000 0.056600 0.056400 0.069300 0.068900 0.016600 0.057000 0.066000 0.070100 0.060500 0.064200 0.059800 0.056100 0.043100 0.065600 0.079900 0.055500 0.056600 0.029500 0.016600 0.057000 0.060100 0.069000 0.079600 0.064600 0.089000 0.016500 0.065500 0.064800 0.065500 0.062000 0.052200 0.061600 0.069400 0.051100 0.000000 0.033900 0.064400 0.016600 0.025300 0.052200 0.057100 0.064500 0.057200 0.064400 0.048500 0.079900 0.079800
WhiteLippe 0.066200 0.138800 0.085600 0.108800 0.060400 0.061200 0.056200 0.063100 0.072400 0.025100 0.061900 0.071000 0.075000 0.064900 0.068600 0.062600 0.065300 0.048000 0.070600 0.085000 0.057900 0.065800 0.004100 0.029500 0.061900 0.063200 0.073400 0.084500 0.067400 0.094100 0.025000 0.070000 0.069400 0.070400 0.067400 0.057000 0.066400 0.064700 0.054000 0.033900 0.000000 0.067600 0.025100 0.038300 0.057000 0.057700 0.072000 0.062400 0.062800 0.054900 0.085000 0.084900
ThomsonGaz 0.023000 0.143400 0.054200 0.107700 0.016500 0.020500 0.016200 0.012200 0.020300 0.054900 0.020500 0.037200 0.033100 0.016200 0.032900 0.012100 0.050200 0.028800 0.024500 0.054200 0.008100 0.028800 0.067500 0.064100 0.020500 0.004000 0.033600 0.054300 0.008100 0.067400 0.054700 0.020400 0.070800 0.028900 0.024600 0.028800 0.024800 0.020600 0.012200 0.064400 0.067600 0.000000 0.054900 0.073500 0.028800 0.020500 0.016300 0.028900 0.025700 0.037200 0.054200 0.054400
MuntiacusC 0.052000 0.127400 0.069700 0.094900 0.055500 0.047200 0.046800 0.059600 0.059300 0.000000 0.047300 0.056100 0.060200 0.050900 0.054700 0.050500 0.046700 0.033900 0.056000 0.069800 0.046200 0.047000 0.020800 0.016500 0.047300 0.050700 0.059400 0.069600 0.055000 0.078800 0.000000 0.055700 0.055400 0.055800 0.052100 0.042700 0.051900 0.059700 0.041900 0.016600 0.025100 0.054900 0.000000 0.025000 0.042700 0.047400 0.055000 0.047500 0.054000 0.038900 0.069800 0.069700
WhiteTaile 0.070200 0.143500 0.088300 0.110500 0.074100 0.065400 0.065100 0.078500 0.078000 0.025000 0.065700 0.074600 0.078800 0.069200 0.073200 0.068800 0.065000 0.051700 0.074400 0.088500 0.064500 0.065400 0.033900 0.008300 0.065700 0.069200 0.078100 0.088400 0.073500 0.097800 0.025000 0.074300 0.074000 0.074300 0.070500 0.060900 0.065800 0.078500 0.060000 0.025300 0.038300 0.073500 0.025000 0.000000 0.060900 0.056600 0.073600 0.065700 0.072300 0.056700 0.088500 0.088600
Cattle 0.020500 0.121200 0.024400 0.088600 0.029800 0.016300 0.020400 0.033100 0.032900 0.042700 0.016300 0.012200 0.028900 0.020300 0.037100 0.024600 0.033200 0.012200 0.020300 0.024500 0.029000 0.024600 0.056800 0.052000 0.016300 0.024700 0.029600 0.024500 0.028900 0.037000 0.042500 0.024600 0.056600 0.024700 0.020500 0.000000 0.020600 0.033900 0.033200 0.052200 0.057000 0.028800 0.042700 0.060900 0.000000 0.016300 0.037200 0.024600 0.021200 0.024600 0.024500 0.024500
RoyalAntel 0.012300 0.128900 0.041400 0.098100 0.021300 0.008100 0.012200 0.024800 0.024600 0.047400 0.008100 0.028800 0.020600 0.012100 0.028700 0.016300 0.037500 0.016300 0.020300 0.041400 0.020600 0.016300 0.057600 0.048000 0.008100 0.016400 0.021400 0.041500 0.020500 0.054400 0.047100 0.016300 0.059000 0.016400 0.012200 0.016300 0.012300 0.025700 0.024800 0.057100 0.057700 0.020500 0.047400 0.056600 0.016300 0.000000 0.028900 0.016400 0.012900 0.024600 0.041400 0.041500
Steenbok 0.026900 0.136700 0.062900 0.114200 0.024900 0.024700 0.020400 0.020500 0.028700 0.055000 0.024700 0.045800 0.041700 0.024500 0.041400 0.020300 0.050300 0.037300 0.041200 0.063100 0.016400 0.024700 0.067300 0.064200 0.024700 0.012200 0.042200 0.063100 0.016300 0.076300 0.054900 0.028800 0.061100 0.037400 0.033100 0.037200 0.029100 0.029000 0.020500 0.064500 0.072000 0.016300 0.055000 0.073600 0.037200 0.028900 0.000000 0.037400 0.034200 0.045700 0.063100 0.063200
Impala 0.020500 0.128700 0.050000 0.098100 0.030000 0.016400 0.020400 0.033200 0.033100 0.047500 0.016400 0.037300 0.029000 0.020300 0.028700 0.024600 0.037500 0.016300 0.028700 0.050100 0.029000 0.024600 0.062300 0.057100 0.016400 0.024700 0.030000 0.050100 0.028900 0.063200 0.047100 0.024600 0.059000 0.024800 0.020600 0.024600 0.020600 0.034400 0.033300 0.057200 0.062400 0.028900 0.047500 0.065700 0.024600 0.016400 0.037400 0.000000 0.021500 0.024600 0.050100 0.050100
Klipspring 0.016900 0.130000 0.048100 0.098500 0.026300 0.012600 0.016700 0.030000 0.030600 0.054000 0.012800 0.034400 0.025800 0.016600 0.033600 0.021100 0.042800 0.021100 0.025500 0.048000 0.025500 0.021100 0.062700 0.065000 0.012800 0.021500 0.026400 0.047500 0.025600 0.061200 0.053100 0.020900 0.054800 0.021500 0.017500 0.021200 0.017000 0.030800 0.030300 0.064400 0.062800 0.025700 0.054000 0.072300 0.021200 0.012900 0.034200 0.021500 0.000000 0.032900 0.048000 0.047600
ForestMusk 0.028800 0.128400 0.049900 0.098000 0.038600 0.024600 0.028700 0.041600 0.041400 0.038900 0.024600 0.037200 0.037300 0.028500 0.037000 0.032900 0.041600 0.020400 0.028600 0.049700 0.037400 0.032900 0.054800 0.048800 0.024600 0.033000 0.038600 0.049800 0.037300 0.053800 0.038400 0.032900 0.066000 0.033100 0.028800 0.024600 0.028900 0.043100 0.033100 0.048500 0.054900 0.037200 0.038900 0.056700 0.024600 0.024600 0.045700 0.024600 0.032900 0.000000 0.049700 0.049900
Bushbuck 0.045800 0.150500 0.008000 0.097500 0.056000 0.041500 0.045500 0.058900 0.032900 0.069800 0.041500 0.028600 0.037300 0.036900 0.054000 0.049900 0.058900 0.037200 0.045400 0.000000 0.054600 0.049900 0.084900 0.079700 0.041500 0.050100 0.038400 0.000000 0.054400 0.012100 0.069200 0.041300 0.070200 0.041500 0.045700 0.024500 0.046000 0.060400 0.058900 0.079900 0.085000 0.054200 0.069800 0.088500 0.024500 0.041400 0.063100 0.050100 0.048000 0.049700 0.000000 0.008100
GreaterKud 0.045900 0.150600 0.000000 0.106800 0.056000 0.041500 0.045600 0.059000 0.033000 0.069700 0.041600 0.037100 0.045900 0.045400 0.062800 0.053500 0.059000 0.037200 0.045400 0.008100 0.054700 0.050000 0.084700 0.079600 0.041600 0.050200 0.047100 0.008100 0.054500 0.012200 0.069200 0.050000 0.070200 0.050200 0.045800 0.024500 0.046000 0.060400 0.059100 0.079800 0.084900 0.054400 0.069700 0.088600 0.024500 0.041500 0.063200 0.050100 0.047600 0.049900 0.008100 0.000000
