1
52 1
Argali 0.000000 0.336800 0.106800 0.380100 0.088800 0.001500 0.075600 0.084100 0.108700 0.121900 0.027100 0.102700 0.070600 0.087200 0.093100 0.082200 0.129600 0.138600 0.050700 0.108700 0.088900 0.031700 0.117800 0.129200 0.024000 0.074000 0.067500 0.105500 0.084900 0.112200 0.120300 0.080400 0.147000 0.073900 0.077100 0.104300 0.027100 0.092400 0.082200 0.134000 0.111000 0.078700 0.118700 0.112200 0.104300 0.086600 0.095600 0.103700 0.083100 0.115500 0.103900 0.100300
LesserMous 0.336800 0.000000 0.313700 0.393200 0.318500 0.334400 0.317100 0.333100 0.313600 0.310000 0.322800 0.319300 0.334100 0.318100 0.344400 0.323800 0.328400 0.335000 0.329300 0.312100 0.330000 0.322900 0.314900 0.326000 0.313800 0.317500 0.343200 0.308000 0.317800 0.327700 0.305600 0.312900 0.345300 0.341100 0.323600 0.313900 0.318700 0.326300 0.307200 0.330200 0.316600 0.314900 0.308300 0.315200 0.316300 0.318500 0.352700 0.334300 0.317400 0.322100 0.305800 0.305300
LesserKudu 0.106800 0.313700 0.000000 0.364100 0.103500 0.105100 0.093300 0.098700 0.022300 0.109700 0.093500 0.070900 0.109400 0.100000 0.107500 0.091800 0.112000 0.108800 0.094100 0.019300 0.105300 0.091900 0.103800 0.113400 0.090200 0.091700 0.102900 0.016300 0.088000 0.028400 0.111400 0.104700 0.125400 0.099500 0.107900 0.064400 0.093600 0.100400 0.099900 0.123400 0.100600 0.094700 0.106600 0.113500 0.061300 0.101200 0.105400 0.111700 0.094300 0.104800 0.017800 0.016300
KillerWhal 0.380100 0.393200 0.364100 0.000000 0.361900 0.380400 0.342100 0.362400 0.355900 0.339500 0.365500 0.368300 0.382800 0.358800 0.365600 0.361100 0.338100 0.360500 0.372800 0.360400 0.375100 0.368400 0.332800 0.353100 0.361700 0.358400 0.383000 0.351100 0.354500 0.369400 0.332900 0.351100 0.363700 0.387300 0.371900 0.362300 0.371300 0.362900 0.360800 0.340000 0.337900 0.362400 0.335600 0.349000 0.362300 0.359500 0.380100 0.379900 0.363400 0.340000 0.351900 0.350900
DefassaWat 0.088800 0.318500 0.103500 0.361900 0.000000 0.087100 0.070700 0.082400 0.105400 0.121900 0.072500 0.101100 0.081800 0.082300 0.094600 0.080500 0.128000 0.126600 0.079500 0.102100 0.080800 0.074100 0.111000 0.125700 0.069300 0.073900 0.085000 0.102200 0.076800 0.105500 0.120300 0.075500 0.146900 0.088300 0.094800 0.100800 0.072600 0.028500 0.077200 0.127100 0.111000 0.070600 0.118700 0.102100 0.100800 0.075300 0.084000 0.103600 0.091300 0.113700 0.104000 0.100300
Sheep 0.001500 0.334400 0.105100 0.380400 0.087100 0.000000 0.074000 0.082500 0.107000 0.120200 0.025500 0.101000 0.069000 0.085600 0.091400 0.080600 0.127900 0.136900 0.049100 0.107000 0.087200 0.030100 0.116100 0.127400 0.022500 0.072400 0.065900 0.103800 0.083200 0.110500 0.118600 0.078700 0.145200 0.072300 0.075400 0.102600 0.025600 0.090700 0.080500 0.132300 0.109300 0.077000 0.117000 0.110500 0.102600 0.085000 0.093900 0.102000 0.081500 0.113800 0.102300 0.098600
MaxwellsDu 0.075600 0.317100 0.093300 0.342100 0.070700 0.074000 0.000000 0.069300 0.091800 0.104500 0.058000 0.082600 0.067200 0.040800 0.079800 0.070700 0.110200 0.120700 0.069600 0.088600 0.077300 0.061200 0.103600 0.104800 0.056400 0.061000 0.070400 0.088700 0.073400 0.093600 0.099600 0.034500 0.142500 0.073700 0.068800 0.087300 0.062800 0.080600 0.070600 0.106400 0.103600 0.062500 0.101300 0.088400 0.090600 0.056100 0.080400 0.086800 0.077900 0.109800 0.090400 0.086900
GazellaPrz 0.084100 0.333100 0.098700 0.362400 0.082400 0.082500 0.069300 0.000000 0.107200 0.120400 0.071100 0.101300 0.090100 0.077600 0.083400 0.055200 0.135000 0.135400 0.074800 0.100600 0.069600 0.069500 0.116300 0.129300 0.067900 0.053500 0.086900 0.100800 0.061100 0.107400 0.122200 0.074000 0.150600 0.090200 0.086900 0.094500 0.071100 0.084300 0.066200 0.130900 0.119700 0.056500 0.120600 0.109000 0.094500 0.077100 0.069600 0.105500 0.081600 0.112300 0.102500 0.098900
MountainNy 0.108700 0.313600 0.022300 0.355900 0.105400 0.107000 0.091800 0.107200 0.000000 0.118400 0.092100 0.069400 0.108000 0.101800 0.106100 0.100300 0.110600 0.114200 0.096000 0.014800 0.112100 0.093800 0.109100 0.118700 0.088800 0.096800 0.101500 0.011800 0.096300 0.033000 0.116800 0.103300 0.137800 0.101400 0.116600 0.067600 0.095400 0.105700 0.108500 0.127100 0.102500 0.099900 0.115200 0.117100 0.064500 0.106400 0.112400 0.113600 0.102900 0.111800 0.013300 0.014800
MuntiacusM 0.121900 0.310000 0.109700 0.339500 0.121900 0.120200 0.104500 0.120400 0.118400 0.000000 0.115100 0.124300 0.129700 0.110100 0.126100 0.125100 0.111700 0.113800 0.115800 0.111700 0.132300 0.110100 0.037600 0.063800 0.108400 0.118200 0.129800 0.105000 0.121000 0.118600 0.007400 0.104700 0.128500 0.133300 0.126400 0.114000 0.115200 0.122300 0.110000 0.060600 0.043800 0.114600 0.002900 0.051300 0.110700 0.112700 0.130800 0.125300 0.129800 0.107800 0.111900 0.108300
goat 0.027100 0.322800 0.093500 0.365500 0.072500 0.025500 0.058000 0.071100 0.092100 0.115100 0.000000 0.082800 0.051500 0.067800 0.080100 0.069300 0.115900 0.124800 0.035000 0.095400 0.069400 0.016400 0.112400 0.118900 0.005900 0.058100 0.050000 0.092200 0.068800 0.098800 0.113500 0.064300 0.143200 0.056300 0.064300 0.090900 0.011900 0.079200 0.067500 0.127100 0.107600 0.059400 0.112000 0.102100 0.090900 0.073700 0.077500 0.096900 0.073200 0.107000 0.090700 0.087100
AfricanBuf 0.102700 0.319300 0.070900 0.368300 0.101100 0.101000 0.082600 0.101300 0.069400 0.124300 0.082800 0.000000 0.102000 0.089300 0.103500 0.094300 0.121600 0.125200 0.093300 0.072600 0.107900 0.084500 0.120100 0.126300 0.079500 0.094100 0.095500 0.069500 0.095300 0.077600 0.122600 0.089100 0.140300 0.102200 0.110500 0.047300 0.086100 0.104700 0.099200 0.124500 0.113300 0.097200 0.121100 0.119500 0.050500 0.098800 0.109600 0.109300 0.096900 0.104100 0.067900 0.069400
Topi 0.070600 0.334100 0.109400 0.382800 0.081800 0.069000 0.067200 0.090100 0.108000 0.129700 0.051500 0.102000 0.000000 0.083500 0.089300 0.081700 0.134000 0.136200 0.063000 0.108100 0.091700 0.056300 0.132400 0.137000 0.051600 0.078400 0.010200 0.108200 0.078000 0.118200 0.128100 0.076700 0.149600 0.016300 0.059200 0.106900 0.057900 0.095100 0.088100 0.141900 0.129000 0.078100 0.126500 0.116600 0.110200 0.082900 0.098300 0.109600 0.085800 0.128200 0.109900 0.106300
CommonDuik 0.087200 0.318100 0.100000 0.358800 0.082300 0.085600 0.040800 0.077600 0.101800 0.110100 0.067800 0.089300 0.083500 0.000000 0.093000 0.079000 0.124200 0.129800 0.079600 0.095200 0.085700 0.066200 0.109300 0.120600 0.064600 0.072400 0.083500 0.098700 0.081700 0.098500 0.105100 0.020900 0.146500 0.083600 0.083500 0.092400 0.071000 0.085700 0.082100 0.122100 0.112600 0.069100 0.106900 0.103800 0.095800 0.070500 0.089100 0.105200 0.089700 0.116900 0.097100 0.093500
Suni 0.093100 0.344400 0.107500 0.365600 0.094600 0.091400 0.079800 0.083400 0.106100 0.126100 0.080100 0.103500 0.089300 0.093000 0.000000 0.079900 0.132000 0.135800 0.080600 0.102800 0.091400 0.078400 0.118500 0.129800 0.076800 0.086200 0.082900 0.102900 0.085800 0.112900 0.117600 0.091000 0.143900 0.092700 0.102400 0.093400 0.080100 0.091600 0.096000 0.128000 0.115200 0.089300 0.122900 0.109600 0.093400 0.087600 0.102900 0.106200 0.083900 0.124600 0.101400 0.101100
Springbuck 0.082200 0.323800 0.091800 0.361100 0.080500 0.080600 0.070700 0.055200 0.100300 0.125100 0.069300 0.094300 0.081700 0.079000 0.079900 0.000000 0.127700 0.128100 0.071200 0.097000 0.058300 0.067700 0.121000 0.130700 0.066100 0.042400 0.075300 0.093800 0.033000 0.098800 0.126900 0.077100 0.143000 0.081800 0.091500 0.082600 0.069300 0.082400 0.058100 0.127000 0.121000 0.045400 0.122000 0.112000 0.085900 0.081700 0.071000 0.103500 0.078000 0.116900 0.095500 0.092000
Okapi 0.129600 0.328400 0.112000 0.338100 0.128000 0.127900 0.110200 0.135000 0.110600 0.111700 0.115900 0.121600 0.134000 0.124200 0.132000 0.127700 0.000000 0.057800 0.125100 0.110600 0.131300 0.117600 0.110800 0.113700 0.109100 0.119100 0.130700 0.107100 0.123600 0.120900 0.106700 0.120500 0.131700 0.139400 0.137600 0.118000 0.119400 0.138800 0.126000 0.133900 0.104200 0.117200 0.108500 0.112100 0.118000 0.128800 0.143800 0.148700 0.139400 0.115100 0.110800 0.107100
Giraffe 0.138600 0.335000 0.108800 0.360500 0.126600 0.136900 0.120700 0.135400 0.114200 0.113800 0.124800 0.125200 0.136200 0.129800 0.135800 0.128100 0.057800 0.000000 0.127100 0.110800 0.135100 0.123000 0.111100 0.120800 0.117900 0.117700 0.132800 0.104000 0.120500 0.121100 0.115500 0.133000 0.125500 0.134600 0.145100 0.111400 0.124800 0.133900 0.129800 0.130900 0.107900 0.122600 0.110600 0.110700 0.111400 0.125700 0.139000 0.152600 0.139800 0.123800 0.107600 0.105700
TibetanAnt 0.050700 0.329300 0.094100 0.372800 0.079500 0.049100 0.069600 0.074800 0.096000 0.115800 0.035000 0.093300 0.063000 0.079600 0.080600 0.071200 0.125100 0.127100 0.000000 0.092700 0.082900 0.036600 0.115000 0.119600 0.031900 0.066400 0.056700 0.092800 0.072500 0.102800 0.114200 0.077600 0.144100 0.066300 0.072700 0.093100 0.031900 0.079700 0.074500 0.127900 0.108300 0.067900 0.112600 0.106100 0.089800 0.077400 0.086200 0.104200 0.077000 0.116100 0.094500 0.090900
Sitatunga 0.108700 0.312100 0.019300 0.360400 0.102100 0.107000 0.088600 0.100600 0.014800 0.111700 0.095400 0.072600 0.108100 0.095200 0.102800 0.097000 0.110600 0.110800 0.092700 0.000000 0.110600 0.093800 0.102400 0.108600 0.092100 0.096800 0.101500 0.008900 0.089800 0.026900 0.110000 0.098300 0.127500 0.101400 0.109900 0.067700 0.095500 0.099100 0.101800 0.120300 0.099100 0.096600 0.108500 0.110400 0.064500 0.099800 0.105700 0.106900 0.096300 0.116800 0.010400 0.011800
Oribi 0.088900 0.330000 0.105300 0.375100 0.080800 0.087200 0.077300 0.069600 0.112100 0.132300 0.069400 0.107900 0.091700 0.085700 0.091400 0.058300 0.131300 0.135100 0.082900 0.110600 0.000000 0.071000 0.135100 0.138000 0.063000 0.053400 0.091700 0.107400 0.061000 0.112400 0.134100 0.085300 0.150200 0.095100 0.095000 0.106000 0.072600 0.094200 0.069400 0.144600 0.131700 0.058100 0.132500 0.122500 0.106000 0.088400 0.080900 0.117200 0.088100 0.113900 0.109100 0.105500
BarbaryShe 0.031700 0.322900 0.091900 0.368400 0.074100 0.030100 0.061200 0.069500 0.093800 0.110100 0.016400 0.084500 0.056300 0.066200 0.078400 0.067700 0.117600 0.123000 0.036600 0.093800 0.071000 0.000000 0.112600 0.117200 0.013400 0.056500 0.050100 0.090600 0.067200 0.097200 0.108400 0.062700 0.134600 0.056400 0.062700 0.089300 0.016500 0.077600 0.067600 0.125400 0.105900 0.061100 0.106900 0.100400 0.089300 0.068900 0.077500 0.095300 0.068400 0.108600 0.089000 0.085500
Daviddeer 0.117800 0.314900 0.103800 0.332800 0.111000 0.116100 0.103600 0.116300 0.109100 0.037600 0.112400 0.120100 0.132400 0.109300 0.118500 0.121000 0.110800 0.111100 0.115000 0.102400 0.135100 0.112600 0.000000 0.056400 0.107500 0.117400 0.132400 0.099000 0.123500 0.105900 0.036100 0.107200 0.127600 0.132500 0.132500 0.109800 0.114300 0.111300 0.112300 0.059400 0.014900 0.113800 0.034600 0.047000 0.106500 0.108500 0.128400 0.121100 0.127400 0.111900 0.102700 0.099000
Reindeer 0.129200 0.326000 0.113400 0.353100 0.125700 0.127400 0.104800 0.129300 0.118700 0.063800 0.118900 0.126300 0.137000 0.120600 0.129800 0.130700 0.113700 0.120800 0.119600 0.108600 0.138000 0.117200 0.056400 0.000000 0.112100 0.121900 0.137100 0.108500 0.133300 0.118900 0.062300 0.115000 0.146000 0.137200 0.130300 0.119500 0.119000 0.126000 0.117000 0.060700 0.053300 0.114900 0.060800 0.029900 0.117800 0.109600 0.136300 0.137600 0.128500 0.121400 0.112200 0.108600
Ibex 0.024000 0.313800 0.090200 0.361700 0.069300 0.022500 0.056400 0.067900 0.088800 0.108400 0.005900 0.079500 0.051600 0.064600 0.076800 0.066100 0.109100 0.117900 0.031900 0.092100 0.063000 0.013400 0.107500 0.112100 0.000000 0.054900 0.048500 0.088900 0.062500 0.095500 0.106800 0.061100 0.136300 0.054800 0.057900 0.087600 0.008900 0.076000 0.065900 0.120300 0.100900 0.059500 0.105200 0.095400 0.087600 0.067300 0.075900 0.093600 0.070000 0.100300 0.087400 0.083800
GyrantGaze 0.074000 0.317500 0.091700 0.358400 0.073900 0.072400 0.061000 0.053500 0.096800 0.118200 0.058100 0.094100 0.078400 0.072400 0.086200 0.042400 0.119100 0.117700 0.066400 0.096800 0.053400 0.056500 0.117400 0.121900 0.054900 0.000000 0.075200 0.093700 0.042100 0.100200 0.120000 0.072100 0.150000 0.078500 0.081600 0.089000 0.058100 0.080600 0.051700 0.130200 0.117400 0.023900 0.115000 0.105100 0.089000 0.068700 0.067700 0.098300 0.074600 0.110000 0.095400 0.091800
Hartebeest 0.067500 0.343200 0.102900 0.383000 0.085000 0.065900 0.070400 0.086900 0.101500 0.129800 0.050000 0.095500 0.010200 0.083500 0.082900 0.075300 0.130700 0.132800 0.056700 0.101500 0.091700 0.050100 0.132400 0.137100 0.048500 0.075200 0.000000 0.101600 0.071700 0.111600 0.128100 0.080000 0.142800 0.011800 0.059300 0.097000 0.051700 0.091900 0.088200 0.142000 0.122300 0.076600 0.126600 0.116600 0.100400 0.082900 0.095100 0.106400 0.082600 0.124900 0.103400 0.099800
Bongo 0.105500 0.308000 0.016300 0.351100 0.102200 0.103800 0.088700 0.100800 0.011800 0.105000 0.092200 0.069500 0.108200 0.098700 0.102900 0.093800 0.107100 0.104000 0.092800 0.008900 0.107400 0.090600 0.099000 0.108500 0.088900 0.093700 0.101600 0.000000 0.089900 0.027000 0.103300 0.101800 0.127400 0.098200 0.110000 0.064500 0.092300 0.099200 0.102000 0.116900 0.095800 0.096700 0.101800 0.107000 0.061400 0.099900 0.100800 0.103800 0.096400 0.106700 0.007400 0.008900
Gerenuk 0.084900 0.317800 0.088000 0.354500 0.076800 0.083200 0.073400 0.061100 0.096300 0.121000 0.068800 0.095300 0.078000 0.081700 0.085800 0.033000 0.123600 0.120500 0.072500 0.089800 0.061000 0.067200 0.123500 0.133300 0.062500 0.042100 0.071700 0.089900 0.000000 0.099800 0.122700 0.081300 0.138800 0.078100 0.087700 0.088600 0.068800 0.080200 0.057700 0.129600 0.120200 0.045000 0.117800 0.114600 0.091900 0.081100 0.073800 0.099500 0.077500 0.112800 0.091600 0.088100
CommonElan 0.112200 0.327700 0.028400 0.369400 0.105500 0.110500 0.093600 0.107400 0.033000 0.118600 0.098800 0.077600 0.118200 0.098500 0.112900 0.098800 0.120900 0.121100 0.102800 0.026900 0.112400 0.097200 0.105900 0.118900 0.095500 0.100200 0.111600 0.027000 0.099800 0.000000 0.116900 0.099900 0.131000 0.108200 0.116700 0.072700 0.098900 0.105800 0.103700 0.123900 0.102600 0.103300 0.115400 0.115600 0.069500 0.106500 0.110900 0.112100 0.103100 0.116900 0.028500 0.026900
MuntiacusR 0.120300 0.305600 0.111400 0.332900 0.120300 0.118600 0.099600 0.122200 0.116800 0.007400 0.113500 0.122600 0.128100 0.105100 0.117600 0.126900 0.106700 0.115500 0.114200 0.110000 0.134100 0.108400 0.036100 0.062300 0.106800 0.120000 0.128100 0.103300 0.122700 0.116900 0.000000 0.099700 0.123400 0.131600 0.128200 0.115700 0.113500 0.120600 0.111700 0.059100 0.042300 0.116400 0.004400 0.049800 0.112400 0.107700 0.132500 0.123700 0.124700 0.114500 0.110300 0.106600
HarveysDui 0.080400 0.312900 0.104700 0.351100 0.075500 0.078700 0.034500 0.074000 0.103300 0.104700 0.064300 0.089100 0.076700 0.020900 0.091000 0.077100 0.120500 0.133000 0.077600 0.098300 0.085300 0.062700 0.107200 0.115000 0.061100 0.072100 0.080000 0.101800 0.081300 0.099900 0.099700 0.000000 0.146100 0.083300 0.076700 0.097200 0.067500 0.085400 0.078600 0.113200 0.110500 0.068800 0.101500 0.095100 0.100500 0.060800 0.082100 0.101500 0.086000 0.116600 0.100200 0.098300
Pronghorn 0.147000 0.345300 0.125400 0.363700 0.146900 0.145200 0.142500 0.150600 0.137800 0.128500 0.143200 0.140300 0.149600 0.146500 0.143900 0.143000 0.131700 0.125500 0.144100 0.127500 0.150200 0.134600 0.127600 0.146000 0.136300 0.150000 0.142800 0.127400 0.138800 0.131000 0.123400 0.146100 0.000000 0.149700 0.153200 0.129700 0.143400 0.147300 0.155500 0.149300 0.126000 0.153100 0.125200 0.133900 0.133300 0.147500 0.163000 0.160900 0.140800 0.130100 0.127800 0.127400
BlueWildeb 0.073900 0.341100 0.099500 0.387300 0.088300 0.072300 0.073700 0.090200 0.101400 0.133300 0.056300 0.102200 0.016300 0.083600 0.092700 0.081800 0.139400 0.134600 0.066300 0.101400 0.095100 0.056400 0.132500 0.137200 0.054800 0.078500 0.011800 0.098200 0.078100 0.108200 0.131600 0.083300 0.149700 0.000000 0.062400 0.103700 0.058000 0.095200 0.091500 0.142100 0.127500 0.079800 0.130100 0.120100 0.107000 0.086200 0.098400 0.109800 0.089200 0.128400 0.100000 0.096400
Gemsbok 0.077100 0.323600 0.107900 0.371900 0.094800 0.075400 0.068800 0.086900 0.116600 0.126400 0.064300 0.110500 0.059200 0.083500 0.102400 0.091500 0.137600 0.145100 0.072700 0.109900 0.095000 0.062700 0.132500 0.130300 0.057900 0.081600 0.059300 0.110000 0.087700 0.116700 0.128200 0.076700 0.153200 0.062400 0.000000 0.112000 0.064300 0.101700 0.085000 0.142100 0.129200 0.081500 0.126600 0.116700 0.112000 0.082900 0.098400 0.106300 0.089100 0.131700 0.111800 0.108100
Yak 0.104300 0.313900 0.064400 0.362300 0.100800 0.102600 0.087300 0.094500 0.067600 0.114000 0.090900 0.047300 0.106900 0.092400 0.093400 0.082600 0.118000 0.111400 0.093100 0.067700 0.106000 0.089300 0.109800 0.119500 0.087600 0.089000 0.097000 0.064500 0.088600 0.072700 0.115700 0.097200 0.129700 0.103700 0.112000 0.000000 0.090900 0.104500 0.094000 0.122700 0.106500 0.088800 0.110800 0.111000 0.008900 0.101900 0.111100 0.110800 0.098400 0.100600 0.066200 0.067700
BlueSheep 0.027100 0.318700 0.093600 0.371300 0.072600 0.025600 0.062800 0.071100 0.095400 0.115200 0.011900 0.086100 0.057900 0.071000 0.080100 0.069300 0.119400 0.124800 0.031900 0.095500 0.072600 0.016500 0.114300 0.119000 0.008900 0.058100 0.051700 0.092300 0.068800 0.098900 0.113500 0.067500 0.143400 0.058000 0.064300 0.090900 0.000000 0.076100 0.069300 0.127200 0.107600 0.062700 0.112000 0.102100 0.090900 0.073700 0.079200 0.097000 0.073300 0.110400 0.090700 0.087200
BohorReedb 0.092400 0.326300 0.100400 0.362900 0.028500 0.090700 0.080600 0.084300 0.105700 0.122300 0.079200 0.104700 0.095100 0.085700 0.091600 0.082400 0.138800 0.133900 0.079700 0.099100 0.094200 0.077600 0.111300 0.126000 0.076000 0.080600 0.091900 0.099200 0.080200 0.105800 0.120600 0.085400 0.147300 0.095200 0.101700 0.104500 0.076100 0.000000 0.087200 0.130900 0.111300 0.077300 0.119100 0.105700 0.104500 0.088500 0.094200 0.107300 0.088300 0.114000 0.097600 0.097300
KirksDik 0.082200 0.307200 0.099900 0.360800 0.077200 0.080500 0.070600 0.066200 0.108500 0.110000 0.067500 0.099200 0.088100 0.082100 0.096000 0.058100 0.126000 0.129800 0.074500 0.101800 0.069400 0.067600 0.112300 0.117000 0.065900 0.051700 0.088200 0.102000 0.057700 0.103700 0.111700 0.078600 0.155500 0.091500 0.085000 0.094000 0.069300 0.087200 0.000000 0.120000 0.115900 0.045300 0.106800 0.102000 0.090700 0.081600 0.069200 0.101700 0.084400 0.121900 0.103700 0.100100
RoeDeer 0.134000 0.330200 0.123400 0.340000 0.127100 0.132300 0.106400 0.130900 0.127100 0.060600 0.127100 0.124500 0.141900 0.122100 0.128000 0.127000 0.133900 0.130900 0.127900 0.120300 0.144600 0.125400 0.059400 0.060700 0.120300 0.130200 0.142000 0.116900 0.129600 0.123900 0.059100 0.113200 0.149300 0.142100 0.142100 0.122700 0.127200 0.130900 0.120000 0.000000 0.065800 0.123200 0.057600 0.046700 0.122700 0.116300 0.132600 0.130600 0.131600 0.124600 0.120600 0.118500
WhiteLippe 0.111000 0.316600 0.100600 0.337900 0.111000 0.109300 0.103600 0.119700 0.102500 0.043800 0.107600 0.113300 0.129000 0.112600 0.115200 0.121000 0.104200 0.107900 0.108300 0.099100 0.131700 0.105900 0.014900 0.053300 0.100900 0.117400 0.122300 0.095800 0.120200 0.102600 0.042300 0.110500 0.126000 0.127500 0.129200 0.106500 0.107600 0.111300 0.115900 0.065800 0.000000 0.117200 0.040800 0.047000 0.103100 0.108600 0.130100 0.121200 0.124000 0.108600 0.099400 0.095700
ThomsonGaz 0.078700 0.314900 0.094700 0.362400 0.070600 0.077000 0.062500 0.056500 0.099900 0.114600 0.059400 0.097200 0.078100 0.069100 0.089300 0.045400 0.117200 0.122600 0.067900 0.096600 0.058100 0.061100 0.113800 0.114900 0.059500 0.023900 0.076600 0.096700 0.045000 0.103300 0.116400 0.068800 0.153100 0.079800 0.081500 0.088800 0.062700 0.077300 0.045300 0.123200 0.117200 0.000000 0.111500 0.101600 0.088800 0.071800 0.067600 0.099800 0.081000 0.109800 0.098500 0.094900
MuntiacusC 0.118700 0.308300 0.106600 0.335600 0.118700 0.117000 0.101300 0.120600 0.115200 0.002900 0.112000 0.121100 0.126500 0.106900 0.122900 0.122000 0.108500 0.110600 0.112600 0.108500 0.132500 0.106900 0.034600 0.060800 0.105200 0.115000 0.126600 0.101800 0.117800 0.115400 0.004400 0.101500 0.125200 0.130100 0.126600 0.110800 0.112000 0.119100 0.106800 0.057600 0.040800 0.111500 0.000000 0.048300 0.107500 0.109500 0.131000 0.122100 0.126600 0.109600 0.108700 0.105100
WhiteTaile 0.112200 0.315200 0.113500 0.349000 0.102100 0.110500 0.088400 0.109000 0.117100 0.051300 0.102100 0.119500 0.116600 0.103800 0.109600 0.112000 0.112100 0.110700 0.106100 0.110400 0.122500 0.100400 0.047000 0.029900 0.095400 0.105100 0.116600 0.107000 0.114600 0.115600 0.049800 0.095100 0.133900 0.120100 0.116700 0.111000 0.102100 0.105700 0.102000 0.046700 0.047000 0.101600 0.048300 0.000000 0.107700 0.093200 0.110700 0.122200 0.116500 0.114700 0.110600 0.108600
Cattle 0.104300 0.316300 0.061300 0.362300 0.100800 0.102600 0.090600 0.094500 0.064500 0.110700 0.090900 0.050500 0.110200 0.095800 0.093400 0.085900 0.118000 0.111400 0.089800 0.064500 0.106000 0.089300 0.106500 0.117800 0.087600 0.089000 0.100400 0.061400 0.091900 0.069500 0.112400 0.100500 0.133300 0.107000 0.112000 0.008900 0.090900 0.104500 0.090700 0.122700 0.103100 0.088800 0.107500 0.107700 0.000000 0.105200 0.111200 0.110900 0.098500 0.100600 0.063000 0.064500
RoyalAntel 0.086600 0.318500 0.101200 0.359500 0.075300 0.085000 0.056100 0.077100 0.106400 0.112700 0.073700 0.098800 0.082900 0.070500 0.087600 0.081700 0.128800 0.125700 0.077400 0.099800 0.088400 0.068900 0.108500 0.109600 0.067300 0.068700 0.082900 0.099900 0.081100 0.106500 0.107700 0.060800 0.147500 0.086200 0.082900 0.101900 0.073700 0.088500 0.081600 0.116300 0.108600 0.071800 0.109500 0.093200 0.105200 0.000000 0.090100 0.096300 0.085800 0.123000 0.101700 0.098100
Steenbok 0.095600 0.352700 0.105400 0.380100 0.084000 0.093900 0.080400 0.069600 0.112400 0.130800 0.077500 0.109600 0.098300 0.089100 0.102900 0.071000 0.143800 0.139000 0.086200 0.105700 0.080900 0.077500 0.128400 0.136300 0.075900 0.067700 0.095100 0.100800 0.073800 0.110900 0.132500 0.082100 0.163000 0.098400 0.098400 0.111100 0.079200 0.094200 0.069200 0.132600 0.130100 0.067600 0.131000 0.110700 0.111200 0.090100 0.000000 0.113900 0.094800 0.115600 0.107600 0.105600
Impala 0.103700 0.334300 0.111700 0.379900 0.103600 0.102000 0.086800 0.105500 0.113600 0.125300 0.096900 0.109300 0.109600 0.105200 0.106200 0.103500 0.148700 0.152600 0.104200 0.106900 0.117200 0.095300 0.121100 0.137600 0.093600 0.098300 0.106400 0.103800 0.099500 0.112100 0.123700 0.101500 0.160900 0.109800 0.106300 0.110800 0.097000 0.107300 0.101700 0.130600 0.121200 0.099800 0.122100 0.122200 0.110900 0.096300 0.113900 0.000000 0.101100 0.135800 0.107100 0.105200
Klipspring 0.083100 0.317400 0.094300 0.363400 0.091300 0.081500 0.077900 0.081600 0.102900 0.129800 0.073200 0.096900 0.085800 0.089700 0.083900 0.078000 0.139400 0.139800 0.077000 0.096300 0.088100 0.068400 0.127400 0.128500 0.070000 0.074600 0.082600 0.096400 0.077500 0.103100 0.124700 0.086000 0.140800 0.089200 0.089100 0.098400 0.073300 0.088300 0.084400 0.131600 0.124000 0.081000 0.126600 0.116500 0.098500 0.085800 0.094800 0.101100 0.000000 0.114800 0.096400 0.094500
ForestMusk 0.115500 0.322100 0.104800 0.340000 0.113700 0.113800 0.109800 0.112300 0.111800 0.107800 0.107000 0.104100 0.128200 0.116900 0.124600 0.116900 0.115100 0.123800 0.116100 0.116800 0.113900 0.108600 0.111900 0.121400 0.100300 0.110000 0.124900 0.106700 0.112800 0.116900 0.114500 0.116600 0.130100 0.128400 0.131700 0.100600 0.110400 0.114000 0.121900 0.124600 0.108600 0.109800 0.109600 0.114700 0.100600 0.123000 0.115600 0.135800 0.114800 0.000000 0.113700 0.110000
Bushbuck 0.103900 0.305800 0.017800 0.351900 0.104000 0.102300 0.090400 0.102500 0.013300 0.111900 0.090700 0.067900 0.109900 0.097100 0.101400 0.095500 0.110800 0.107600 0.094500 0.010400 0.109100 0.089000 0.102700 0.112200 0.087400 0.095400 0.103400 0.007400 0.091600 0.028500 0.110300 0.100200 0.127800 0.100000 0.111800 0.066200 0.090700 0.097600 0.103700 0.120600 0.099400 0.098500 0.108700 0.110600 0.063000 0.101700 0.107600 0.107100 0.096400 0.113700 0.000000 0.007400
GreaterKud 0.100300 0.305300 0.016300 0.350900 0.100300 0.098600 0.086900 0.098900 0.014800 0.108300 0.087100 0.069400 0.106300 0.093500 0.101100 0.092000 0.107100 0.105700 0.090900 0.011800 0.105500 0.085500 0.099000 0.108600 0.083800 0.091800 0.099800 0.008900 0.088100 0.026900 0.106600 0.098300 0.127400 0.096400 0.108100 0.067700 0.087200 0.097300 0.100100 0.118500 0.095700 0.094900 0.105100 0.108600 0.064500 0.098100 0.105600 0.105200 0.094500 0.110000 0.007400 0.000000
