CODONML (in paml version 4.10.7, June 2023)  /home/rachel/ruminants_paml/6406-phy-tree/ENSBTAT00000034719.fasta.phy
Model: free dN/dS Ratios for branches,  kappa = 2.000 fixed

Codon frequency model: F3x4
ns =  54  ls = 120

Codon usage in sequences
--------------------------------------------------------------------------------------------------------------------------------------
Phe TTT   3   3   3   3   6   3 | Ser TCT   1   2   0   2   2   2 | Tyr TAT   2   1   1   2   1   2 | Cys TGT   3   3   3   3   3   4
    TTC   4   4   4   4   1   4 |     TCC   0   1   0   0   0   0 |     TAC   3   4   5   3   4   3 |     TGC   0   0   0   0   0   0
Leu TTA   3   3   3   2   2   2 |     TCA   6   5   6   5   4   3 | *** TAA   0   0   0   0   0   0 | *** TGA   0   0   0   0   0   0
    TTG   2   2   1   3   4   4 |     TCG   0   0   0   0   1   2 |     TAG   0   0   0   0   0   0 | Trp TGG   0   0   0   0   0   0
--------------------------------------------------------------------------------------------------------------------------------------
Leu CTT   3   3   3   3   3   3 | Pro CCT   2   2   2   2   2   1 | His CAT   3   3   3   3   2   1 | Arg CGT   0   1   0   0   0   1
    CTC   2   1   2   2   0   0 |     CCC   1   1   1   1   1   2 |     CAC   0   0   0   0   0   0 |     CGC   0   0   0   0   0   0
    CTA   2   3   2   3   2   4 |     CCA   1   1   1   1   1   1 | Gln CAA   5   5   6   5   4   5 |     CGA   2   1   2   2   1   3
    CTG   3   3   4   2   4   2 |     CCG   0   0   0   0   0   0 |     CAG   2   2   1   2   2   1 |     CGG   1   1   1   1   2   1
--------------------------------------------------------------------------------------------------------------------------------------
Ile ATT   4   3   4   4   2   2 | Thr ACT   2   2   3   2   2   2 | Asn AAT   3   3   4   3   5   4 | Ser AGT   7   7   7   7   4   5
    ATC   1   2   1   1   3   3 |     ACC   0   0   0   0   0   2 |     AAC   3   5   2   3   5   3 |     AGC   0   0   0   0   1   1
    ATA   2   3   2   2   2   3 |     ACA   1   1   1   1   1   0 | Lys AAA   3   3   3   3   5   4 | Arg AGA   1   2   1   2   3   2
Met ATG   5   4   5   5   5   4 |     ACG   0   1   0   0   1   0 |     AAG   4   3   4   4   1   2 |     AGG   2   1   2   1   1   1
--------------------------------------------------------------------------------------------------------------------------------------
Val GTT   2   2   2   2   1   2 | Ala GCT   1   0   0   1   1   1 | Asp GAT   4   4   4   4   0   3 | Gly GGT   0   0   0   0   1   0
    GTC   1   2   1   1   2   1 |     GCC   3   2   3   3   3   3 |     GAC   2   2   2   2   5   3 |     GGC   0   0   0   0   0   0
    GTA   2   0   2   2   0   2 |     GCA   1   1   1   1   1   1 | Glu GAA   7   7   6   6   6   6 |     GGA   1   1   1   1   1   1
    GTG   2   2   2   2   3   1 |     GCG   0   0   0   0   0   1 |     GAG   2   2   3   3   3   3 |     GGG   0   0   0   0   0   0
--------------------------------------------------------------------------------------------------------------------------------------

--------------------------------------------------------------------------------------------------------------------------------------
Phe TTT   3   3   3   3   3   4 | Ser TCT   1   1   1   0   1   1 | Tyr TAT   2   2   2   2   0   2 | Cys TGT   3   3   3   3   3   3
    TTC   4   4   4   4   4   4 |     TCC   1   0   0   0   0   0 |     TAC   3   3   3   3   5   3 |     TGC   0   0   0   0   0   0
Leu TTA   3   3   3   3   3   3 |     TCA   5   6   6   6   6   6 | *** TAA   0   0   0   0   0   0 | *** TGA   0   0   0   0   0   0
    TTG   2   2   2   2   1   2 |     TCG   0   0   0   0   0   0 |     TAG   0   0   0   0   0   0 | Trp TGG   0   0   0   0   0   0
--------------------------------------------------------------------------------------------------------------------------------------
Leu CTT   3   3   3   3   3   2 | Pro CCT   1   2   1   1   2   1 | His CAT   3   3   3   3   3   3 | Arg CGT   0   0   0   0   0   0
    CTC   2   2   2   2   2   2 |     CCC   2   1   2   1   1   2 |     CAC   0   0   0   0   0   0 |     CGC   0   0   0   0   0   0
    CTA   2   2   2   2   2   2 |     CCA   1   1   1   2   1   1 | Gln CAA   6   5   6   6   6   6 |     CGA   2   2   2   2   2   2
    CTG   3   3   3   3   4   3 |     CCG   0   0   0   0   0   0 |     CAG   1   2   1   1   1   1 |     CGG   1   1   1   1   1   1
--------------------------------------------------------------------------------------------------------------------------------------
Ile ATT   4   4   4   4   4   3 | Thr ACT   3   2   2   4   3   3 | Asn AAT   4   3   3   3   3   3 | Ser AGT   6   6   7   7   7   6
    ATC   1   1   1   1   1   2 |     ACC   0   0   0   0   0   0 |     AAC   3   3   3   3   3   3 |     AGC   0   1   0   0   0   1
    ATA   2   2   2   2   2   2 |     ACA   1   1   1   1   1   1 | Lys AAA   3   3   3   3   3   3 | Arg AGA   2   1   1   1   1   2
Met ATG   5   5   5   5   5   5 |     ACG   0   0   0   0   0   0 |     AAG   4   4   4   4   4   4 |     AGG   1   2   2   2   2   1
--------------------------------------------------------------------------------------------------------------------------------------
Val GTT   2   2   2   2   2   2 | Ala GCT   0   1   2   0   0   0 | Asp GAT   4   4   4   4   4   4 | Gly GGT   0   0   0   0   0   0
    GTC   1   1   1   1   1   1 |     GCC   3   3   2   3   3   3 |     GAC   2   2   2   2   2   2 |     GGC   0   0   0   0   0   0
    GTA   2   2   2   2   2   2 |     GCA   1   1   1   1   1   1 | Glu GAA   7   7   7   7   6   6 |     GGA   1   1   1   1   1   1
    GTG   2   2   2   2   2   2 |     GCG   0   0   0   0   0   0 |     GAG   2   2   2   2   3   3 |     GGG   0   0   0   0   0   0
--------------------------------------------------------------------------------------------------------------------------------------

--------------------------------------------------------------------------------------------------------------------------------------
Phe TTT   3   3   3   3   3   3 | Ser TCT   1   1   2   1   1   1 | Tyr TAT   2   1   2   2   2   2 | Cys TGT   3   3   3   3   3   3
    TTC   4   4   4   4   4   4 |     TCC   0   0   0   0   1   0 |     TAC   3   4   3   3   3   3 |     TGC   0   0   0   0   0   0
Leu TTA   3   3   3   3   3   3 |     TCA   6   5   5   6   5   6 | *** TAA   0   0   0   0   0   0 | *** TGA   0   0   0   0   0   0
    TTG   2   1   2   2   2   1 |     TCG   0   1   0   0   0   0 |     TAG   0   0   0   0   0   0 | Trp TGG   0   0   0   0   0   0
--------------------------------------------------------------------------------------------------------------------------------------
Leu CTT   3   3   3   3   3   3 | Pro CCT   2   2   1   1   2   1 | His CAT   3   3   3   3   3   3 | Arg CGT   0   0   0   0   0   0
    CTC   2   1   2   2   2   2 |     CCC   1   1   2   2   1   2 |     CAC   0   0   0   0   0   0 |     CGC   0   0   0   0   0   0
    CTA   2   2   2   2   2   2 |     CCA   1   1   0   1   1   1 | Gln CAA   5   6   6   6   7   6 |     CGA   2   2   2   2   1   2
    CTG   3   5   3   3   3   4 |     CCG   0   0   1   0   0   0 |     CAG   2   1   1   1   1   1 |     CGG   1   1   1   1   1   1
--------------------------------------------------------------------------------------------------------------------------------------
Ile ATT   4   4   4   4   4   4 | Thr ACT   2   3   3   3   3   2 | Asn AAT   3   4   3   3   2   3 | Ser AGT   7   7   7   7   7   7
    ATC   1   1   1   1   1   1 |     ACC   0   0   0   0   0   0 |     AAC   3   2   3   3   4   4 |     AGC   0   0   0   0   0   0
    ATA   2   2   2   2   2   2 |     ACA   1   1   1   2   0   1 | Lys AAA   3   3   3   3   3   3 | Arg AGA   1   1   1   1   1   1
Met ATG   5   5   5   4   4   5 |     ACG   0   0   0   0   1   0 |     AAG   4   4   4   4   4   4 |     AGG   2   2   2   2   2   2
--------------------------------------------------------------------------------------------------------------------------------------
Val GTT   2   2   2   2   2   2 | Ala GCT   1   0   0   1   0   1 | Asp GAT   4   4   4   4   4   3 | Gly GGT   0   0   0   0   0   0
    GTC   1   1   1   1   1   1 |     GCC   3   3   3   2   3   3 |     GAC   2   2   2   2   2   2 |     GGC   0   0   0   0   0   0
    GTA   2   2   2   2   2   2 |     GCA   1   1   1   1   1   1 | Glu GAA   7   6   7   7   6   7 |     GGA   1   1   1   1   1   1
    GTG   2   2   2   2   3   2 |     GCG   0   0   0   0   0   0 |     GAG   2   3   2   2   3   2 |     GGG   0   0   0   0   0   0
--------------------------------------------------------------------------------------------------------------------------------------

--------------------------------------------------------------------------------------------------------------------------------------
Phe TTT   3   3   3   3   4   3 | Ser TCT   1   1   1   1   1   1 | Tyr TAT   2   1   2   0   2   2 | Cys TGT   3   3   3   3   3   3
    TTC   4   4   4   4   3   4 |     TCC   1   1   0   0   0   0 |     TAC   3   4   3   5   3   3 |     TGC   0   0   0   0   0   0
Leu TTA   3   3   3   3   3   3 |     TCA   5   5   6   6   6   6 | *** TAA   0   0   0   0   0   0 | *** TGA   0   0   0   0   0   0
    TTG   2   2   2   1   1   2 |     TCG   0   0   0   0   0   0 |     TAG   0   0   0   0   0   0 | Trp TGG   0   0   0   0   0   0
--------------------------------------------------------------------------------------------------------------------------------------
Leu CTT   3   3   3   3   3   3 | Pro CCT   2   2   2   2   2   3 | His CAT   3   3   3   3   3   3 | Arg CGT   0   0   0   0   0   0
    CTC   2   2   2   2   2   2 |     CCC   1   1   1   1   1   0 |     CAC   0   0   0   0   0   0 |     CGC   0   0   0   0   0   0
    CTA   2   2   2   2   2   2 |     CCA   1   1   1   1   1   1 | Gln CAA   6   7   6   6   6   6 |     CGA   2   1   2   2   2   2
    CTG   3   3   3   4   4   3 |     CCG   0   0   0   0   0   0 |     CAG   1   1   1   1   1   1 |     CGG   1   1   1   1   1   1
--------------------------------------------------------------------------------------------------------------------------------------
Ile ATT   4   4   4   3   4   3 | Thr ACT   2   2   2   3   3   2 | Asn AAT   3   3   3   3   3   3 | Ser AGT   5   6   7   7   7   7
    ATC   1   1   1   2   1   2 |     ACC   0   0   0   0   0   0 |     AAC   3   3   3   3   3   3 |     AGC   1   1   0   0   0   0
    ATA   3   3   2   2   2   2 |     ACA   1   1   1   1   1   1 | Lys AAA   3   3   3   3   3   3 | Arg AGA   2   2   1   1   1   1
Met ATG   5   5   5   5   5   5 |     ACG   0   0   0   0   0   0 |     AAG   4   4   4   4   4   4 |     AGG   1   1   2   2   2   2
--------------------------------------------------------------------------------------------------------------------------------------
Val GTT   2   2   2   2   2   2 | Ala GCT   1   1   1   0   0   1 | Asp GAT   4   4   3   4   4   4 | Gly GGT   1   0   0   0   0   0
    GTC   1   1   1   1   1   1 |     GCC   4   3   3   3   3   3 |     GAC   2   2   3   2   2   2 |     GGC   0   0   0   0   0   0
    GTA   2   1   1   2   2   2 |     GCA   0   1   2   1   1   1 | Glu GAA   6   6   7   6   7   7 |     GGA   1   1   1   1   1   1
    GTG   1   2   2   2   2   2 |     GCG   0   0   0   0   0   0 |     GAG   3   3   2   3   2   2 |     GGG   0   0   0   0   0   0
--------------------------------------------------------------------------------------------------------------------------------------

--------------------------------------------------------------------------------------------------------------------------------------
Phe TTT   4   4   3   3   3   3 | Ser TCT   1   1   1   1   2   1 | Tyr TAT   2   2   2   2   2   0 | Cys TGT   3   3   3   3   3   3
    TTC   4   4   4   4   4   4 |     TCC   0   0   0   0   0   0 |     TAC   3   3   3   3   3   5 |     TGC   0   0   0   0   0   0
Leu TTA   4   2   3   3   3   3 |     TCA   6   6   6   5   5   6 | *** TAA   0   0   0   0   0   0 | *** TGA   0   0   0   0   0   0
    TTG   2   2   2   1   2   1 |     TCG   0   0   0   1   0   0 |     TAG   0   0   0   0   0   0 | Trp TGG   0   0   0   0   0   0
--------------------------------------------------------------------------------------------------------------------------------------
Leu CTT   2   2   3   3   3   3 | Pro CCT   1   1   2   1   2   2 | His CAT   3   3   3   3   3   3 | Arg CGT   0   0   0   0   0   0
    CTC   2   2   2   2   2   2 |     CCC   2   2   1   2   1   1 |     CAC   0   0   0   0   0   0 |     CGC   0   0   0   0   0   0
    CTA   1   3   2   2   2   2 |     CCA   1   1   1   1   0   1 | Gln CAA   6   6   5   6   6   6 |     CGA   2   2   2   2   2   2
    CTG   3   3   3   4   3   4 |     CCG   0   0   0   0   1   0 |     CAG   1   1   2   1   1   1 |     CGG   1   1   1   1   1   1
--------------------------------------------------------------------------------------------------------------------------------------
Ile ATT   3   3   4   4   4   4 | Thr ACT   3   3   2   2   3   3 | Asn AAT   4   3   3   3   3   3 | Ser AGT   5   6   7   7   7   7
    ATC   2   2   1   1   1   1 |     ACC   0   0   0   0   0   0 |     AAC   3   3   3   3   3   3 |     AGC   1   1   0   0   0   0
    ATA   2   4   2   2   2   2 |     ACA   1   1   1   1   1   1 | Lys AAA   3   3   3   3   3   3 | Arg AGA   2   2   1   1   1   1
Met ATG   5   4   5   5   5   5 |     ACG   0   0   0   0   0   0 |     AAG   4   4   4   4   4   4 |     AGG   1   1   2   2   2   2
--------------------------------------------------------------------------------------------------------------------------------------
Val GTT   2   2   2   2   2   2 | Ala GCT   0   0   1   1   0   0 | Asp GAT   4   4   4   4   4   4 | Gly GGT   0   0   0   0   0   0
    GTC   1   1   1   1   1   1 |     GCC   3   3   3   2   3   3 |     GAC   2   2   2   2   2   2 |     GGC   0   0   0   0   0   0
    GTA   2   1   2   2   2   2 |     GCA   1   1   1   1   1   1 | Glu GAA   6   7   7   7   7   6 |     GGA   1   1   1   1   1   1
    GTG   2   2   2   2   2   2 |     GCG   0   0   0   1   0   0 |     GAG   3   2   2   2   2   3 |     GGG   0   0   0   0   0   0
--------------------------------------------------------------------------------------------------------------------------------------

--------------------------------------------------------------------------------------------------------------------------------------
Phe TTT   3   3   4   3   4   3 | Ser TCT   0   1   1   1   1   2 | Tyr TAT   2   0   2   2   2   2 | Cys TGT   3   3   3   3   3   3
    TTC   4   4   4   4   3   4 |     TCC   0   0   0   0   0   1 |     TAC   3   5   3   3   3   3 |     TGC   0   0   0   0   0   0
Leu TTA   3   3   3   3   3   3 |     TCA   6   6   6   6   6   4 | *** TAA   0   0   0   0   0   0 | *** TGA   0   0   0   0   0   0
    TTG   1   1   2   2   2   1 |     TCG   1   0   0   0   0   0 |     TAG   0   0   0   0   0   0 | Trp TGG   0   0   0   0   0   0
--------------------------------------------------------------------------------------------------------------------------------------
Leu CTT   3   3   2   3   3   3 | Pro CCT   1   2   1   1   1   1 | His CAT   3   3   3   3   3   3 | Arg CGT   0   0   0   0   0   0
    CTC   2   2   2   2   2   2 |     CCC   2   1   2   2   2   2 |     CAC   0   0   0   0   0   0 |     CGC   0   0   0   0   0   0
    CTA   2   2   2   2   2   2 |     CCA   1   1   1   1   1   0 | Gln CAA   5   6   6   6   6   6 |     CGA   2   2   2   2   2   2
    CTG   4   4   3   3   3   4 |     CCG   0   0   0   0   0   1 |     CAG   2   1   1   1   1   1 |     CGG   1   1   1   1   1   1
--------------------------------------------------------------------------------------------------------------------------------------
Ile ATT   4   4   3   4   4   4 | Thr ACT   2   3   3   3   2   3 | Asn AAT   2   3   3   3   3   3 | Ser AGT   7   7   6   7   6   7
    ATC   1   1   2   1   1   1 |     ACC   0   0   0   1   0   0 |     AAC   4   3   3   2   3   3 |     AGC   0   0   1   0   1   0
    ATA   2   2   2   2   3   2 |     ACA   1   1   1   1   1   1 | Lys AAA   2   3   3   3   5   3 | Arg AGA   1   1   2   1   3   1
Met ATG   5   5   5   4   5   5 |     ACG   0   0   0   1   0   0 |     AAG   4   4   4   4   2   4 |     AGG   2   2   1   2   0   2
--------------------------------------------------------------------------------------------------------------------------------------
Val GTT   2   2   2   2   2   2 | Ala GCT   1   0   0   1   1   0 | Asp GAT   4   4   4   4   4   4 | Gly GGT   0   0   0   0   0   0
    GTC   1   1   1   1   0   1 |     GCC   3   3   3   2   3   3 |     GAC   2   2   2   2   2   2 |     GGC   0   0   0   0   0   0
    GTA   2   2   2   2   2   2 |     GCA   1   1   1   1   1   1 | Glu GAA   8   6   6   7   6   7 |     GGA   1   1   1   1   1   1
    GTG   2   2   2   2   2   2 |     GCG   0   0   0   0   0   0 |     GAG   2   3   3   2   3   2 |     GGG   0   0   0   0   0   0
--------------------------------------------------------------------------------------------------------------------------------------

--------------------------------------------------------------------------------------------------------------------------------------
Phe TTT   3   3   3   3   3   3 | Ser TCT   1   1   1   1   2   1 | Tyr TAT   2   1   1   2   2   2 | Cys TGT   3   3   3   3   3   3
    TTC   4   4   4   4   4   4 |     TCC   0   0   0   1   0   0 |     TAC   3   4   4   3   3   3 |     TGC   0   0   0   0   0   0
Leu TTA   3   3   3   2   3   3 |     TCA   6   6   6   5   4   6 | *** TAA   0   0   0   0   0   0 | *** TGA   0   0   0   0   0   0
    TTG   2   1   2   3   2   1 |     TCG   0   0   0   0   1   0 |     TAG   0   0   0   0   0   0 | Trp TGG   0   0   0   0   0   0
--------------------------------------------------------------------------------------------------------------------------------------
Leu CTT   3   3   3   3   3   3 | Pro CCT   1   1   2   1   2   1 | His CAT   3   3   3   3   3   3 | Arg CGT   0   0   0   0   0   0
    CTC   2   2   2   2   2   2 |     CCC   2   2   1   2   1   2 |     CAC   0   0   0   0   0   0 |     CGC   0   0   0   0   0   0
    CTA   2   2   2   2   2   2 |     CCA   1   1   1   1   1   1 | Gln CAA   6   6   5   6   6   6 |     CGA   2   2   2   2   2   2
    CTG   3   4   3   3   3   4 |     CCG   0   0   0   0   0   0 |     CAG   1   1   2   1   1   1 |     CGG   1   1   1   1   1   1
--------------------------------------------------------------------------------------------------------------------------------------
Ile ATT   4   4   4   4   4   3 | Thr ACT   3   3   2   3   3   3 | Asn AAT   3   4   3   3   3   3 | Ser AGT   7   6   7   7   7   6
    ATC   1   1   1   1   1   2 |     ACC   0   0   0   0   0   0 |     AAC   3   2   3   3   3   3 |     AGC   0   1   0   0   0   1
    ATA   2   2   2   2   2   3 |     ACA   1   1   1   1   1   1 | Lys AAA   3   3   3   3   3   4 | Arg AGA   1   1   1   2   1   1
Met ATG   5   5   5   5   5   5 |     ACG   0   0   0   0   0   0 |     AAG   4   4   4   4   4   4 |     AGG   2   2   2   1   2   1
--------------------------------------------------------------------------------------------------------------------------------------
Val GTT   2   2   2   2   2   2 | Ala GCT   0   0   1   0   0   0 | Asp GAT   4   4   4   4   3   5 | Gly GGT   0   0   0   0   0   0
    GTC   1   1   1   1   1   1 |     GCC   3   3   3   3   3   3 |     GAC   2   2   2   2   3   1 |     GGC   0   0   0   0   0   0
    GTA   2   2   2   2   2   1 |     GCA   1   1   1   1   1   1 | Glu GAA   7   6   7   7   7   6 |     GGA   1   1   1   1   1   1
    GTG   2   2   2   2   2   2 |     GCG   0   0   0   0   0   0 |     GAG   2   3   2   2   2   3 |     GGG   0   0   0   0   0   0
--------------------------------------------------------------------------------------------------------------------------------------

--------------------------------------------------------------------------------------------------------------------------------------
Phe TTT   4   3   4   4   3   3 | Ser TCT   1   1   1   1   1   1 | Tyr TAT   2   2   2   2   1   2 | Cys TGT   3   3   3   3   3   3
    TTC   4   4   4   4   4   4 |     TCC   0   0   0   0   0   0 |     TAC   3   3   3   3   4   3 |     TGC   0   0   0   0   0   0
Leu TTA   4   3   4   3   3   3 |     TCA   6   5   6   6   6   6 | *** TAA   0   0   0   0   0   0 | *** TGA   0   0   0   0   0   0
    TTG   2   1   2   2   2   2 |     TCG   0   1   0   0   0   0 |     TAG   0   0   0   0   0   0 | Trp TGG   0   0   0   0   0   0
--------------------------------------------------------------------------------------------------------------------------------------
Leu CTT   2   3   2   2   3   3 | Pro CCT   1   1   1   1   1   2 | His CAT   3   3   3   3   3   3 | Arg CGT   0   0   1   0   0   0
    CTC   2   2   2   2   2   1 |     CCC   2   2   2   2   2   1 |     CAC   0   0   0   0   0   0 |     CGC   0   0   0   0   0   0
    CTA   1   2   1   2   2   2 |     CCA   1   1   1   1   1   1 | Gln CAA   6   6   6   6   6   6 |     CGA   2   2   2   2   2   2
    CTG   3   4   3   3   3   4 |     CCG   0   0   0   0   0   0 |     CAG   1   1   1   1   1   1 |     CGG   1   1   1   1   1   1
--------------------------------------------------------------------------------------------------------------------------------------
Ile ATT   3   4   2   3   4   4 | Thr ACT   3   1   3   3   3   3 | Asn AAT   4   4   4   3   4   2 | Ser AGT   5   6   5   6   6   7
    ATC   2   1   2   2   1   1 |     ACC   0   1   1   0   0   0 |     AAC   3   3   2   3   2   4 |     AGC   1   0   2   1   1   0
    ATA   2   2   2   2   2   2 |     ACA   1   1   1   1   1   1 | Lys AAA   3   3   3   3   3   3 | Arg AGA   2   1   1   2   1   1
Met ATG   5   5   5   5   5   5 |     ACG   0   0   0   0   0   0 |     AAG   4   4   4   4   4   4 |     AGG   1   2   1   1   2   2
--------------------------------------------------------------------------------------------------------------------------------------
Val GTT   2   2   2   2   2   2 | Ala GCT   0   1   1   0   0   0 | Asp GAT   4   4   4   4   4   4 | Gly GGT   0   0   0   0   0   0
    GTC   1   1   1   1   1   1 |     GCC   3   3   3   3   3   3 |     GAC   2   2   2   2   2   2 |     GGC   0   0   0   0   0   0
    GTA   2   2   2   2   2   2 |     GCA   1   1   1   1   1   1 | Glu GAA   6   8   5   7   6   7 |     GGA   1   1   1   1   1   1
    GTG   2   2   2   2   2   2 |     GCG   0   0   0   0   0   0 |     GAG   3   1   3   2   3   2 |     GGG   0   0   0   0   0   0
--------------------------------------------------------------------------------------------------------------------------------------

--------------------------------------------------------------------------------------------------------------------------------------
Phe TTT   3   3   3   3   3   3 | Ser TCT   1   1   1   2   1   1 | Tyr TAT   2   2   2   2   0   0 | Cys TGT   3   3   3   3   3   3
    TTC   4   4   4   4   4   4 |     TCC   0   0   0   0   0   0 |     TAC   3   3   3   3   5   5 |     TGC   0   0   0   0   0   0
Leu TTA   3   3   3   2   3   3 |     TCA   6   6   6   5   6   6 | *** TAA   0   0   0   0   0   0 | *** TGA   0   0   0   0   0   0
    TTG   3   2   2   3   1   1 |     TCG   0   0   0   0   0   0 |     TAG   0   0   0   0   0   0 | Trp TGG   0   0   0   0   0   0
--------------------------------------------------------------------------------------------------------------------------------------
Leu CTT   3   3   3   3   3   3 | Pro CCT   2   2   1   2   2   2 | His CAT   3   3   3   3   3   3 | Arg CGT   0   0   0   0   0   0
    CTC   2   2   2   2   2   2 |     CCC   1   1   2   1   1   1 |     CAC   0   0   0   0   0   0 |     CGC   0   0   0   0   0   0
    CTA   2   2   2   3   2   2 |     CCA   1   1   1   1   1   1 | Gln CAA   5   6   6   5   6   6 |     CGA   2   2   2   2   2   2
    CTG   2   3   3   2   4   4 |     CCG   0   0   0   0   0   0 |     CAG   2   1   1   2   1   1 |     CGG   1   1   1   1   1   1
--------------------------------------------------------------------------------------------------------------------------------------
Ile ATT   4   4   4   4   4   4 | Thr ACT   3   3   3   2   3   3 | Asn AAT   3   2   3   3   3   3 | Ser AGT   7   7   7   7   7   7
    ATC   1   1   1   1   1   1 |     ACC   0   0   0   0   0   0 |     AAC   3   4   3   3   3   3 |     AGC   0   0   0   0   0   0
    ATA   2   2   2   2   2   2 |     ACA   1   1   1   1   1   1 | Lys AAA   3   3   3   3   3   3 | Arg AGA   1   1   1   2   1   1
Met ATG   5   5   5   5   5   5 |     ACG   0   0   0   0   0   0 |     AAG   4   4   4   4   4   4 |     AGG   2   2   2   1   2   2
--------------------------------------------------------------------------------------------------------------------------------------
Val GTT   2   2   2   2   2   2 | Ala GCT   0   0   0   1   0   0 | Asp GAT   4   4   4   4   4   4 | Gly GGT   0   0   0   0   0   0
    GTC   1   1   1   1   1   1 |     GCC   3   3   3   3   3   3 |     GAC   2   2   2   2   2   2 |     GGC   0   0   0   0   0   0
    GTA   2   2   2   2   2   2 |     GCA   1   1   1   1   1   1 | Glu GAA   7   6   7   6   6   6 |     GGA   1   1   1   1   1   1
    GTG   2   2   2   2   2   2 |     GCG   0   0   0   0   0   0 |     GAG   2   3   2   3   3   3 |     GGG   0   0   0   0   0   0
--------------------------------------------------------------------------------------------------------------------------------------

Codon position x base (3x4) table for each sequence.

#1: Argali         
position  1:    T:0.22500    C:0.22500    A:0.31667    G:0.23333
position  2:    T:0.34167    C:0.15833    A:0.35833    G:0.14167
position  3:    T:0.33333    C:0.16667    A:0.30833    G:0.19167
Average         T:0.30000    C:0.18333    A:0.32778    G:0.18889

#2: LesserMouseDeer
position  1:    T:0.23333    C:0.22500    A:0.33333    G:0.20833
position  2:    T:0.33333    C:0.15833    A:0.36667    G:0.14167
position  3:    T:0.32500    C:0.20000    A:0.30000    G:0.17500
Average         T:0.29722    C:0.19444    A:0.33333    G:0.17500

#3: LesserKudu     
position  1:    T:0.21667    C:0.23333    A:0.32500    G:0.22500
position  2:    T:0.34167    C:0.15000    A:0.36667    G:0.14167
position  3:    T:0.32500    C:0.17500    A:0.30833    G:0.19167
Average         T:0.29444    C:0.18611    A:0.33333    G:0.18611

#4: ForestMuskDeer2
position  1:    T:0.22500    C:0.22500    A:0.31667    G:0.23333
position  2:    T:0.34167    C:0.15833    A:0.35833    G:0.14167
position  3:    T:0.34167    C:0.16667    A:0.30000    G:0.19167
Average         T:0.30278    C:0.18333    A:0.32500    G:0.18889

#5: Camel          
position  1:    T:0.23333    C:0.20000    A:0.34167    G:0.22500
position  2:    T:0.33333    C:0.16667    A:0.35833    G:0.14167
position  3:    T:0.29167    C:0.20833    A:0.27500    G:0.22500
Average         T:0.28611    C:0.19167    A:0.32500    G:0.19722

#6: KillerWhale    
position  1:    T:0.24167    C:0.20833    A:0.31667    G:0.23333
position  2:    T:0.33333    C:0.17500    A:0.33333    G:0.15833
position  3:    T:0.30000    C:0.20833    A:0.30833    G:0.18333
Average         T:0.29167    C:0.19722    A:0.31944    G:0.19167

#7: DefassaWaterbuck
position  1:    T:0.22500    C:0.22500    A:0.32500    G:0.22500
position  2:    T:0.34167    C:0.15833    A:0.36667    G:0.13333
position  3:    T:0.32500    C:0.18333    A:0.31667    G:0.17500
Average         T:0.29722    C:0.18889    A:0.33611    G:0.17778

#8: Sheep          
position  1:    T:0.22500    C:0.22500    A:0.31667    G:0.23333
position  2:    T:0.34167    C:0.15833    A:0.35833    G:0.14167
position  3:    T:0.32500    C:0.17500    A:0.30833    G:0.19167
Average         T:0.29722    C:0.18611    A:0.32778    G:0.18889

#9: MaxwellsDuiker 
position  1:    T:0.22500    C:0.22500    A:0.31667    G:0.23333
position  2:    T:0.34167    C:0.15833    A:0.35833    G:0.14167
position  3:    T:0.33333    C:0.16667    A:0.31667    G:0.18333
Average         T:0.30000    C:0.18333    A:0.33056    G:0.18611

#10: GazellaPrzewalskyi
position  1:    T:0.21667    C:0.22500    A:0.33333    G:0.22500
position  2:    T:0.34167    C:0.15833    A:0.35833    G:0.14167
position  3:    T:0.32500    C:0.16667    A:0.32500    G:0.18333
Average         T:0.29444    C:0.18333    A:0.33889    G:0.18333

#11: MountainNyala  
position  1:    T:0.21667    C:0.23333    A:0.32500    G:0.22500
position  2:    T:0.34167    C:0.15833    A:0.35833    G:0.14167
position  3:    T:0.31667    C:0.18333    A:0.30833    G:0.19167
Average         T:0.29167    C:0.19167    A:0.33056    G:0.18611

#12: MuntiacusMuntjak
position  1:    T:0.23333    C:0.21667    A:0.32500    G:0.22500
position  2:    T:0.34167    C:0.15833    A:0.35833    G:0.14167
position  3:    T:0.30833    C:0.19167    A:0.31667    G:0.18333
Average         T:0.29444    C:0.18889    A:0.33333    G:0.18333

#13: goat           
position  1:    T:0.22500    C:0.22500    A:0.31667    G:0.23333
position  2:    T:0.34167    C:0.15833    A:0.35833    G:0.14167
position  3:    T:0.33333    C:0.16667    A:0.30833    G:0.19167
Average         T:0.30000    C:0.18333    A:0.32778    G:0.18889

#14: AfricanBuffalo 
position  1:    T:0.21667    C:0.23333    A:0.32500    G:0.22500
position  2:    T:0.34167    C:0.15833    A:0.35833    G:0.14167
position  3:    T:0.33333    C:0.15833    A:0.30000    G:0.20833
Average         T:0.29722    C:0.18333    A:0.32778    G:0.19167

#15: Topi           
position  1:    T:0.22500    C:0.22500    A:0.32500    G:0.22500
position  2:    T:0.34167    C:0.15833    A:0.35833    G:0.14167
position  3:    T:0.33333    C:0.17500    A:0.30000    G:0.19167
Average         T:0.30000    C:0.18611    A:0.32778    G:0.18611

#16: CommonDuiker   
position  1:    T:0.22500    C:0.22500    A:0.32500    G:0.22500
position  2:    T:0.33333    C:0.16667    A:0.35833    G:0.14167
position  3:    T:0.33333    C:0.16667    A:0.32500    G:0.17500
Average         T:0.29722    C:0.18611    A:0.33611    G:0.18056

#17: Suni           
position  1:    T:0.22500    C:0.22500    A:0.31667    G:0.23333
position  2:    T:0.34167    C:0.15833    A:0.36667    G:0.13333
position  3:    T:0.32500    C:0.18333    A:0.29167    G:0.20000
Average         T:0.29722    C:0.18889    A:0.32500    G:0.18889

#18: Springbuck     
position  1:    T:0.21667    C:0.23333    A:0.32500    G:0.22500
position  2:    T:0.34167    C:0.15833    A:0.35833    G:0.14167
position  3:    T:0.31667    C:0.18333    A:0.31667    G:0.18333
Average         T:0.29167    C:0.19167    A:0.33333    G:0.18333

#19: Okapi          
position  1:    T:0.22500    C:0.22500    A:0.31667    G:0.23333
position  2:    T:0.34167    C:0.15833    A:0.35833    G:0.14167
position  3:    T:0.32500    C:0.19167    A:0.30833    G:0.17500
Average         T:0.29722    C:0.19167    A:0.32778    G:0.18333

#20: Giraffe        
position  1:    T:0.22500    C:0.22500    A:0.32500    G:0.22500
position  2:    T:0.34167    C:0.15833    A:0.36667    G:0.13333
position  3:    T:0.31667    C:0.19167    A:0.30833    G:0.18333
Average         T:0.29444    C:0.19167    A:0.33333    G:0.18056

#21: TibetanAntelope
position  1:    T:0.22500    C:0.22500    A:0.31667    G:0.23333
position  2:    T:0.33333    C:0.16667    A:0.35833    G:0.14167
position  3:    T:0.32500    C:0.17500    A:0.31667    G:0.18333
Average         T:0.29444    C:0.18889    A:0.33056    G:0.18611

#22: Sitatunga      
position  1:    T:0.21667    C:0.23333    A:0.32500    G:0.22500
position  2:    T:0.34167    C:0.15833    A:0.35833    G:0.14167
position  3:    T:0.30833    C:0.19167    A:0.30833    G:0.19167
Average         T:0.28889    C:0.19444    A:0.33056    G:0.18611

#23: Oribi          
position  1:    T:0.21667    C:0.23333    A:0.32500    G:0.22500
position  2:    T:0.34167    C:0.15833    A:0.35833    G:0.14167
position  3:    T:0.34167    C:0.15833    A:0.31667    G:0.18333
Average         T:0.30000    C:0.18333    A:0.33333    G:0.18333

#24: BarbarySheep   
position  1:    T:0.22500    C:0.22500    A:0.31667    G:0.23333
position  2:    T:0.34167    C:0.15833    A:0.35833    G:0.14167
position  3:    T:0.33333    C:0.16667    A:0.31667    G:0.18333
Average         T:0.30000    C:0.18333    A:0.33056    G:0.18611

#25: Daviddeer      
position  1:    T:0.24167    C:0.20833    A:0.32500    G:0.22500
position  2:    T:0.34167    C:0.15833    A:0.36667    G:0.13333
position  3:    T:0.30833    C:0.19167    A:0.31667    G:0.18333
Average         T:0.29722    C:0.18611    A:0.33611    G:0.18056

#26: Reindeer       
position  1:    T:0.22500    C:0.22500    A:0.33333    G:0.21667
position  2:    T:0.34167    C:0.15833    A:0.35833    G:0.14167
position  3:    T:0.30833    C:0.19167    A:0.33333    G:0.16667
Average         T:0.29167    C:0.19167    A:0.34167    G:0.17500

#27: Ibex           
position  1:    T:0.22500    C:0.22500    A:0.31667    G:0.23333
position  2:    T:0.34167    C:0.15833    A:0.35833    G:0.14167
position  3:    T:0.33333    C:0.16667    A:0.30833    G:0.19167
Average         T:0.30000    C:0.18333    A:0.32778    G:0.18889

#28: GyrantGazelle  
position  1:    T:0.21667    C:0.23333    A:0.31667    G:0.23333
position  2:    T:0.34167    C:0.15833    A:0.35833    G:0.14167
position  3:    T:0.32500    C:0.16667    A:0.30833    G:0.20000
Average         T:0.29444    C:0.18611    A:0.32778    G:0.19167

#29: Hartebeest     
position  1:    T:0.22500    C:0.22500    A:0.32500    G:0.22500
position  2:    T:0.34167    C:0.15833    A:0.35833    G:0.14167
position  3:    T:0.34167    C:0.16667    A:0.30000    G:0.19167
Average         T:0.30278    C:0.18333    A:0.32778    G:0.18611

#30: Bongo          
position  1:    T:0.21667    C:0.23333    A:0.32500    G:0.22500
position  2:    T:0.34167    C:0.15833    A:0.35833    G:0.14167
position  3:    T:0.31667    C:0.18333    A:0.30833    G:0.19167
Average         T:0.29167    C:0.19167    A:0.33056    G:0.18611

#31: Gerenuk        
position  1:    T:0.21667    C:0.23333    A:0.30833    G:0.24167
position  2:    T:0.34167    C:0.15833    A:0.35833    G:0.14167
position  3:    T:0.30833    C:0.18333    A:0.30833    G:0.20000
Average         T:0.28889    C:0.19167    A:0.32500    G:0.19444

#32: CommonEland    
position  1:    T:0.21667    C:0.23333    A:0.32500    G:0.22500
position  2:    T:0.34167    C:0.15833    A:0.35833    G:0.14167
position  3:    T:0.31667    C:0.18333    A:0.30833    G:0.19167
Average         T:0.29167    C:0.19167    A:0.33056    G:0.18611

#33: MuntiacusReevesi
position  1:    T:0.23333    C:0.21667    A:0.32500    G:0.22500
position  2:    T:0.34167    C:0.15833    A:0.35833    G:0.14167
position  3:    T:0.30833    C:0.19167    A:0.31667    G:0.18333
Average         T:0.29444    C:0.18889    A:0.33333    G:0.18333

#34: HarveysDuiker  
position  1:    T:0.22500    C:0.22500    A:0.32500    G:0.22500
position  2:    T:0.33333    C:0.17500    A:0.35000    G:0.14167
position  3:    T:0.33333    C:0.16667    A:0.31667    G:0.18333
Average         T:0.29722    C:0.18889    A:0.33056    G:0.18333

#35: Pronghorn      
position  1:    T:0.22500    C:0.22500    A:0.32500    G:0.22500
position  2:    T:0.34167    C:0.15833    A:0.35833    G:0.14167
position  3:    T:0.32500    C:0.16667    A:0.35000    G:0.15833
Average         T:0.29722    C:0.18333    A:0.34444    G:0.17500

#36: BlueWildebeest 
position  1:    T:0.21667    C:0.23333    A:0.32500    G:0.22500
position  2:    T:0.34167    C:0.15833    A:0.35833    G:0.14167
position  3:    T:0.33333    C:0.18333    A:0.29167    G:0.19167
Average         T:0.29722    C:0.19167    A:0.32500    G:0.18611

#37: Gemsbok        
position  1:    T:0.22500    C:0.22500    A:0.32500    G:0.22500
position  2:    T:0.34167    C:0.15833    A:0.35833    G:0.14167
position  3:    T:0.32500    C:0.17500    A:0.31667    G:0.18333
Average         T:0.29722    C:0.18611    A:0.33333    G:0.18333

#38: Yak            
position  1:    T:0.21667    C:0.23333    A:0.32500    G:0.22500
position  2:    T:0.34167    C:0.15833    A:0.35833    G:0.14167
position  3:    T:0.31667    C:0.18333    A:0.30833    G:0.19167
Average         T:0.29167    C:0.19167    A:0.33056    G:0.18611

#39: BlueSheep      
position  1:    T:0.22500    C:0.22500    A:0.31667    G:0.23333
position  2:    T:0.34167    C:0.15833    A:0.35833    G:0.14167
position  3:    T:0.32500    C:0.17500    A:0.30833    G:0.19167
Average         T:0.29722    C:0.18611    A:0.32778    G:0.18889

#40: BohorReedbuck  
position  1:    T:0.22500    C:0.22500    A:0.32500    G:0.22500
position  2:    T:0.34167    C:0.15833    A:0.35833    G:0.14167
position  3:    T:0.32500    C:0.18333    A:0.30833    G:0.18333
Average         T:0.29722    C:0.18889    A:0.33056    G:0.18333

#41: KirksDik       
position  1:    T:0.22500    C:0.22500    A:0.32500    G:0.22500
position  2:    T:0.34167    C:0.15833    A:0.35833    G:0.14167
position  3:    T:0.33333    C:0.17500    A:0.30000    G:0.19167
Average         T:0.30000    C:0.18611    A:0.32778    G:0.18611

#42: RoeDeer        
position  1:    T:0.21667    C:0.23333    A:0.33333    G:0.21667
position  2:    T:0.34167    C:0.15833    A:0.36667    G:0.13333
position  3:    T:0.31667    C:0.18333    A:0.31667    G:0.18333
Average         T:0.29167    C:0.19167    A:0.33889    G:0.17778

#43: WhiteLippedDeer
position  1:    T:0.24167    C:0.20833    A:0.32500    G:0.22500
position  2:    T:0.34167    C:0.15833    A:0.36667    G:0.13333
position  3:    T:0.30833    C:0.19167    A:0.31667    G:0.18333
Average         T:0.29722    C:0.18611    A:0.33611    G:0.18056

#44: ThomsonGazelle 
position  1:    T:0.21667    C:0.23333    A:0.31667    G:0.23333
position  2:    T:0.34167    C:0.15833    A:0.36667    G:0.13333
position  3:    T:0.31667    C:0.18333    A:0.31667    G:0.18333
Average         T:0.29167    C:0.19167    A:0.33333    G:0.18333

#45: MuntiacusCrinifrons
position  1:    T:0.24167    C:0.21667    A:0.31667    G:0.22500
position  2:    T:0.33333    C:0.17500    A:0.35000    G:0.14167
position  3:    T:0.31667    C:0.20000    A:0.30000    G:0.18333
Average         T:0.29722    C:0.19722    A:0.32222    G:0.18333

#46: WhiteTailedDeer
position  1:    T:0.23333    C:0.21667    A:0.32500    G:0.22500
position  2:    T:0.34167    C:0.15833    A:0.35833    G:0.14167
position  3:    T:0.30833    C:0.19167    A:0.32500    G:0.17500
Average         T:0.29444    C:0.18889    A:0.33611    G:0.18056

#47: Cattle         
position  1:    T:0.22500    C:0.22500    A:0.32500    G:0.22500
position  2:    T:0.34167    C:0.15833    A:0.35833    G:0.14167
position  3:    T:0.31667    C:0.18333    A:0.30833    G:0.19167
Average         T:0.29444    C:0.18889    A:0.33056    G:0.18611

#48: RoyalAntelope  
position  1:    T:0.22500    C:0.22500    A:0.32500    G:0.22500
position  2:    T:0.34167    C:0.15833    A:0.35833    G:0.14167
position  3:    T:0.32500    C:0.16667    A:0.31667    G:0.19167
Average         T:0.29722    C:0.18333    A:0.33333    G:0.18611

#49: Steenbok       
position  1:    T:0.23333    C:0.21667    A:0.32500    G:0.22500
position  2:    T:0.34167    C:0.15833    A:0.35833    G:0.14167
position  3:    T:0.33333    C:0.16667    A:0.30833    G:0.19167
Average         T:0.30278    C:0.18056    A:0.33056    G:0.18611

#50: Impala         
position  1:    T:0.22500    C:0.22500    A:0.32500    G:0.22500
position  2:    T:0.34167    C:0.15833    A:0.35833    G:0.14167
position  3:    T:0.32500    C:0.17500    A:0.30833    G:0.19167
Average         T:0.29722    C:0.18611    A:0.33056    G:0.18611

#51: Klipspringer   
position  1:    T:0.22500    C:0.22500    A:0.32500    G:0.22500
position  2:    T:0.34167    C:0.15833    A:0.35833    G:0.14167
