CODONML (in paml version 4.10.7, June 2023)  /home/rachel/ruminants_paml/6406-phy-tree/ENSBTAT00000025034.fasta.phy
Model: free dN/dS Ratios for branches,  kappa = 2.000 fixed

Codon frequency model: F3x4
ns =  54  ls =  32

Codon usage in sequences
--------------------------------------------------------------------------------------------------------------------------------------
Phe TTT   0   0   0   0   0   0 | Ser TCT   2   1   2   2   1   2 | Tyr TAT   0   0   0   0   0   0 | Cys TGT   0   0   0   0   0   0
    TTC   0   0   0   0   0   0 |     TCC   0   0   0   0   0   0 |     TAC   0   0   0   0   0   0 |     TGC   0   0   0   0   0   0
Leu TTA   0   0   0   0   0   0 |     TCA   0   0   0   0   0   0 | *** TAA   0   0   0   0   0   0 | *** TGA   0   0   0   0   0   0
    TTG   0   0   0   0   0   0 |     TCG   0   0   0   0   0   0 |     TAG   0   0   0   0   0   0 | Trp TGG   0   0   0   0   0   0
--------------------------------------------------------------------------------------------------------------------------------------
Leu CTT   1   1   1   1   0   1 | Pro CCT   3   1   3   4   3   2 | His CAT   0   0   0   0   0   0 | Arg CGT   0   0   0   0   0   0
    CTC   0   1   0   0   0   0 |     CCC   2   2   2   1   2   3 |     CAC   0   0   0   0   0   0 |     CGC   1   1   1   1   1   1
    CTA   0   0   0   0   0   0 |     CCA   2   2   2   2   2   2 | Gln CAA   1   0   1   1   0   0 |     CGA   1   1   1   1   1   1
    CTG   1   0   1   1   1   1 |     CCG   0   1   0   0   0   0 |     CAG   1   2   1   1   2   2 |     CGG   0   0   0   0   0   0
--------------------------------------------------------------------------------------------------------------------------------------
Ile ATT   1   0   0   0   0   0 | Thr ACT   0   0   0   0   1   0 | Asn AAT   2   2   2   2   2   2 | Ser AGT   0   0   0   0   0   0
    ATC   1   1   1   1   0   1 |     ACC   1   2   1   1   1   1 |     AAC   0   0   0   0   0   0 |     AGC   1   1   1   1   1   1
    ATA   0   0   0   0   0   0 |     ACA   0   0   0   0   0   0 | Lys AAA   1   1   1   1   1   1 | Arg AGA   0   1   0   0   0   0
Met ATG   0   0   0   0   0   0 |     ACG   0   0   0   0   0   0 |     AAG   0   0   0   0   0   0 |     AGG   2   1   2   2   2   2
--------------------------------------------------------------------------------------------------------------------------------------
Val GTT   1   1   2   2   3   2 | Ala GCT   2   1   2   2   1   0 | Asp GAT   0   0   0   0   0   0 | Gly GGT   2   2   2   2   2   2
    GTC   1   1   1   1   2   1 |     GCC   0   2   0   0   0   1 |     GAC   1   1   1   1   1   1 |     GGC   0   0   0   0   0   0
    GTA   0   0   0   0   0   0 |     GCA   0   0   0   0   1   1 | Glu GAA   0   0   0   0   0   0 |     GGA   1   1   1   1   1   1
    GTG   0   0   0   0   0   0 |     GCG   0   1   0   0   0   0 |     GAG   0   0   0   0   0   0 |     GGG   0   0   0   0   0   0
--------------------------------------------------------------------------------------------------------------------------------------

--------------------------------------------------------------------------------------------------------------------------------------
Phe TTT   0   0   0   0   0   0 | Ser TCT   2   2   2   2   2   2 | Tyr TAT   0   0   0   0   0   0 | Cys TGT   0   0   0   0   0   0
    TTC   0   0   0   0   0   0 |     TCC   0   0   0   0   0   0 |     TAC   0   0   0   0   0   0 |     TGC   0   0   0   0   0   0
Leu TTA   0   0   0   0   0   0 |     TCA   0   0   0   0   0   0 | *** TAA   0   0   0   0   0   0 | *** TGA   0   0   0   0   0   0
    TTG   0   0   0   0   0   0 |     TCG   0   0   0   0   0   0 |     TAG   0   0   0   0   0   0 | Trp TGG   0   0   0   0   0   0
--------------------------------------------------------------------------------------------------------------------------------------
Leu CTT   1   1   1   1   1   1 | Pro CCT   3   3   3   4   3   3 | His CAT   0   0   1   0   0   0 | Arg CGT   0   0   0   0   0   0
    CTC   0   0   0   0   0   0 |     CCC   2   2   2   1   2   2 |     CAC   0   0   0   0   0   0 |     CGC   1   1   1   1   1   1
    CTA   0   0   0   0   0   0 |     CCA   2   2   2   2   2   2 | Gln CAA   0   1   1   1   1   1 |     CGA   1   1   1   1   1   1
    CTG   1   1   1   1   1   1 |     CCG   0   0   0   0   0   0 |     CAG   2   1   1   1   1   1 |     CGG   0   0   0   0   0   0
--------------------------------------------------------------------------------------------------------------------------------------
Ile ATT   0   0   0   0   0   0 | Thr ACT   0   0   0   0   0   0 | Asn AAT   2   2   1   2   2   2 | Ser AGT   0   0   0   0   0   0
    ATC   1   1   1   1   1   0 |     ACC   1   1   1   1   1   1 |     AAC   0   0   0   0   0   0 |     AGC   1   1   1   1   1   2
    ATA   0   0   0   0   0   0 |     ACA   0   0   0   0   0   0 | Lys AAA   1   1   1   1   1   1 | Arg AGA   0   0   0   0   0   0
Met ATG   0   0   0   0   0   0 |     ACG   0   0   0   0   0   0 |     AAG   0   0   0   0   0   0 |     AGG   2   2   2   2   2   2
--------------------------------------------------------------------------------------------------------------------------------------
Val GTT   2   2   2   2   2   2 | Ala GCT   2   2   2   2   2   2 | Asp GAT   0   0   0   0   0   0 | Gly GGT   2   2   2   2   2   2
    GTC   1   1   1   1   1   1 |     GCC   0   0   0   0   0   0 |     GAC   1   1   1   1   1   1 |     GGC   0   0   0   0   0   0
    GTA   0   0   0   0   0   0 |     GCA   0   0   0   0   0   0 | Glu GAA   0   0   0   0   0   0 |     GGA   1   1   1   1   1   1
    GTG   0   0   0   0   0   0 |     GCG   0   0   0   0   0   0 |     GAG   0   0   0   0   0   0 |     GGG   0   0   0   0   0   0
--------------------------------------------------------------------------------------------------------------------------------------

--------------------------------------------------------------------------------------------------------------------------------------
Phe TTT   0   0   0   0   0   0 | Ser TCT   2   2   2   2   2   2 | Tyr TAT   0   0   0   0   0   0 | Cys TGT   0   0   0   0   0   0
    TTC   0   0   0   0   0   0 |     TCC   0   0   0   0   0   0 |     TAC   0   0   0   0   0   0 |     TGC   0   0   0   0   0   0
Leu TTA   0   0   0   0   0   0 |     TCA   0   0   0   0   0   0 | *** TAA   0   0   0   0   0   0 | *** TGA   0   0   0   0   0   0
    TTG   0   0   0   0   0   0 |     TCG   0   0   0   0   0   0 |     TAG   0   0   0   0   0   0 | Trp TGG   0   0   0   0   0   0
--------------------------------------------------------------------------------------------------------------------------------------
Leu CTT   1   1   1   1   1   1 | Pro CCT   3   3   3   3   3   5 | His CAT   0   0   0   1   0   0 | Arg CGT   0   0   0   0   0   0
    CTC   0   0   0   0   0   0 |     CCC   2   2   2   2   2   1 |     CAC   0   0   0   0   0   0 |     CGC   1   1   1   1   1   1
    CTA   0   0   0   0   0   0 |     CCA   2   2   2   2   2   1 | Gln CAA   1   1   1   1   1   1 |     CGA   1   1   1   1   1   1
    CTG   1   1   1   1   1   1 |     CCG   0   0   0   0   0   0 |     CAG   1   1   1   1   1   1 |     CGG   0   0   0   0   0   0
--------------------------------------------------------------------------------------------------------------------------------------
Ile ATT   0   0   0   0   0   0 | Thr ACT   0   0   0   0   0   0 | Asn AAT   2   2   2   1   2   2 | Ser AGT   0   0   0   0   0   0
    ATC   1   1   1   1   1   1 |     ACC   1   1   0   1   1   1 |     AAC   0   0   0   0   0   0 |     AGC   1   1   0   1   1   1
    ATA   0   0   0   0   0   0 |     ACA   0   0   1   0   0   0 | Lys AAA   1   1   1   1   1   1 | Arg AGA   0   0   0   0   0   1
Met ATG   0   0   0   0   0   0 |     ACG   0   0   0   0   0   0 |     AAG   0   0   0   0   0   0 |     AGG   2   2   2   2   2   2
--------------------------------------------------------------------------------------------------------------------------------------
Val GTT   2   2   2   2   2   2 | Ala GCT   2   2   2   2   2   2 | Asp GAT   0   0   0   0   0   0 | Gly GGT   2   2   2   2   2   2
    GTC   1   1   1   1   1   1 |     GCC   0   0   0   0   0   0 |     GAC   1   1   1   1   1   1 |     GGC   0   0   1   0   0   0
    GTA   0   0   0   0   0   0 |     GCA   0   0   0   0   0   0 | Glu GAA   0   0   0   0   0   0 |     GGA   1   1   1   1   1   0
    GTG   0   0   0   0   0   0 |     GCG   0   0   0   0   0   0 |     GAG   0   0   0   0   0   0 |     GGG   0   0   0   0   0   0
--------------------------------------------------------------------------------------------------------------------------------------

--------------------------------------------------------------------------------------------------------------------------------------
Phe TTT   0   0   0   0   0   0 | Ser TCT   3   4   2   2   2   2 | Tyr TAT   0   0   0   0   0   0 | Cys TGT   0   0   0   0   0   0
    TTC   0   0   0   0   0   0 |     TCC   0   0   0   0   0   0 |     TAC   0   0   0   0   0   0 |     TGC   0   1   0   0   0   0
Leu TTA   0   0   0   0   0   0 |     TCA   0   0   0   0   0   0 | *** TAA   0   0   0   0   0   0 | *** TGA   0   0   0   0   0   0
    TTG   1   1   0   0   0   0 |     TCG   0   0   0   0   0   0 |     TAG   0   0   0   0   0   0 | Trp TGG   0   0   0   0   0   0
--------------------------------------------------------------------------------------------------------------------------------------
Leu CTT   1   1   1   1   1   1 | Pro CCT   2   1   3   3   4   3 | His CAT   0   0   0   0   0   0 | Arg CGT   0   0   0   0   0   0
    CTC   0   0   0   0   0   0 |     CCC   2   2   2   2   1   2 |     CAC   0   0   0   0   0   0 |     CGC   1   0   1   1   1   1
    CTA   0   0   0   0   0   0 |     CCA   2   2   2   2   2   2 | Gln CAA   1   1   1   1   1   1 |     CGA   1   1   1   1   1   1
    CTG   0   0   1   1   1   1 |     CCG   0   0   0   0   0   0 |     CAG   1   1   1   1   1   1 |     CGG   0   0   0   0   0   0
--------------------------------------------------------------------------------------------------------------------------------------
Ile ATT   1   0   0   0   0   0 | Thr ACT   0   0   0   0   0   0 | Asn AAT   2   2   2   2   2   2 | Ser AGT   0   0   0   0   0   0
    ATC   0   1   1   1   1   1 |     ACC   1   1   1   1   1   1 |     AAC   0   0   0   0   0   0 |     AGC   1   1   1   1   1   1
    ATA   0   0   0   0   0   0 |     ACA   0   0   0   0   0   0 | Lys AAA   1   1   1   1   1   1 | Arg AGA   0   0   0   0   0   0
Met ATG   0   0   0   0   0   0 |     ACG   0   0   0   0   0   0 |     AAG   0   0   0   0   0   0 |     AGG   2   2   2   2   2   2
--------------------------------------------------------------------------------------------------------------------------------------
Val GTT   2   2   2   2   2   2 | Ala GCT   2   2   2   2   2   2 | Asp GAT   0   0   0   0   0   0 | Gly GGT   2   2   2   2   2   2
    GTC   1   1   1   1   1   1 |     GCC   0   0   0   0   0   0 |     GAC   1   1   1   1   1   1 |     GGC   0   0   0   0   0   0
    GTA   0   0   0   0   0   0 |     GCA   0   0   0   0   0   0 | Glu GAA   0   0   0   0   0   0 |     GGA   1   1   1   1   1   1
    GTG   0   0   0   0   0   0 |     GCG   0   0   0   0   0   0 |     GAG   0   0   0   0   0   0 |     GGG   0   0   0   0   0   0
--------------------------------------------------------------------------------------------------------------------------------------

--------------------------------------------------------------------------------------------------------------------------------------
Phe TTT   0   0   0   0   0   0 | Ser TCT   2   2   2   2   2   2 | Tyr TAT   0   0   0   0   0   0 | Cys TGT   0   0   0   0   0   0
    TTC   0   0   0   0   0   0 |     TCC   0   0   0   0   0   0 |     TAC   0   0   0   0   0   0 |     TGC   0   0   0   0   0   0
Leu TTA   0   0   0   0   0   0 |     TCA   0   0   0   0   0   0 | *** TAA   0   0   0   0   0   0 | *** TGA   0   0   0   0   0   0
    TTG   0   0   0   0   0   0 |     TCG   0   0   0   0   0   0 |     TAG   0   0   0   0   0   0 | Trp TGG   0   0   0   0   0   0
--------------------------------------------------------------------------------------------------------------------------------------
Leu CTT   1   1   1   1   1   1 | Pro CCT   3   3   3   5   3   3 | His CAT   0   0   0   0   0   0 | Arg CGT   0   0   0   0   0   0
    CTC   0   0   0   0   0   0 |     CCC   2   2   2   1   2   2 |     CAC   0   0   0   0   0   0 |     CGC   1   1   1   1   1   1
    CTA   0   0   0   0   0   0 |     CCA   2   2   2   1   2   2 | Gln CAA   1   1   1   1   1   1 |     CGA   1   1   1   1   1   1
    CTG   1   1   1   1   1   1 |     CCG   0   0   0   0   0   0 |     CAG   1   1   1   1   1   1 |     CGG   0   0   0   0   0   0
--------------------------------------------------------------------------------------------------------------------------------------
Ile ATT   0   0   0   0   0   0 | Thr ACT   0   1   0   0   0   0 | Asn AAT   2   2   2   2   2   2 | Ser AGT   0   0   0   0   0   0
    ATC   2   2   1   1   1   1 |     ACC   1   1   1   1   0   1 |     AAC   0   0   0   0   0   0 |     AGC   1   1   1   1   1   1
    ATA   0   0   0   0   0   0 |     ACA   0   0   0   0   1   0 | Lys AAA   1   1   1   1   1   1 | Arg AGA   0   0   0   0   0   0
Met ATG   0   0   0   0   0   0 |     ACG   0   0   0   0   0   0 |     AAG   0   0   0   0   0   0 |     AGG   2   2   2   2   2   2
--------------------------------------------------------------------------------------------------------------------------------------
Val GTT   2   2   2   2   2   2 | Ala GCT   2   1   2   2   2   2 | Asp GAT   0   0   0   0   0   0 | Gly GGT   2   2   2   2   2   2
    GTC   0   0   1   1   1   1 |     GCC   0   0   0   0   0   0 |     GAC   1   1   1   1   1   1 |     GGC   0   0   0   0   0   0
    GTA   0   0   0   0   0   0 |     GCA   0   0   0   0   0   0 | Glu GAA   0   0   0   0   0   0 |     GGA   1   1   1   1   1   1
    GTG   0   0   0   0   0   0 |     GCG   0   0   0   0   0   0 |     GAG   0   0   0   0   0   0 |     GGG   0   0   0   0   0   0
--------------------------------------------------------------------------------------------------------------------------------------

--------------------------------------------------------------------------------------------------------------------------------------
Phe TTT   0   0   0   0   0   0 | Ser TCT   2   2   2   2   2   2 | Tyr TAT   0   0   0   0   0   0 | Cys TGT   0   0   0   0   0   0
    TTC   0   0   0   0   0   0 |     TCC   0   0   0   0   0   0 |     TAC   0   0   0   0   0   0 |     TGC   0   0   0   0   0   0
Leu TTA   0   0   0   0   0   0 |     TCA   0   0   0   0   0   1 | *** TAA   0   0   0   0   0   0 | *** TGA   0   0   0   0   0   0
    TTG   0   0   0   0   0   0 |     TCG   0   0   0   0   0   0 |     TAG   0   0   0   0   0   0 | Trp TGG   0   0   0   0   0   0
--------------------------------------------------------------------------------------------------------------------------------------
Leu CTT   1   1   1   1   1   1 | Pro CCT   5   3   3   3   3   3 | His CAT   0   0   0   1   0   0 | Arg CGT   0   0   0   0   0   0
    CTC   0   0   0   0   0   0 |     CCC   1   2   2   2   1   2 |     CAC   0   0   0   0   0   0 |     CGC   1   1   1   1   1   1
    CTA   0   0   0   0   0   0 |     CCA   1   2   2   2   2   1 | Gln CAA   1   1   1   1   1   1 |     CGA   1   1   1   1   1   1
    CTG   1   1   1   1   1   1 |     CCG   0   0   0   0   0   0 |     CAG   1   1   1   1   1   1 |     CGG   0   0   0   0   0   0
--------------------------------------------------------------------------------------------------------------------------------------
Ile ATT   0   0   0   0   0   0 | Thr ACT   0   0   0   0   0   0 | Asn AAT   2   2   2   1   2   2 | Ser AGT   0   0   0   0   0   0
    ATC   1   1   0   1   1   1 |     ACC   1   1   1   1   2   1 |     AAC   0   0   0   0   0   0 |     AGC   1   1   2   1   1   1
    ATA   0   0   0   0   0   0 |     ACA   0   0   0   0   0   0 | Lys AAA   1   1   1   1   1   1 | Arg AGA   0   0   0   0   0   0
Met ATG   0   0   0   0   0   0 |     ACG   0   0   0   0   0   0 |     AAG   0   0   0   0   0   0 |     AGG   2   2   2   2   2   2
--------------------------------------------------------------------------------------------------------------------------------------
Val GTT   2   2   2   2   2   2 | Ala GCT   2   2   2   2   2   2 | Asp GAT   0   0   0   0   0   0 | Gly GGT   2   2   2   2   2   2
    GTC   1   1   1   1   1   1 |     GCC   0   0   0   0   0   0 |     GAC   1   1   1   1   1   1 |     GGC   0   0   0   0   0   0
    GTA   0   0   0   0   0   0 |     GCA   0   0   0   0   0   0 | Glu GAA   0   0   0   0   0   0 |     GGA   1   1   1   1   1   1
    GTG   0   0   0   0   0   0 |     GCG   0   0   0   0   0   0 |     GAG   0   0   0   0   0   0 |     GGG   0   0   0   0   0   0
--------------------------------------------------------------------------------------------------------------------------------------

--------------------------------------------------------------------------------------------------------------------------------------
Phe TTT   0   0   0   0   0   0 | Ser TCT   2   3   2   2   2   2 | Tyr TAT   0   0   0   0   0   0 | Cys TGT   0   0   0   0   0   0
    TTC   0   0   0   0   0   0 |     TCC   0   0   0   0   0   0 |     TAC   0   0   0   0   0   0 |     TGC   0   0   0   0   0   0
Leu TTA   0   0   0   0   0   0 |     TCA   0   0   0   0   0   0 | *** TAA   0   0   0   0   0   0 | *** TGA   0   0   0   0   0   0
    TTG   0   0   0   0   0   0 |     TCG   0   0   0   0   0   0 |     TAG   0   0   0   0   0   0 | Trp TGG   0   0   0   0   0   0
--------------------------------------------------------------------------------------------------------------------------------------
Leu CTT   1   1   1   1   1   1 | Pro CCT   3   2   3   4   4   3 | His CAT   0   0   0   0   0   0 | Arg CGT   0   0   0   0   0   0
    CTC   0   0   0   0   0   0 |     CCC   2   2   2   2   1   2 |     CAC   0   0   0   0   0   0 |     CGC   1   1   1   1   1   1
    CTA   0   0   0   0   0   0 |     CCA   2   2   2   1   2   2 | Gln CAA   1   1   1   0   1   1 |     CGA   1   1   1   0   1   1
    CTG   1   1   1   1   1   1 |     CCG   0   0   0   0   0   0 |     CAG   1   1   1   2   1   1 |     CGG   0   0   0   1   0   0
--------------------------------------------------------------------------------------------------------------------------------------
Ile ATT   0   0   0   0   0   0 | Thr ACT   0   0   0   0   0   0 | Asn AAT   2   2   2   2   2   2 | Ser AGT   0   0   0   0   0   0
    ATC   1   1   1   1   1   2 |     ACC   1   1   1   1   1   1 |     AAC   0   0   0   0   0   0 |     AGC   1   1   1   1   0   1
    ATA   0   0   0   0   0   0 |     ACA   0   0   0   0   0   0 | Lys AAA   1   1   1   1   1   1 | Arg AGA   0   0   0   0   0   0
Met ATG   0   0   0   0   0   0 |     ACG   0   0   0   0   0   0 |     AAG   0   0   0   0   0   0 |     AGG   2   2   2   2   2   2
--------------------------------------------------------------------------------------------------------------------------------------
Val GTT   2   2   2   2   2   2 | Ala GCT   2   2   2   2   2   2 | Asp GAT   0   0   0   0   0   0 | Gly GGT   2   2   2   2   2   2
    GTC   1   1   1   1   1   0 |     GCC   0   0   0   0   0   0 |     GAC   1   1   1   1   1   1 |     GGC   0   0   0   0   1   0
    GTA   0   0   0   0   0   0 |     GCA   0   0   0   0   0   0 | Glu GAA   0   0   0   0   0   0 |     GGA   1   1   1   1   1   1
    GTG   0   0   0   0   0   0 |     GCG   0   0   0   0   0   0 |     GAG   0   0   0   0   0   0 |     GGG   0   0   0   0   0   0
--------------------------------------------------------------------------------------------------------------------------------------

--------------------------------------------------------------------------------------------------------------------------------------
Phe TTT   0   0   0   0   0   0 | Ser TCT   2   2   2   2   3   2 | Tyr TAT   0   0   0   0   0   0 | Cys TGT   0   0   0   0   0   0
    TTC   0   0   0   0   0   0 |     TCC   0   0   0   0   0   0 |     TAC   0   0   0   0   0   0 |     TGC   0   0   0   0   0   0
Leu TTA   0   0   0   0   0   0 |     TCA   0   0   0   0   0   0 | *** TAA   0   0   0   0   0   0 | *** TGA   0   0   0   0   0   0
    TTG   0   0   0   0   0   0 |     TCG   0   0   0   0   0   0 |     TAG   0   0   0   0   0   0 | Trp TGG   0   0   0   0   0   0
--------------------------------------------------------------------------------------------------------------------------------------
Leu CTT   1   1   1   1   1   1 | Pro CCT   3   5   3   3   2   3 | His CAT   0   0   0   0   0   0 | Arg CGT   0   0   0   0   0   0
    CTC   0   0   0   0   0   0 |     CCC   2   1   2   2   2   2 |     CAC   0   0   0   0   0   0 |     CGC   1   1   1   1   1   1
    CTA   0   0   0   0   0   0 |     CCA   2   1   2   2   2   2 | Gln CAA   1   0   1   1   1   1 |     CGA   1   1   1   1   1   1
    CTG   1   1   1   1   1   1 |     CCG   0   0   0   0   0   0 |     CAG   1   2   1   1   1   1 |     CGG   0   0   0   0   0   0
--------------------------------------------------------------------------------------------------------------------------------------
Ile ATT   0   0   0   0   0   0 | Thr ACT   0   0   0   0   0   0 | Asn AAT   2   2   2   2   2   2 | Ser AGT   0   0   0   0   0   0
    ATC   2   1   0   2   1   1 |     ACC   1   1   1   1   1   1 |     AAC   0   0   0   0   0   0 |     AGC   1   1   2   1   1   1
    ATA   0   0   0   0   0   0 |     ACA   0   0   0   0   0   0 | Lys AAA   1   1   1   1   1   1 | Arg AGA   0   0   0   0   0   0
Met ATG   0   0   0   0   0   0 |     ACG   0   0   0   0   0   0 |     AAG   0   0   0   0   0   0 |     AGG   2   2   2   2   2   2
--------------------------------------------------------------------------------------------------------------------------------------
Val GTT   2   2   2   2   2   2 | Ala GCT   2   2   2   2   2   2 | Asp GAT   0   0   0   0   0   0 | Gly GGT   2   2   2   2   2   2
    GTC   0   1   1   0   1   1 |     GCC   0   0   0   0   0   0 |     GAC   1   1   1   1   1   1 |     GGC   0   0   0   0   0   0
    GTA   0   0   0   0   0   0 |     GCA   0   0   0   0   0   0 | Glu GAA   0   0   0   0   0   0 |     GGA   1   1   1   1   1   1
    GTG   0   0   0   0   0   0 |     GCG   0   0   0   0   0   0 |     GAG   0   0   0   0   0   0 |     GGG   0   0   0   0   0   0
--------------------------------------------------------------------------------------------------------------------------------------

--------------------------------------------------------------------------------------------------------------------------------------
Phe TTT   0   0   0   0   0   0 | Ser TCT   2   2   2   2   2   2 | Tyr TAT   0   0   0   0   0   0 | Cys TGT   0   0   0   0   0   0
    TTC   0   0   0   0   0   0 |     TCC   0   0   0   0   0   0 |     TAC   0   0   0   0   0   0 |     TGC   0   0   0   0   0   0
Leu TTA   0   0   0   0   0   0 |     TCA   0   0   0   0   0   0 | *** TAA   0   0   0   0   0   0 | *** TGA   0   0   0   0   0   0
    TTG   0   0   0   0   0   0 |     TCG   0   0   0   0   0   0 |     TAG   0   0   0   0   0   0 | Trp TGG   0   0   0   0   0   0
--------------------------------------------------------------------------------------------------------------------------------------
Leu CTT   1   1   1   1   1   1 | Pro CCT   4   3   3   4   3   3 | His CAT   0   0   0   0   0   0 | Arg CGT   0   0   0   0   0   0
    CTC   0   0   0   0   0   0 |     CCC   1   2   2   1   2   2 |     CAC   0   0   0   0   0   0 |     CGC   1   1   1   1   1   1
    CTA   0   0   0   0   0   0 |     CCA   2   2   2   2   2   2 | Gln CAA   1   1   1   1   1   1 |     CGA   1   1   1   1   1   1
    CTG   1   1   1   1   1   1 |     CCG   0   0   0   0   0   0 |     CAG   1   1   1   1   1   1 |     CGG   0   0   0   0   0   0
--------------------------------------------------------------------------------------------------------------------------------------
Ile ATT   0   0   0   0   0   0 | Thr ACT   0   0   0   0   0   0 | Asn AAT   2   2   1   2   2   2 | Ser AGT   0   0   1   0   0   0
    ATC   1   1   1   1   1   1 |     ACC   1   1   1   1   1   1 |     AAC   0   0   0   0   0   0 |     AGC   1   1   1   1   1   1
    ATA   0   0   0   0   0   0 |     ACA   0   0   0   0   0   0 | Lys AAA   1   1   1   1   1   1 | Arg AGA   0   0   0   0   0   0
Met ATG   0   0   0   0   0   0 |     ACG   0   0   0   0   0   0 |     AAG   0   0   0   0   0   0 |     AGG   2   2   2   2   2   2
--------------------------------------------------------------------------------------------------------------------------------------
Val GTT   2   2   2   2   2   2 | Ala GCT   1   2   2   2   2   2 | Asp GAT   0   0   0   0   0   0 | Gly GGT   3   2   2   2   2   2
    GTC   1   1   1   1   1   1 |     GCC   0   0   0   0   0   0 |     GAC   1   1   1   1   1   1 |     GGC   0   0   0   0   0   0
    GTA   0   0   0   0   0   0 |     GCA   0   0   0   0   0   0 | Glu GAA   0   0   0   0   0   0 |     GGA   1   1   1   1   1   1
    GTG   0   0   0   0   0   0 |     GCG   0   0   0   0   0   0 |     GAG   0   0   0   0   0   0 |     GGG   0   0   0   0   0   0
--------------------------------------------------------------------------------------------------------------------------------------

Codon position x base (3x4) table for each sequence.

#1: Argali         
position  1:    T:0.06250    C:0.40625    A:0.28125    G:0.25000
position  2:    T:0.18750    C:0.37500    A:0.18750    G:0.25000
position  3:    T:0.43750    C:0.25000    A:0.18750    G:0.12500
Average         T:0.22917    C:0.34375    A:0.21875    G:0.20833

#2: LesserMouseDeer
position  1:    T:0.03125    C:0.37500    A:0.28125    G:0.31250
position  2:    T:0.15625    C:0.40625    A:0.18750    G:0.25000
position  3:    T:0.28125    C:0.37500    A:0.18750    G:0.15625
Average         T:0.15625    C:0.38542    A:0.21875    G:0.23958

#3: LesserKudu     
position  1:    T:0.06250    C:0.40625    A:0.25000    G:0.28125
position  2:    T:0.18750    C:0.37500    A:0.18750    G:0.25000
position  3:    T:0.43750    C:0.25000    A:0.18750    G:0.12500
Average         T:0.22917    C:0.34375    A:0.20833    G:0.21875

#4: ForestMuskDeer2
position  1:    T:0.06250    C:0.40625    A:0.25000    G:0.28125
position  2:    T:0.18750    C:0.37500    A:0.18750    G:0.25000
position  3:    T:0.46875    C:0.21875    A:0.18750    G:0.12500
Average         T:0.23958    C:0.33333    A:0.20833    G:0.21875

#5: Camel          
position  1:    T:0.03125    C:0.37500    A:0.25000    G:0.34375
position  2:    T:0.18750    C:0.37500    A:0.18750    G:0.25000
position  3:    T:0.40625    C:0.25000    A:0.18750    G:0.15625
Average         T:0.20833    C:0.33333    A:0.20833    G:0.25000

#6: KillerWhale    
position  1:    T:0.06250    C:0.40625    A:0.25000    G:0.28125
position  2:    T:0.18750    C:0.37500    A:0.18750    G:0.25000
position  3:    T:0.34375    C:0.31250    A:0.18750    G:0.15625
Average         T:0.19792    C:0.36458    A:0.20833    G:0.22917

#7: DefassaWaterbuck
position  1:    T:0.06250    C:0.40625    A:0.25000    G:0.28125
position  2:    T:0.18750    C:0.37500    A:0.18750    G:0.25000
position  3:    T:0.43750    C:0.25000    A:0.15625    G:0.15625
Average         T:0.22917    C:0.34375    A:0.19792    G:0.22917

#8: Sheep          
position  1:    T:0.06250    C:0.40625    A:0.25000    G:0.28125
position  2:    T:0.18750    C:0.37500    A:0.18750    G:0.25000
position  3:    T:0.43750    C:0.25000    A:0.18750    G:0.12500
Average         T:0.22917    C:0.34375    A:0.20833    G:0.21875

#9: MaxwellsDuiker 
position  1:    T:0.06250    C:0.43750    A:0.21875    G:0.28125
position  2:    T:0.18750    C:0.37500    A:0.18750    G:0.25000
position  3:    T:0.43750    C:0.25000    A:0.18750    G:0.12500
Average         T:0.22917    C:0.35417    A:0.19792    G:0.21875

#10: GazellaPrzewalskyi
position  1:    T:0.06250    C:0.40625    A:0.25000    G:0.28125
position  2:    T:0.18750    C:0.37500    A:0.18750    G:0.25000
position  3:    T:0.46875    C:0.21875    A:0.18750    G:0.12500
Average         T:0.23958    C:0.33333    A:0.20833    G:0.21875

#11: MountainNyala  
position  1:    T:0.06250    C:0.40625    A:0.25000    G:0.28125
position  2:    T:0.18750    C:0.37500    A:0.18750    G:0.25000
position  3:    T:0.43750    C:0.25000    A:0.18750    G:0.12500
Average         T:0.22917    C:0.34375    A:0.20833    G:0.21875

#12: MuntiacusMuntjak
position  1:    T:0.06250    C:0.40625    A:0.25000    G:0.28125
position  2:    T:0.15625    C:0.37500    A:0.18750    G:0.28125
position  3:    T:0.43750    C:0.25000    A:0.18750    G:0.12500
Average         T:0.21875    C:0.34375    A:0.20833    G:0.22917

#13: goat           
position  1:    T:0.06250    C:0.40625    A:0.25000    G:0.28125
position  2:    T:0.18750    C:0.37500    A:0.18750    G:0.25000
position  3:    T:0.43750    C:0.25000    A:0.18750    G:0.12500
Average         T:0.22917    C:0.34375    A:0.20833    G:0.21875

#14: AfricanBuffalo 
position  1:    T:0.06250    C:0.40625    A:0.25000    G:0.28125
position  2:    T:0.18750    C:0.37500    A:0.18750    G:0.25000
position  3:    T:0.43750    C:0.25000    A:0.18750    G:0.12500
Average         T:0.22917    C:0.34375    A:0.20833    G:0.21875

#15: Topi           
position  1:    T:0.06250    C:0.40625    A:0.21875    G:0.31250
position  2:    T:0.18750    C:0.37500    A:0.18750    G:0.25000
position  3:    T:0.43750    C:0.21875    A:0.21875    G:0.12500
Average         T:0.22917    C:0.33333    A:0.20833    G:0.22917

#16: CommonDuiker   
position  1:    T:0.06250    C:0.43750    A:0.21875    G:0.28125
position  2:    T:0.18750    C:0.37500    A:0.18750    G:0.25000
position  3:    T:0.43750    C:0.25000    A:0.18750    G:0.12500
Average         T:0.22917    C:0.35417    A:0.19792    G:0.21875

#17: Suni           
position  1:    T:0.06250    C:0.40625    A:0.25000    G:0.28125
position  2:    T:0.18750    C:0.37500    A:0.18750    G:0.25000
position  3:    T:0.43750    C:0.25000    A:0.18750    G:0.12500
Average         T:0.22917    C:0.34375    A:0.20833    G:0.21875

#18: Springbuck     
position  1:    T:0.06250    C:0.40625    A:0.28125    G:0.25000
position  2:    T:0.18750    C:0.37500    A:0.18750    G:0.25000
position  3:    T:0.50000    C:0.21875    A:0.15625    G:0.12500
Average         T:0.25000    C:0.33333    A:0.20833    G:0.20833

#19: Okapi          
position  1:    T:0.12500    C:0.34375    A:0.25000    G:0.28125
position  2:    T:0.18750    C:0.37500    A:0.18750    G:0.25000
position  3:    T:0.46875    C:0.21875    A:0.18750    G:0.12500
Average         T:0.26042    C:0.31250    A:0.20833    G:0.21875

#20: Giraffe        
position  1:    T:0.18750    C:0.28125    A:0.25000    G:0.28125
position  2:    T:0.18750    C:0.37500    A:0.18750    G:0.25000
position  3:    T:0.43750    C:0.25000    A:0.18750    G:0.12500
Average         T:0.27083    C:0.30208    A:0.20833    G:0.21875

#21: TibetanAntelope
position  1:    T:0.06250    C:0.40625    A:0.25000    G:0.28125
position  2:    T:0.18750    C:0.37500    A:0.18750    G:0.25000
position  3:    T:0.43750    C:0.25000    A:0.18750    G:0.12500
Average         T:0.22917    C:0.34375    A:0.20833    G:0.21875

#22: Sitatunga      
position  1:    T:0.06250    C:0.40625    A:0.25000    G:0.28125
position  2:    T:0.18750    C:0.37500    A:0.18750    G:0.25000
position  3:    T:0.43750    C:0.25000    A:0.18750    G:0.12500
Average         T:0.22917    C:0.34375    A:0.20833    G:0.21875

#23: Oribi          
position  1:    T:0.06250    C:0.40625    A:0.25000    G:0.28125
position  2:    T:0.18750    C:0.37500    A:0.18750    G:0.25000
position  3:    T:0.46875    C:0.21875    A:0.18750    G:0.12500
Average         T:0.23958    C:0.33333    A:0.20833    G:0.21875

#24: BarbarySheep   
position  1:    T:0.06250    C:0.40625    A:0.25000    G:0.28125
position  2:    T:0.18750    C:0.37500    A:0.18750    G:0.25000
position  3:    T:0.43750    C:0.25000    A:0.18750    G:0.12500
Average         T:0.22917    C:0.34375    A:0.20833    G:0.21875

#25: Daviddeer      
position  1:    T:0.06250    C:0.40625    A:0.28125    G:0.25000
position  2:    T:0.18750    C:0.37500    A:0.18750    G:0.25000
position  3:    T:0.43750    C:0.25000    A:0.18750    G:0.12500
Average         T:0.22917    C:0.34375    A:0.21875    G:0.20833

#26: Reindeer       
position  1:    T:0.06250    C:0.40625    A:0.31250    G:0.21875
position  2:    T:0.18750    C:0.37500    A:0.18750    G:0.25000
position  3:    T:0.43750    C:0.25000    A:0.18750    G:0.12500
Average         T:0.22917    C:0.34375    A:0.22917    G:0.19792

#27: Ibex           
position  1:    T:0.06250    C:0.40625    A:0.25000    G:0.28125
position  2:    T:0.18750    C:0.37500    A:0.18750    G:0.25000
position  3:    T:0.43750    C:0.25000    A:0.18750    G:0.12500
Average         T:0.22917    C:0.34375    A:0.20833    G:0.21875

#28: GyrantGazelle  
position  1:    T:0.06250    C:0.40625    A:0.25000    G:0.28125
position  2:    T:0.18750    C:0.37500    A:0.18750    G:0.25000
position  3:    T:0.50000    C:0.21875    A:0.15625    G:0.12500
Average         T:0.25000    C:0.33333    A:0.19792    G:0.21875

#29: Hartebeest     
position  1:    T:0.06250    C:0.40625    A:0.25000    G:0.28125
position  2:    T:0.18750    C:0.37500    A:0.18750    G:0.25000
position  3:    T:0.43750    C:0.21875    A:0.21875    G:0.12500
Average         T:0.22917    C:0.33333    A:0.21875    G:0.21875

#30: Bongo          
position  1:    T:0.06250    C:0.40625    A:0.25000    G:0.28125
position  2:    T:0.18750    C:0.37500    A:0.18750    G:0.25000
position  3:    T:0.43750    C:0.25000    A:0.18750    G:0.12500
Average         T:0.22917    C:0.34375    A:0.20833    G:0.21875

#31: Gerenuk        
position  1:    T:0.06250    C:0.40625    A:0.25000    G:0.28125
position  2:    T:0.18750    C:0.37500    A:0.18750    G:0.25000
position  3:    T:0.50000    C:0.21875    A:0.15625    G:0.12500
Average         T:0.25000    C:0.33333    A:0.19792    G:0.21875

#32: CommonEland    
position  1:    T:0.06250    C:0.40625    A:0.25000    G:0.28125
position  2:    T:0.18750    C:0.37500    A:0.18750    G:0.25000
position  3:    T:0.43750    C:0.25000    A:0.18750    G:0.12500
Average         T:0.22917    C:0.34375    A:0.20833    G:0.21875

#33: MuntiacusReevesi
position  1:    T:0.06250    C:0.40625    A:0.25000    G:0.28125
position  2:    T:0.15625    C:0.37500    A:0.18750    G:0.28125
position  3:    T:0.43750    C:0.25000    A:0.18750    G:0.12500
Average         T:0.21875    C:0.34375    A:0.20833    G:0.22917

#34: HarveysDuiker  
position  1:    T:0.06250    C:0.43750    A:0.21875    G:0.28125
position  2:    T:0.18750    C:0.37500    A:0.18750    G:0.25000
position  3:    T:0.43750    C:0.25000    A:0.18750    G:0.12500
Average         T:0.22917    C:0.35417    A:0.19792    G:0.21875

#35: Pronghorn      
position  1:    T:0.06250    C:0.37500    A:0.28125    G:0.28125
position  2:    T:0.18750    C:0.37500    A:0.18750    G:0.25000
position  3:    T:0.43750    C:0.25000    A:0.18750    G:0.12500
Average         T:0.22917    C:0.33333    A:0.21875    G:0.21875

#36: BlueWildebeest 
position  1:    T:0.09375    C:0.37500    A:0.25000    G:0.28125
position  2:    T:0.18750    C:0.37500    A:0.18750    G:0.25000
position  3:    T:0.43750    C:0.25000    A:0.18750    G:0.12500
Average         T:0.23958    C:0.33333    A:0.20833    G:0.21875

#37: Gemsbok        
position  1:    T:0.06250    C:0.40625    A:0.25000    G:0.28125
position  2:    T:0.18750    C:0.37500    A:0.18750    G:0.25000
position  3:    T:0.43750    C:0.25000    A:0.18750    G:0.12500
Average         T:0.22917    C:0.34375    A:0.20833    G:0.21875

#38: Yak            
position  1:    T:0.09375    C:0.37500    A:0.25000    G:0.28125
position  2:    T:0.18750    C:0.37500    A:0.18750    G:0.25000
position  3:    T:0.43750    C:0.25000    A:0.18750    G:0.12500
Average         T:0.23958    C:0.33333    A:0.20833    G:0.21875

#39: BlueSheep      
position  1:    T:0.06250    C:0.40625    A:0.25000    G:0.28125
position  2:    T:0.18750    C:0.37500    A:0.18750    G:0.25000
position  3:    T:0.43750    C:0.25000    A:0.18750    G:0.12500
Average         T:0.22917    C:0.34375    A:0.20833    G:0.21875

#40: BohorReedbuck  
position  1:    T:0.06250    C:0.40625    A:0.25000    G:0.28125
position  2:    T:0.18750    C:0.37500    A:0.18750    G:0.25000
position  3:    T:0.46875    C:0.25000    A:0.09375    G:0.18750
Average         T:0.23958    C:0.34375    A:0.17708    G:0.23958

#41: KirksDik       
position  1:    T:0.06250    C:0.40625    A:0.21875    G:0.31250
position  2:    T:0.18750    C:0.37500    A:0.18750    G:0.25000
position  3:    T:0.46875    C:0.21875    A:0.18750    G:0.12500
Average         T:0.23958    C:0.33333    A:0.19792    G:0.22917

#42: RoeDeer        
position  1:    T:0.06250    C:0.40625    A:0.28125    G:0.25000
position  2:    T:0.18750    C:0.37500    A:0.18750    G:0.25000
position  3:    T:0.43750    C:0.25000    A:0.18750    G:0.12500
Average         T:0.22917    C:0.34375    A:0.21875    G:0.20833

#43: WhiteLippedDeer
position  1:    T:0.06250    C:0.40625    A:0.28125    G:0.25000
position  2:    T:0.18750    C:0.37500    A:0.18750    G:0.25000
position  3:    T:0.43750    C:0.25000    A:0.18750    G:0.12500
Average         T:0.22917    C:0.34375    A:0.21875    G:0.20833

#44: ThomsonGazelle 
position  1:    T:0.06250    C:0.40625    A:0.25000    G:0.28125
position  2:    T:0.18750    C:0.37500    A:0.18750    G:0.25000
position  3:    T:0.50000    C:0.21875    A:0.12500    G:0.15625
Average         T:0.25000    C:0.33333    A:0.18750    G:0.22917

#45: MuntiacusCrinifrons
position  1:    T:0.06250    C:0.40625    A:0.25000    G:0.28125
position  2:    T:0.15625    C:0.37500    A:0.18750    G:0.28125
position  3:    T:0.43750    C:0.25000    A:0.18750    G:0.12500
Average         T:0.21875    C:0.34375    A:0.20833    G:0.22917

#46: WhiteTailedDeer
position  1:    T:0.06250    C:0.40625    A:0.28125    G:0.25000
position  2:    T:0.18750    C:0.37500    A:0.18750    G:0.25000
position  3:    T:0.43750    C:0.25000    A:0.18750    G:0.12500
Average         T:0.22917    C:0.34375    A:0.21875    G:0.20833

#47: Cattle         
position  1:    T:0.09375    C:0.37500    A:0.25000    G:0.28125
position  2:    T:0.18750    C:0.37500    A:0.18750    G:0.25000
position  3:    T:0.43750    C:0.25000    A:0.18750    G:0.12500
Average         T:0.23958    C:0.33333    A:0.20833    G:0.21875

#48: RoyalAntelope  
position  1:    T:0.06250    C:0.40625    A:0.25000    G:0.28125
position  2:    T:0.18750    C:0.37500    A:0.18750    G:0.25000
position  3:    T:0.43750    C:0.25000    A:0.18750    G:0.12500
Average         T:0.22917    C:0.34375    A:0.20833    G:0.21875

#49: Steenbok       
position  1:    T:0.06250    C:0.40625    A:0.25000    G:0.28125
position  2:    T:0.18750    C:0.34375    A:0.18750    G:0.28125
position  3:    T:0.46875    C:0.21875    A:0.18750    G:0.12500
Average         T:0.23958    C:0.32292    A:0.20833    G:0.22917

#50: Impala         
position  1:    T:0.06250    C:0.40625    A:0.25000    G:0.28125
position  2:    T:0.18750    C:0.37500    A:0.18750    G:0.25000
position  3:    T:0.43750    C:0.25000    A:0.18750    G:0.12500
Average         T:0.22917    C:0.34375    A:0.20833    G:0.21875

#51: Klipspringer   
position  1:    T:0.06250    C:0.40625    A:0.25000    G:0.28125
position  2:    T:0.18750    C:0.37500    A:0.15625    G:0.28125
