1
52 1
Argali 0.000000 0.283400 0.155700 0.317300 0.052500 0.003000 0.078100 0.090300 0.169900 0.144400 0.015300 0.109900 0.043300 0.061800 0.125900 0.082800 0.152700 0.143400 0.040400 0.167000 0.082900 0.027400 0.169000 0.157900 0.021400 0.079400 0.043300 0.166900 0.066200 0.168000 0.140400 0.065200 0.154700 0.052500 0.052700 0.096700 0.021500 0.074100 0.075100 0.175400 0.165100 0.076300 0.143600 0.151800 0.102900 0.064600 0.072500 0.107400 0.075500 0.134700 0.163800 0.176400
LesserMous 0.283400 0.000000 0.296000 0.201000 0.272300 0.286800 0.293500 0.297300 0.312400 0.268100 0.275600 0.244700 0.275400 0.272300 0.323800 0.286400 0.243700 0.237900 0.292800 0.309500 0.303100 0.273200 0.261500 0.272100 0.282400 0.294400 0.279000 0.313400 0.266400 0.319400 0.263500 0.269500 0.286000 0.281700 0.282500 0.260100 0.280000 0.270100 0.289600 0.291200 0.257300 0.283000 0.259700 0.266200 0.266800 0.263200 0.280600 0.267700 0.282200 0.253200 0.306100 0.315200
LesserKudu 0.155700 0.296000 0.000000 0.303900 0.150700 0.151900 0.164500 0.198200 0.028700 0.165100 0.145600 0.105700 0.145400 0.160800 0.187600 0.153800 0.181100 0.172000 0.160000 0.025900 0.171500 0.151300 0.193200 0.179000 0.148500 0.181900 0.152300 0.031700 0.164000 0.031800 0.161200 0.157900 0.193700 0.155000 0.158500 0.102700 0.152600 0.162700 0.170600 0.192600 0.189300 0.171500 0.164400 0.169600 0.108700 0.153000 0.170300 0.164000 0.173000 0.149700 0.023000 0.028600
KillerWhal 0.317300 0.201000 0.303900 0.000000 0.306200 0.320700 0.323600 0.343300 0.311800 0.283800 0.309500 0.280000 0.309500 0.295100 0.344000 0.316100 0.222100 0.227000 0.318600 0.308700 0.324700 0.307100 0.276700 0.283700 0.312600 0.328200 0.313000 0.316900 0.299300 0.306100 0.275500 0.303500 0.328000 0.307700 0.300300 0.292000 0.313800 0.307700 0.324200 0.302700 0.287900 0.316600 0.275300 0.281700 0.298800 0.304600 0.311000 0.322100 0.328300 0.264100 0.305400 0.311100
DefassaWat 0.052500 0.272300 0.150700 0.306200 0.000000 0.055500 0.074300 0.086200 0.157700 0.142700 0.036800 0.105500 0.052500 0.058200 0.111100 0.072300 0.127400 0.111800 0.059100 0.154800 0.078900 0.042700 0.160100 0.156400 0.042900 0.085400 0.052400 0.161800 0.062500 0.162700 0.138700 0.055200 0.142300 0.055300 0.061800 0.099100 0.043100 0.020800 0.067900 0.152400 0.156300 0.075700 0.141900 0.146500 0.105200 0.067200 0.062100 0.093200 0.078100 0.126600 0.151800 0.171200
Sheep 0.003000 0.286800 0.151900 0.320700 0.055500 0.000000 0.081200 0.093500 0.166000 0.147500 0.018300 0.113000 0.046400 0.064800 0.129100 0.085900 0.155800 0.146600 0.043400 0.163100 0.086000 0.030500 0.172200 0.161000 0.024400 0.082500 0.046300 0.163000 0.069400 0.164000 0.143500 0.068300 0.157800 0.055600 0.055700 0.096600 0.024500 0.077100 0.078200 0.178500 0.168300 0.079400 0.146700 0.155000 0.102700 0.067600 0.075600 0.110500 0.078600 0.137800 0.160000 0.172500
MaxwellsDu 0.078100 0.293500 0.164500 0.323600 0.074300 0.081200 0.000000 0.109800 0.178700 0.167400 0.062000 0.125500 0.065100 0.039300 0.131900 0.095300 0.154400 0.152200 0.081800 0.175900 0.092000 0.067900 0.185100 0.181400 0.068200 0.102100 0.071500 0.183000 0.078700 0.176900 0.156300 0.042600 0.170400 0.080800 0.081100 0.119000 0.068500 0.089400 0.098000 0.184500 0.181200 0.092200 0.159300 0.171400 0.125200 0.073200 0.091500 0.126600 0.094400 0.150400 0.172700 0.185300
GazellaPrz 0.090300 0.297300 0.198200 0.343300 0.086200 0.093500 0.109800 0.000000 0.206000 0.175400 0.073600 0.146100 0.087000 0.092600 0.156800 0.083200 0.176700 0.174600 0.097800 0.203100 0.083300 0.083000 0.201700 0.201400 0.080000 0.090000 0.086900 0.206600 0.069800 0.204300 0.175100 0.096300 0.164500 0.096500 0.096900 0.139500 0.080400 0.108500 0.079100 0.197300 0.197500 0.080000 0.174900 0.191000 0.145900 0.095200 0.072800 0.137200 0.114200 0.161400 0.199800 0.212800
MountainNy 0.169900 0.312400 0.028700 0.311800 0.157700 0.166000 0.178700 0.206000 0.000000 0.179000 0.159700 0.118700 0.159400 0.171600 0.202300 0.168100 0.188300 0.179200 0.167300 0.008500 0.182700 0.165300 0.200500 0.186100 0.162600 0.196600 0.166400 0.020100 0.178500 0.020200 0.171800 0.172100 0.215800 0.155100 0.165800 0.115700 0.166700 0.169700 0.185200 0.206900 0.210800 0.186100 0.178300 0.176700 0.121800 0.166900 0.177500 0.178100 0.187500 0.163300 0.011400 0.028600
MuntiacusM 0.144400 0.268100 0.165100 0.283800 0.142700 0.147500 0.167400 0.175400 0.179000 0.000000 0.134200 0.117100 0.137400 0.142700 0.190300 0.170600 0.128800 0.126400 0.155600 0.176200 0.167300 0.139900 0.065800 0.071900 0.137200 0.177700 0.137400 0.183200 0.159700 0.177200 0.014500 0.153500 0.156100 0.140100 0.140300 0.123800 0.141200 0.161700 0.166300 0.097200 0.068500 0.167200 0.011300 0.069200 0.129900 0.148600 0.158800 0.138600 0.165300 0.102500 0.173100 0.185500
goat 0.015300 0.275600 0.145600 0.309500 0.036800 0.018300 0.062000 0.073600 0.159700 0.134200 0.000000 0.100100 0.027600 0.046000 0.108900 0.066400 0.135800 0.126500 0.030900 0.156800 0.066500 0.012100 0.158600 0.140700 0.006000 0.069600 0.027600 0.156700 0.050100 0.157700 0.130300 0.049400 0.137100 0.036800 0.043200 0.087100 0.006100 0.058200 0.058600 0.157900 0.154800 0.059900 0.133500 0.138100 0.093200 0.055100 0.056300 0.090900 0.065800 0.118200 0.153600 0.166200
AfricanBuf 0.109900 0.244700 0.105700 0.280000 0.105500 0.113000 0.125500 0.146100 0.118700 0.117100 0.100100 0.000000 0.100100 0.115300 0.164800 0.124000 0.146100 0.137000 0.120600 0.115800 0.117400 0.105900 0.144000 0.137100 0.106300 0.124000 0.100000 0.122400 0.110400 0.116500 0.113500 0.112400 0.157300 0.102800 0.112900 0.041400 0.106800 0.117500 0.126800 0.150300 0.140400 0.120900 0.116600 0.121100 0.047300 0.108000 0.120000 0.111800 0.116400 0.105800 0.112800 0.124900
Topi 0.043300 0.275400 0.145400 0.309500 0.052500 0.046400 0.065100 0.087000 0.159400 0.137400 0.027600 0.100100 0.000000 0.055400 0.119000 0.079500 0.142500 0.133300 0.046700 0.149700 0.073000 0.033600 0.161900 0.137100 0.033800 0.086200 0.006000 0.163600 0.063000 0.157400 0.133500 0.058800 0.147300 0.015100 0.040000 0.100100 0.033900 0.074100 0.062000 0.154300 0.158100 0.076300 0.136700 0.134500 0.106300 0.058200 0.069200 0.097500 0.065700 0.118000 0.153300 0.165900
CommonDuik 0.061800 0.272300 0.160800 0.295100 0.058200 0.064800 0.039300 0.092600 0.171600 0.142700 0.046000 0.115300 0.055400 0.000000 0.121300 0.085100 0.130800 0.135200 0.065300 0.168700 0.085200 0.051900 0.159900 0.156300 0.052100 0.091800 0.055400 0.175800 0.068700 0.169700 0.132000 0.027100 0.152700 0.064600 0.058400 0.108800 0.052400 0.073200 0.081000 0.159400 0.156200 0.082000 0.135000 0.146600 0.114900 0.070100 0.074900 0.109500 0.081000 0.133200 0.165600 0.181400
Suni 0.125900 0.323800 0.187600 0.344000 0.111100 0.129100 0.131900 0.156800 0.202300 0.190300 0.108900 0.164800 0.119000 0.121300 0.000000 0.134000 0.169900 0.175000 0.137200 0.199500 0.141200 0.118300 0.216600 0.208900 0.115300 0.140700 0.125900 0.199400 0.130300 0.200600 0.186200 0.125200 0.209600 0.135500 0.125500 0.161500 0.115800 0.126700 0.121700 0.211900 0.216300 0.133800 0.189500 0.198000 0.167900 0.137400 0.122500 0.116900 0.147200 0.162100 0.196300 0.201700
Springbuck 0.082800 0.286400 0.153800 0.316100 0.072300 0.085900 0.095300 0.083200 0.168100 0.170600 0.066400 0.124000 0.079500 0.085100 0.134000 0.000000 0.175000 0.165700 0.083400 0.165200 0.062800 0.075700 0.177900 0.184900 0.072600 0.048800 0.079400 0.161400 0.037000 0.166100 0.166300 0.082200 0.181400 0.088900 0.096000 0.124500 0.073000 0.094300 0.065100 0.195300 0.181100 0.040400 0.169600 0.174700 0.130800 0.094400 0.065600 0.128900 0.106300 0.146300 0.162000 0.174700
Okapi 0.152700 0.243700 0.181100 0.222100 0.127400 0.155800 0.154400 0.176700 0.188300 0.128800 0.135800 0.146100 0.142500 0.130800 0.169900 0.175000 0.000000 0.025900 0.157100 0.185500 0.157700 0.138200 0.138700 0.142000 0.138700 0.182300 0.145800 0.185400 0.150400 0.186500 0.122000 0.141300 0.162300 0.141700 0.148700 0.146100 0.142600 0.126100 0.156600 0.155600 0.141900 0.164700 0.118500 0.139300 0.152300 0.160500 0.156500 0.153900 0.162700 0.123700 0.182300 0.191500
Giraffe 0.143400 0.237900 0.172000 0.227000 0.111800 0.146600 0.152200 0.174600 0.179200 0.126400 0.126500 0.137000 0.133300 0.135200 0.175000 0.165700 0.025900 0.000000 0.147700 0.176400 0.155500 0.132300 0.143200 0.139800 0.129500 0.172900 0.136600 0.176300 0.148200 0.177300 0.119600 0.139000 0.160200 0.132600 0.146500 0.137100 0.133400 0.117200 0.154400 0.150000 0.146500 0.155400 0.122700 0.137100 0.143200 0.151400 0.154300 0.151600 0.156900 0.124500 0.173200 0.185700
TibetanAnt 0.040400 0.292800 0.160000 0.318600 0.059100 0.043400 0.081800 0.097800 0.167300 0.155600 0.030900 0.120600 0.046700 0.065300 0.137200 0.083400 0.157100 0.147700 0.000000 0.164500 0.086900 0.036900 0.166500 0.162200 0.037100 0.086700 0.046700 0.171600 0.066700 0.165400 0.148100 0.068800 0.162600 0.049600 0.062600 0.114000 0.037300 0.080900 0.075600 0.179900 0.162600 0.076800 0.154700 0.159600 0.120200 0.074500 0.079600 0.111300 0.085800 0.138800 0.157700 0.173900
Sitatunga 0.167000 0.309500 0.025900 0.308700 0.154800 0.163100 0.175900 0.203100 0.008500 0.176200 0.156800 0.115800 0.149700 0.168700 0.199500 0.165200 0.185500 0.176400 0.164500 0.000000 0.179800 0.162400 0.197700 0.183300 0.159700 0.193800 0.156700 0.017200 0.175600 0.017300 0.169000 0.169200 0.213000 0.145500 0.156100 0.112900 0.163900 0.166900 0.182400 0.204100 0.208000 0.183200 0.175500 0.173800 0.118900 0.164000 0.181900 0.175200 0.184600 0.160400 0.008600 0.025500
Oribi 0.082900 0.303100 0.171500 0.324700 0.078900 0.086000 0.092000 0.083300 0.182700 0.167300 0.066500 0.117400 0.073000 0.085200 0.141200 0.062800 0.157700 0.155500 0.086900 0.179800 0.000000 0.075800 0.185200 0.181500 0.066100 0.062800 0.073000 0.183200 0.049900 0.180800 0.159200 0.088900 0.170800 0.079100 0.089400 0.131500 0.073100 0.101000 0.058500 0.191900 0.181200 0.059700 0.166300 0.171300 0.137800 0.094600 0.059200 0.129100 0.092900 0.150000 0.176600 0.189400
BarbaryShe 0.027400 0.273200 0.151300 0.307100 0.042700 0.030500 0.067900 0.083000 0.165300 0.139900 0.012100 0.105900 0.033600 0.051900 0.118300 0.075700 0.138200 0.132300 0.036900 0.162400 0.075800 0.000000 0.164300 0.146400 0.018100 0.078900 0.033600 0.169500 0.059400 0.163300 0.136000 0.055200 0.142900 0.042700 0.049100 0.099400 0.018200 0.064100 0.068000 0.149600 0.153500 0.069200 0.139200 0.143800 0.105600 0.061000 0.065500 0.096700 0.065200 0.117200 0.159300 0.164800
Daviddeer 0.169000 0.261500 0.193200 0.276700 0.160100 0.172200 0.185100 0.201700 0.200500 0.065800 0.158600 0.144000 0.161900 0.159900 0.216600 0.177900 0.138700 0.143200 0.166500 0.197700 0.185200 0.164300 0.000000 0.084700 0.161600 0.192400 0.161800 0.204900 0.174000 0.198800 0.062600 0.164000 0.174700 0.164500 0.172000 0.150900 0.165800 0.172100 0.188100 0.110300 0.014500 0.181700 0.059400 0.075600 0.157200 0.166000 0.180200 0.170100 0.190500 0.125300 0.194500 0.207100
Reindeer 0.157900 0.272100 0.179000 0.283700 0.156400 0.161000 0.181400 0.201400 0.186100 0.071900 0.140700 0.137100 0.137100 0.156300 0.208900 0.184900 0.142000 0.139800 0.162200 0.183300 0.181500 0.146400 0.084700 0.000000 0.143700 0.192200 0.137100 0.190400 0.173800 0.176800 0.068600 0.167300 0.174300 0.139800 0.160900 0.137300 0.144300 0.175700 0.173400 0.071800 0.094100 0.174300 0.071600 0.017500 0.143500 0.162300 0.180300 0.159400 0.179400 0.121900 0.180200 0.192600
Ibex 0.021400 0.282400 0.148500 0.312600 0.042900 0.024400 0.068200 0.080000 0.162600 0.137200 0.006000 0.106300 0.033800 0.052100 0.115300 0.072600 0.138700 0.129500 0.037100 0.159700 0.066100 0.018100 0.161600 0.143700 0.000000 0.075900 0.033700 0.159700 0.056300 0.160600 0.133200 0.055500 0.140100 0.042900 0.049400 0.093200 0.012100 0.064300 0.065000 0.160900 0.157800 0.066200 0.136400 0.141000 0.099400 0.061200 0.062500 0.097100 0.072000 0.121100 0.156600 0.169100
GyrantGaze 0.079400 0.294400 0.181900 0.328200 0.085400 0.082500 0.102100 0.090000 0.196600 0.177700 0.069600 0.124000 0.086200 0.091800 0.140700 0.048800 0.182300 0.172900 0.086700 0.193800 0.062800 0.078900 0.192400 0.192200 0.075900 0.000000 0.086100 0.197200 0.043300 0.194900 0.173400 0.095500 0.188900 0.095600 0.096000 0.131300 0.076200 0.107600 0.065000 0.202700 0.188300 0.018400 0.176700 0.178300 0.137600 0.094500 0.065600 0.135500 0.099400 0.160300 0.190500 0.203400
Hartebeest 0.043300 0.279000 0.152300 0.313000 0.052400 0.046300 0.071500 0.086900 0.166400 0.137400 0.027600 0.100000 0.006000 0.055400 0.125900 0.079400 0.145800 0.136600 0.046700 0.156700 0.073000 0.033600 0.161800 0.137100 0.033700 0.086100 0.000000 0.170600 0.063000 0.164500 0.133400 0.058800 0.147300 0.015100 0.040000 0.100100 0.033900 0.074000 0.062000 0.154200 0.158000 0.076300 0.136600 0.134400 0.106300 0.064500 0.069200 0.097400 0.068900 0.117900 0.160400 0.173000
Bongo 0.166900 0.313400 0.031700 0.316900 0.161800 0.163000 0.183000 0.206600 0.020100 0.183200 0.156700 0.122400 0.163600 0.175800 0.199400 0.161400 0.185400 0.176300 0.171600 0.017200 0.183200 0.169500 0.204900 0.190400 0.159700 0.197200 0.170600 0.000000 0.178900 0.023200 0.175900 0.176300 0.220400 0.166300 0.169900 0.112800 0.163800 0.173800 0.185800 0.211300 0.215200 0.186600 0.182400 0.180900 0.118900 0.171000 0.185300 0.182300 0.191900 0.167200 0.014400 0.025800
Gerenuk 0.066200 0.266400 0.164000 0.299300 0.062500 0.069400 0.078700 0.069800 0.178500 0.159700 0.050100 0.110400 0.063000 0.068700 0.130300 0.037000 0.150400 0.148200 0.066700 0.175600 0.049900 0.059400 0.174000 0.173800 0.056300 0.043300 0.063000 0.178900 0.000000 0.169200 0.155500 0.072200 0.162900 0.072400 0.079200 0.114200 0.056600 0.084300 0.052000 0.184100 0.170100 0.034000 0.158800 0.163700 0.120500 0.078000 0.052700 0.118500 0.089400 0.142700 0.172400 0.185100
CommonElan 0.168000 0.319400 0.031800 0.306100 0.162700 0.164000 0.176900 0.204300 0.020200 0.177200 0.157700 0.116500 0.157400 0.169700 0.200600 0.166100 0.186500 0.177300 0.165400 0.017300 0.180800 0.163300 0.198800 0.176800 0.160600 0.194900 0.164500 0.023200 0.169200 0.000000 0.169900 0.170200 0.214200 0.160200 0.163800 0.113500 0.164800 0.174900 0.183400 0.197500 0.209200 0.184300 0.176400 0.167300 0.119500 0.164900 0.183000 0.176200 0.185700 0.161300 0.014400 0.030700
MuntiacusR 0.140400 0.263500 0.161200 0.275500 0.138700 0.143500 0.156300 0.175100 0.171800 0.014500 0.130300 0.113500 0.133500 0.132000 0.186200 0.166300 0.122000 0.119600 0.148100 0.169000 0.159200 0.136000 0.062600 0.068600 0.133200 0.173400 0.133400 0.175900 0.155500 0.169900 0.000000 0.142600 0.156200 0.132800 0.136400 0.120200 0.137200 0.157600 0.162000 0.093800 0.065500 0.163000 0.014400 0.065900 0.126300 0.144600 0.154600 0.141800 0.161100 0.105500 0.165800 0.178200
HarveysDui 0.065200 0.269500 0.157900 0.303500 0.055200 0.068300 0.042600 0.096300 0.172100 0.153500 0.049400 0.112400 0.058800 0.027100 0.125200 0.082200 0.141300 0.139000 0.068800 0.169200 0.088900 0.055200 0.164000 0.167300 0.055500 0.095500 0.058800 0.176300 0.072200 0.170200 0.142600 0.000000 0.163800 0.068000 0.068200 0.112500 0.055700 0.057700 0.084600 0.170500 0.160200 0.085600 0.145600 0.157500 0.118700 0.067200 0.078400 0.113200 0.084600 0.137000 0.166000 0.178600
Pronghorn 0.154700 0.286000 0.193700 0.328000 0.142300 0.157800 0.170400 0.164500 0.215800 0.156100 0.137100 0.157300 0.147300 0.152700 0.209600 0.181400 0.162300 0.160200 0.162600 0.213000 0.170800 0.142900 0.174700 0.174300 0.140100 0.188900 0.147300 0.220400 0.162900 0.214200 0.156200 0.163800 0.000000 0.157000 0.164700 0.164500 0.144200 0.158200 0.165900 0.185000 0.163800 0.178100 0.156100 0.160900 0.170900 0.147900 0.169500 0.159100 0.168800 0.161600 0.202400 0.207800
BlueWildeb 0.052500 0.281700 0.155000 0.307700 0.055300 0.055600 0.080800 0.096500 0.155100 0.140100 0.036800 0.102800 0.015100 0.064600 0.135500 0.088900 0.141700 0.132600 0.049600 0.145500 0.079100 0.042700 0.164500 0.139800 0.042900 0.095600 0.015100 0.166300 0.072400 0.160200 0.132800 0.068000 0.157000 0.000000 0.049200 0.102900 0.043100 0.076800 0.071500 0.156900 0.160700 0.085800 0.139300 0.137200 0.109100 0.073700 0.078600 0.106800 0.078200 0.120600 0.156100 0.168600
Gemsbok 0.052700 0.282500 0.158500 0.300300 0.061800 0.055700 0.081100 0.096900 0.165800 0.140300 0.043200 0.112900 0.040000 0.058400 0.125500 0.096000 0.148700 0.146500 0.062600 0.156100 0.089400 0.049100 0.172000 0.160900 0.049400 0.096000 0.040000 0.169900 0.079200 0.163800 0.136400 0.068200 0.164700 0.049200 0.000000 0.106400 0.049600 0.083400 0.078100 0.171400 0.168200 0.092800 0.139600 0.154900 0.112600 0.073900 0.078800 0.107100 0.085100 0.137700 0.159700 0.165200
Yak 0.096700 0.260100 0.102700 0.292000 0.099100 0.096600 0.119000 0.139500 0.115700 0.123800 0.087100 0.041400 0.100100 0.108800 0.161500 0.124500 0.146100 0.137100 0.114000 0.112900 0.131500 0.099400 0.150900 0.137300 0.093200 0.131300 0.100100 0.112800 0.114200 0.113500 0.120200 0.112500 0.164500 0.102900 0.106400 0.000000 0.093600 0.117600 0.127100 0.157300 0.147300 0.121300 0.123300 0.121300 0.005700 0.108100 0.120500 0.118500 0.123300 0.112400 0.109800 0.121900
BlueSheep 0.021500 0.280000 0.152600 0.313800 0.043100 0.024500 0.068500 0.080400 0.166700 0.141200 0.006100 0.106800 0.033900 0.052400 0.115800 0.073000 0.142600 0.133400 0.037300 0.163900 0.073100 0.018200 0.165800 0.144300 0.012100 0.076200 0.033900 0.163800 0.056600 0.164800 0.137200 0.055700 0.144200 0.043100 0.049600 0.093600 0.000000 0.064600 0.065300 0.165000 0.161900 0.066500 0.140400 0.145100 0.099800 0.061500 0.062800 0.097600 0.072300 0.124900 0.160700 0.173300
BohorReedb 0.074100 0.270100 0.162700 0.307700 0.020800 0.077100 0.089400 0.108500 0.169700 0.161700 0.058200 0.117500 0.074100 0.073200 0.126700 0.094300 0.126100 0.117200 0.080900 0.166900 0.101000 0.064100 0.172100 0.175700 0.064300 0.107600 0.074000 0.173800 0.084300 0.174900 0.157600 0.057700 0.158200 0.076800 0.083400 0.117600 0.064600 0.000000 0.090000 0.164500 0.168300 0.097800 0.153800 0.165600 0.117000 0.076000 0.083900 0.108400 0.093400 0.145200 0.163900 0.179800
KirksDik 0.075100 0.289600 0.170600 0.324200 0.067900 0.078200 0.098000 0.079100 0.185200 0.166300 0.058600 0.126800 0.062000 0.081000 0.121700 0.065100 0.156600 0.154400 0.075600 0.182400 0.058500 0.068000 0.188100 0.173400 0.065000 0.065000 0.062000 0.185800 0.052000 0.183400 0.162000 0.084600 0.165900 0.071500 0.078100 0.127100 0.065300 0.090000 0.000000 0.183800 0.184100 0.058400 0.165400 0.163000 0.133400 0.083700 0.048500 0.110700 0.095300 0.149100 0.179100 0.192000
RoeDeer 0.175400 0.291200 0.192600 0.302700 0.152400 0.178500 0.184500 0.197300 0.206900 0.097200 0.157900 0.150300 0.154300 0.159400 0.211900 0.195300 0.155600 0.150000 0.179900 0.204100 0.191900 0.149600 0.110300 0.071800 0.160900 0.202700 0.154200 0.211300 0.184100 0.197500 0.093800 0.170500 0.185000 0.156900 0.171400 0.157300 0.165000 0.164500 0.183800 0.000000 0.113400 0.184600 0.096800 0.065900 0.163500 0.172100 0.190500 0.169200 0.171500 0.137900 0.200900 0.202900
WhiteLippe 0.165100 0.257300 0.189300 0.287900 0.156300 0.168300 0.181200 0.197500 0.210800 0.068500 0.154800 0.140400 0.158100 0.156200 0.216300 0.181100 0.141900 0.146500 0.162600 0.208000 0.181200 0.153500 0.014500 0.094100 0.157800 0.188300 0.158000 0.215200 0.170100 0.209200 0.065500 0.160200 0.163800 0.160700 0.168200 0.147300 0.161900 0.168300 0.184100 0.113400 0.000000 0.177800 0.062100 0.085000 0.153500 0.162200 0.176300 0.166300 0.186500 0.135000 0.204800 0.217400
ThomsonGaz 0.076300 0.283000 0.171500 0.316600 0.075700 0.079400 0.092200 0.080000 0.186100 0.167200 0.059900 0.120900 0.076300 0.082000 0.133800 0.040400 0.164700 0.155400 0.076800 0.183200 0.059700 0.069200 0.181700 0.174300 0.066200 0.018400 0.076300 0.186600 0.034000 0.184300 0.163000 0.085600 0.178100 0.085800 0.092800 0.121300 0.066500 0.097800 0.058400 0.184600 0.177800 0.000000 0.166300 0.164100 0.127600 0.091300 0.062600 0.121900 0.096300 0.143200 0.180000 0.192800
MuntiacusC 0.143600 0.259700 0.164400 0.275300 0.141900 0.146700 0.159300 0.174900 0.178300 0.011300 0.133500 0.116600 0.136700 0.135000 0.189500 0.169600 0.118500 0.122700 0.154700 0.175500 0.166300 0.139200 0.059400 0.071600 0.136400 0.176700 0.136600 0.182400 0.158800 0.176400 0.014400 0.145600 0.156100 0.139300 0.139600 0.123300 0.140400 0.153800 0.165400 0.096800 0.062100 0.166300 0.000000 0.068900 0.129400 0.147800 0.157900 0.144900 0.164300 0.108500 0.172300 0.184700
WhiteTaile 0.151800 0.266200 0.169600 0.281700 0.146500 0.155000 0.171400 0.191000 0.176700 0.069200 0.138100 0.121100 0.134500 0.146600 0.198000 0.174700 0.139300 0.137100 0.159600 0.173800 0.171300 0.143800 0.075600 0.017500 0.141000 0.178300 0.134400 0.180900 0.163700 0.167300 0.065900 0.157500 0.160900 0.137200 0.154900 0.121300 0.145100 0.165600 0.163000 0.065900 0.085000 0.164100 0.068900 0.000000 0.127500 0.149200 0.170100 0.152700 0.169300 0.119200 0.170700 0.183200
Cattle 0.102900 0.266800 0.108700 0.298800 0.105200 0.102700 0.125200 0.145900 0.121800 0.129900 0.093200 0.047300 0.106300 0.114900 0.167900 0.130800 0.152300 0.143200 0.120200 0.118900 0.137800 0.105600 0.157200 0.143500 0.099400 0.137600 0.106300 0.118900 0.120500 0.119500 0.126300 0.118700 0.170900 0.109100 0.112600 0.005700 0.099800 0.117000 0.133400 0.163500 0.153500 0.127600 0.129400 0.127500 0.000000 0.114200 0.126700 0.124700 0.129500 0.118400 0.115900 0.127900
RoyalAntel 0.064600 0.263200 0.153000 0.304600 0.067200 0.067600 0.073200 0.095200 0.166900 0.148600 0.055100 0.108000 0.058200 0.070100 0.137400 0.094400 0.160500 0.151400 0.074500 0.164000 0.094600 0.061000 0.166000 0.162300 0.061200 0.094500 0.064500 0.171000 0.078000 0.164900 0.144600 0.067200 0.147900 0.073700 0.073900 0.108100 0.061500 0.076000 0.083700 0.172100 0.162200 0.091300 0.147800 0.149200 0.114200 0.000000 0.084100 0.112100 0.077200 0.125900 0.160900 0.169900
Steenbok 0.072500 0.280600 0.170300 0.311000 0.062100 0.075600 0.091500 0.072800 0.177500 0.158800 0.056300 0.120000 0.069200 0.074900 0.122500 0.065600 0.156500 0.154300 0.079600 0.181900 0.059200 0.065500 0.180200 0.180300 0.062500 0.065600 0.069200 0.185300 0.052700 0.183000 0.154600 0.078400 0.169500 0.078600 0.078800 0.120500 0.062800 0.083900 0.048500 0.190500 0.176300 0.062600 0.157900 0.170100 0.126700 0.084100 0.000000 0.114600 0.088900 0.149000 0.178700 0.191500
Impala 0.107400 0.267700 0.164000 0.322100 0.093200 0.110500 0.126600 0.137200 0.178100 0.138600 0.090900 0.111800 0.097500 0.109500 0.116900 0.128900 0.153900 0.151600 0.111300 0.175200 0.129100 0.096700 0.170100 0.159400 0.097100 0.135500 0.097400 0.182300 0.118500 0.176200 0.141800 0.113200 0.159100 0.106800 0.107100 0.118500 0.097600 0.108400 0.110700 0.169200 0.166300 0.121900 0.144900 0.152700 0.124700 0.112100 0.114600 0.000000 0.110700 0.116300 0.172000 0.181200
Klipspring 0.075500 0.282200 0.173000 0.328300 0.078100 0.078600 0.094400 0.114200 0.187500 0.165300 0.065800 0.116400 0.065700 0.081000 0.147200 0.106300 0.162700 0.156900 0.085800 0.184600 0.092900 0.065200 0.190500 0.179400 0.072000 0.099400 0.068900 0.191900 0.089400 0.185700 0.161100 0.084600 0.168800 0.078200 0.085100 0.123300 0.072300 0.093400 0.095300 0.171500 0.186500 0.096300 0.164300 0.169300 0.129500 0.077200 0.088900 0.110700 0.000000 0.141400 0.181400 0.183400
ForestMusk 0.134700 0.253200 0.149700 0.264100 0.126600 0.137800 0.150400 0.161400 0.163300 0.102500 0.118200 0.105800 0.118000 0.133200 0.162100 0.146300 0.123700 0.124500 0.138800 0.160400 0.150000 0.117200 0.125300 0.121900 0.121100 0.160300 0.117900 0.167200 0.142700 0.161300 0.105500 0.137000 0.161600 0.120600 0.137700 0.112400 0.124900 0.145200 0.149100 0.137900 0.135000 0.143200 0.108500 0.119200 0.118400 0.125900 0.149000 0.116300 0.141400 0.000000 0.157300 0.162800
Bushbuck 0.163800 0.306100 0.023000 0.305400 0.151800 0.160000 0.172700 0.199800 0.011400 0.173100 0.153600 0.112800 0.153300 0.165600 0.196300 0.162000 0.182300 0.173200 0.157700 0.008600 0.176600 0.159300 0.194500 0.180200 0.156600 0.190500 0.160400 0.014400 0.172400 0.014400 0.165800 0.166000 0.202400 0.156100 0.159700 0.109800 0.160700 0.163900 0.179100 0.200900 0.204800 0.180000 0.172300 0.170700 0.115900 0.160900 0.178700 0.172000 0.181400 0.157300 0.000000 0.023000
GreaterKud 0.176400 0.315200 0.028600 0.311100 0.171200 0.172500 0.185300 0.212800 0.028600 0.185500 0.166200 0.124900 0.165900 0.181400 0.201700 0.174700 0.191500 0.185700 0.173900 0.025500 0.189400 0.164800 0.207100 0.192600 0.169100 0.203400 0.173000 0.025800 0.185100 0.030700 0.178200 0.178600 0.207800 0.168600 0.165200 0.121900 0.173300 0.179800 0.192000 0.202900 0.217400 0.192800 0.184700 0.183200 0.127900 0.169900 0.191500 0.181200 0.183400 0.162800 0.023000 0.000000
