1
52 1
Argali 0.000000 0.295800 0.102600 0.236600 0.102400 0.000000 0.032600 0.066600 0.085000 0.139400 0.000000 0.049800 0.032700 0.049500 0.032600 0.066700 0.084900 0.140900 0.016000 0.085000 0.032900 0.016100 0.085400 0.102500 0.016100 0.049500 0.066800 0.102600 0.049500 0.085000 0.121300 0.101600 0.121200 0.066800 0.016200 0.086100 0.032900 0.121000 0.206200 0.085000 0.084700 0.049500 0.139400 0.102500 0.067800 0.067500 0.084700 0.032800 0.049600 0.050100 0.085000 0.103100
LesserMous 0.295800 0.000000 0.295800 0.311800 0.271700 0.295800 0.342400 0.316300 0.275500 0.396800 0.295800 0.229700 0.250200 0.319300 0.293500 0.365900 0.346700 0.377200 0.318400 0.275500 0.320200 0.317400 0.348900 0.347000 0.271100 0.342200 0.250600 0.296800 0.342200 0.275500 0.374400 0.392900 0.253000 0.250600 0.271200 0.281700 0.296600 0.345500 0.539600 0.324600 0.323400 0.342200 0.396800 0.347300 0.255700 0.348500 0.393900 0.296700 0.295600 0.276900 0.275500 0.299500
LesserKudu 0.102600 0.295800 0.000000 0.258700 0.139200 0.102600 0.138400 0.120000 0.016000 0.178600 0.102600 0.049700 0.066800 0.120200 0.101700 0.158000 0.140600 0.160800 0.120500 0.016000 0.120900 0.120600 0.160500 0.139900 0.084400 0.138800 0.066700 0.032600 0.138800 0.016100 0.159700 0.176600 0.140300 0.066700 0.085000 0.086000 0.102800 0.159100 0.317400 0.121900 0.121500 0.138800 0.178600 0.140000 0.067900 0.140700 0.178200 0.102800 0.102300 0.085200 0.016200 0.032700
KillerWhal 0.236600 0.311800 0.258700 0.000000 0.196000 0.236600 0.236000 0.212900 0.238800 0.323900 0.236600 0.196400 0.196000 0.216100 0.195300 0.253400 0.256100 0.278900 0.257200 0.238800 0.213900 0.257000 0.304500 0.237500 0.215600 0.232600 0.216000 0.217700 0.232600 0.238800 0.302800 0.278400 0.255400 0.216000 0.215500 0.241500 0.237400 0.258200 0.432600 0.259600 0.258900 0.232600 0.323900 0.237700 0.219100 0.282800 0.275500 0.237400 0.232900 0.218800 0.238800 0.260600
DefassaWat 0.102400 0.271700 0.139200 0.196000 0.000000 0.102400 0.101600 0.083900 0.121100 0.218600 0.102400 0.084300 0.101900 0.084100 0.066400 0.120300 0.140400 0.200600 0.120400 0.121100 0.084600 0.120400 0.160300 0.178200 0.084300 0.102000 0.101800 0.139300 0.102000 0.121100 0.199100 0.138200 0.178700 0.101800 0.083900 0.122600 0.102600 0.049200 0.271600 0.159600 0.159100 0.102000 0.218600 0.178400 0.103700 0.140500 0.139600 0.102600 0.102200 0.121400 0.121100 0.140000
Sheep 0.000000 0.295800 0.102600 0.236600 0.102400 0.000000 0.032600 0.066600 0.085000 0.139400 0.000000 0.049800 0.032700 0.049500 0.032600 0.066700 0.084900 0.140900 0.016100 0.085000 0.032900 0.016100 0.085400 0.102500 0.015900 0.049500 0.066800 0.102600 0.049500 0.085000 0.121300 0.101600 0.121200 0.066800 0.016200 0.086100 0.032900 0.121000 0.206200 0.085000 0.084700 0.049500 0.139400 0.102500 0.067800 0.067500 0.084700 0.032800 0.049600 0.050100 0.085000 0.103100
MaxwellsDu 0.032600 0.342400 0.138400 0.236000 0.101600 0.032600 0.000000 0.066100 0.120500 0.176700 0.032600 0.083800 0.066100 0.049200 0.032100 0.066400 0.120700 0.179000 0.049300 0.120400 0.032700 0.049300 0.121100 0.138600 0.049200 0.049300 0.101200 0.138500 0.049300 0.120500 0.158100 0.101000 0.158600 0.101200 0.048900 0.121900 0.066600 0.120600 0.164600 0.120600 0.120400 0.049300 0.176700 0.138700 0.103100 0.102400 0.084200 0.066600 0.083800 0.084400 0.120500 0.139300
GazellaPrz 0.066600 0.316300 0.120000 0.212900 0.083900 0.066600 0.066100 0.000000 0.102200 0.177100 0.066600 0.066400 0.066300 0.049100 0.032400 0.048900 0.101500 0.157600 0.083800 0.102200 0.032400 0.083900 0.121300 0.138700 0.049400 0.048700 0.082500 0.120000 0.048700 0.102200 0.158400 0.101000 0.137500 0.083500 0.049200 0.103200 0.066800 0.102100 0.201600 0.120800 0.120400 0.048700 0.177100 0.138900 0.085000 0.102600 0.049000 0.066700 0.048800 0.084500 0.102200 0.120500
MountainNy 0.085000 0.275500 0.016000 0.238800 0.121100 0.085000 0.120500 0.102200 0.000000 0.159900 0.085000 0.033000 0.049800 0.102500 0.084200 0.139600 0.122200 0.142100 0.102800 0.000000 0.103100 0.102800 0.141900 0.121900 0.067100 0.120800 0.048800 0.016200 0.120800 0.000000 0.141300 0.158000 0.122200 0.049800 0.066900 0.068500 0.085200 0.140800 0.296500 0.103900 0.103700 0.120800 0.159900 0.121900 0.050700 0.122400 0.159500 0.085200 0.084800 0.067800 0.000000 0.016000
MuntiacusM 0.139400 0.396800 0.178600 0.323900 0.218600 0.139400 0.176700 0.177100 0.159900 0.000000 0.139400 0.121200 0.102400 0.158000 0.138500 0.217100 0.199700 0.141100 0.157800 0.159900 0.178200 0.158000 0.122200 0.102700 0.120400 0.197000 0.139400 0.178700 0.197000 0.159900 0.016300 0.216600 0.199800 0.139400 0.120300 0.124000 0.139700 0.239700 0.365400 0.085200 0.084800 0.197000 0.000000 0.102700 0.141900 0.159800 0.239600 0.139700 0.121000 0.103400 0.159900 0.179600
goat 0.000000 0.295800 0.102600 0.236600 0.102400 0.000000 0.032600 0.066600 0.085000 0.139400 0.000000 0.049800 0.032700 0.049500 0.032600 0.066700 0.084900 0.140900 0.016100 0.085000 0.032900 0.016100 0.085400 0.102500 0.015900 0.049500 0.066800 0.102600 0.049500 0.085000 0.121300 0.101600 0.121200 0.066800 0.016200 0.086100 0.032900 0.121000 0.206200 0.085000 0.084700 0.049500 0.139400 0.102500 0.067800 0.067500 0.084700 0.032800 0.049600 0.050100 0.085000 0.103100
AfricanBuf 0.049800 0.229700 0.049700 0.196400 0.084300 0.049800 0.083800 0.066400 0.033000 0.121200 0.049800 0.000000 0.016000 0.066600 0.049000 0.102000 0.085000 0.103800 0.066800 0.033000 0.067000 0.066800 0.103800 0.084900 0.032700 0.084100 0.016100 0.049700 0.084100 0.033000 0.103300 0.119600 0.085100 0.016100 0.032200 0.033400 0.049900 0.102800 0.249800 0.067600 0.067400 0.084100 0.121200 0.085000 0.016500 0.085100 0.120900 0.049800 0.049700 0.033100 0.033000 0.050000
Topi 0.032700 0.250200 0.066800 0.196000 0.101900 0.032700 0.066100 0.066300 0.049800 0.102400 0.032700 0.016000 0.000000 0.049300 0.032300 0.101800 0.084800 0.103500 0.049400 0.049800 0.066900 0.049500 0.085300 0.067000 0.016200 0.083900 0.032600 0.066800 0.083900 0.049800 0.084900 0.101100 0.084900 0.032600 0.016000 0.050400 0.032800 0.120800 0.248900 0.050000 0.049800 0.083900 0.102400 0.067000 0.033200 0.067200 0.120600 0.032800 0.049500 0.016100 0.049800 0.067100
CommonDuik 0.049500 0.319300 0.120200 0.216100 0.084100 0.049500 0.049200 0.049100 0.102500 0.158000 0.049500 0.066600 0.049300 0.000000 0.016100 0.084000 0.102800 0.160000 0.066500 0.102500 0.049700 0.066500 0.067400 0.120500 0.032600 0.066500 0.083800 0.120300 0.066500 0.102500 0.139700 0.083500 0.139800 0.083800 0.032500 0.103700 0.049600 0.102600 0.184900 0.102800 0.102500 0.066500 0.158000 0.120600 0.085300 0.084500 0.102400 0.049600 0.066600 0.067000 0.102500 0.120900
Suni 0.032600 0.293500 0.101700 0.195300 0.066400 0.032600 0.032100 0.032400 0.084200 0.138500 0.032600 0.049000 0.032300 0.016100 0.000000 0.066300 0.084500 0.140100 0.049200 0.084200 0.032700 0.049300 0.084800 0.101800 0.016100 0.049200 0.066100 0.101800 0.049200 0.084200 0.120400 0.065900 0.120400 0.066100 0.016000 0.085200 0.032700 0.084300 0.204600 0.084400 0.084200 0.049200 0.138500 0.101900 0.067300 0.066900 0.084100 0.032600 0.049300 0.049600 0.084200 0.102200
Springbuck 0.066700 0.365900 0.158000 0.253400 0.120300 0.066700 0.066400 0.048900 0.139600 0.217100 0.066700 0.102000 0.101800 0.084000 0.066300 0.000000 0.138000 0.196900 0.083900 0.139600 0.032300 0.084000 0.159500 0.177200 0.083900 0.015900 0.119800 0.158100 0.015700 0.139600 0.197900 0.138000 0.175800 0.119800 0.083800 0.141300 0.102200 0.138600 0.202700 0.158700 0.158300 0.015800 0.217100 0.177400 0.121600 0.140200 0.066200 0.102100 0.082900 0.121300 0.139600 0.158900
Okapi 0.084900 0.346700 0.140600 0.256100 0.140400 0.084900 0.120700 0.101500 0.122200 0.199700 0.084900 0.085000 0.084800 0.102800 0.084500 0.138000 0.000000 0.084400 0.102600 0.122200 0.101900 0.102700 0.141900 0.159900 0.067100 0.119400 0.102700 0.140800 0.119400 0.122200 0.180300 0.158400 0.138900 0.102700 0.067100 0.123700 0.085100 0.159700 0.292500 0.103600 0.140500 0.119400 0.199700 0.159900 0.104300 0.122800 0.157700 0.085100 0.083800 0.104000 0.122200 0.141100
Giraffe 0.140900 0.377200 0.160800 0.278900 0.200600 0.140900 0.179000 0.157600 0.142100 0.141100 0.140900 0.103800 0.103500 0.160000 0.140100 0.196900 0.084400 0.000000 0.159700 0.142100 0.158600 0.159800 0.161900 0.141100 0.121600 0.177100 0.122000 0.161000 0.177100 0.142100 0.122900 0.219600 0.159300 0.122000 0.121700 0.144200 0.141300 0.221600 0.294800 0.085800 0.122100 0.177100 0.141100 0.141100 0.124000 0.161700 0.178700 0.141300 0.139100 0.123600 0.142100 0.161400
TibetanAnt 0.016000 0.318400 0.120500 0.257200 0.120400 0.016100 0.049300 0.083800 0.102800 0.157800 0.016100 0.066800 0.049400 0.066500 0.049200 0.083900 0.102600 0.159700 0.000000 0.102800 0.049600 0.032500 0.103000 0.120300 0.032500 0.066400 0.084000 0.120600 0.066400 0.102800 0.139500 0.083800 0.139500 0.084000 0.032600 0.104100 0.049600 0.139400 0.226900 0.102600 0.102400 0.066400 0.157800 0.120400 0.085300 0.085000 0.102300 0.049600 0.066600 0.067200 0.102800 0.121200
Sitatunga 0.085000 0.275500 0.016000 0.238800 0.121100 0.085000 0.120400 0.102200 0.000000 0.159900 0.085000 0.033000 0.049800 0.102500 0.084200 0.139600 0.122200 0.142100 0.102800 0.000000 0.103100 0.102800 0.141900 0.121900 0.067100 0.120800 0.049800 0.015900 0.120800 0.000000 0.141300 0.158000 0.122200 0.049800 0.066900 0.068500 0.085200 0.140800 0.296500 0.103900 0.103700 0.120800 0.159900 0.121900 0.050700 0.122400 0.159500 0.085200 0.084800 0.067800 0.000000 0.016000
Oribi 0.032900 0.320200 0.120900 0.213900 0.084600 0.032900 0.032700 0.032400 0.103100 0.178200 0.032900 0.067000 0.066900 0.049700 0.032700 0.032300 0.101900 0.158600 0.049600 0.103100 0.000000 0.049600 0.122200 0.139700 0.049600 0.015800 0.084300 0.121000 0.016000 0.103100 0.159500 0.101900 0.138600 0.084300 0.049500 0.104500 0.067100 0.102500 0.163400 0.121700 0.121300 0.015800 0.178200 0.139900 0.085600 0.103600 0.049300 0.067100 0.049100 0.085300 0.103100 0.121600
BarbaryShe 0.016100 0.317400 0.120600 0.257000 0.120400 0.016100 0.049300 0.083900 0.102800 0.158000 0.016100 0.066800 0.049500 0.066500 0.049300 0.084000 0.102700 0.159800 0.032500 0.102800 0.049600 0.000000 0.103100 0.120400 0.032500 0.066500 0.084100 0.120700 0.066500 0.102800 0.139600 0.119400 0.139500 0.084100 0.032600 0.104000 0.049600 0.139200 0.226000 0.102700 0.102400 0.066500 0.158000 0.120400 0.085300 0.050000 0.102300 0.049600 0.066600 0.067300 0.102800 0.121200
Daviddeer 0.085400 0.348900 0.160500 0.304500 0.160300 0.085400 0.121100 0.121300 0.141900 0.122200 0.085400 0.103800 0.085300 0.067400 0.084800 0.159500 0.141900 0.161900 0.103000 0.141900 0.122200 0.103100 0.000000 0.085500 0.067400 0.140300 0.121900 0.160600 0.140300 0.141900 0.104200 0.158800 0.181600 0.121900 0.067400 0.106200 0.085500 0.180500 0.251700 0.068200 0.067800 0.140300 0.122200 0.085200 0.124000 0.104200 0.180500 0.085500 0.067800 0.104600 0.141900 0.161500
Reindeer 0.102500 0.347000 0.139900 0.237500 0.178200 0.102500 0.138600 0.138700 0.121900 0.102700 0.102500 0.084900 0.067000 0.120500 0.101800 0.177200 0.159900 0.141100 0.120300 0.121900 0.139700 0.120400 0.085500 0.000000 0.084300 0.157900 0.102500 0.103100 0.157900 0.121900 0.085100 0.138600 0.160300 0.102500 0.084200 0.086800 0.102700 0.198600 0.317500 0.049300 0.049800 0.157900 0.102700 0.000000 0.104200 0.121700 0.198400 0.067200 0.084700 0.085600 0.121900 0.140800
Ibex 0.016100 0.271100 0.084400 0.215600 0.084300 0.015900 0.049200 0.049400 0.067100 0.120400 0.015900 0.032700 0.016200 0.032600 0.016100 0.083900 0.067100 0.121600 0.032500 0.067100 0.049600 0.032500 0.067400 0.084300 0.000000 0.066400 0.049400 0.084500 0.066400 0.067100 0.102500 0.083600 0.102400 0.049400 0.000000 0.067900 0.016200 0.102300 0.225900 0.067100 0.066900 0.066400 0.120400 0.084300 0.050100 0.050000 0.102200 0.016200 0.032700 0.033000 0.067100 0.084800
GyrantGaze 0.049500 0.342200 0.138800 0.232600 0.102000 0.049500 0.049300 0.048700 0.120800 0.197000 0.049500 0.084100 0.083900 0.066500 0.049200 0.015900 0.119400 0.177100 0.066400 0.120800 0.015800 0.066500 0.140300 0.157900 0.066400 0.000000 0.101600 0.138900 0.000000 0.120800 0.178100 0.119400 0.156700 0.101600 0.066300 0.122500 0.084300 0.120000 0.182400 0.139700 0.139300 0.000000 0.197000 0.158100 0.103200 0.121400 0.066000 0.084200 0.065700 0.102900 0.120800 0.139600
Hartebeest 0.066800 0.250600 0.066700 0.216000 0.101800 0.066800 0.101200 0.082500 0.048800 0.139400 0.066800 0.016100 0.032600 0.083800 0.066100 0.119800 0.102700 0.122000 0.084000 0.049800 0.084300 0.084100 0.121900 0.102500 0.049400 0.101600 0.000000 0.066800 0.101600 0.049800 0.121400 0.137600 0.102800 0.000000 0.049200 0.050500 0.066900 0.120800 0.271200 0.085100 0.084800 0.101600 0.139400 0.102600 0.033200 0.102900 0.139100 0.066900 0.066600 0.049900 0.049800 0.067100
Bongo 0.102600 0.296800 0.032600 0.217700 0.139300 0.102600 0.138500 0.120000 0.016200 0.178700 0.102600 0.049700 0.066800 0.120300 0.101800 0.158100 0.140800 0.161000 0.120600 0.015900 0.121000 0.120700 0.160600 0.103100 0.084500 0.138900 0.066800 0.000000 0.138900 0.016000 0.159800 0.176700 0.140500 0.066800 0.084100 0.086000 0.102900 0.159200 0.317800 0.121900 0.121600 0.138900 0.178700 0.103200 0.068000 0.140800 0.178300 0.102800 0.102300 0.085200 0.015900 0.032700
Gerenuk 0.049500 0.342200 0.138800 0.232600 0.102000 0.049500 0.049300 0.048700 0.120800 0.197000 0.049500 0.084100 0.083900 0.066500 0.049200 0.015700 0.119400 0.177100 0.066400 0.120800 0.016000 0.066500 0.140300 0.157900 0.066400 0.000000 0.101600 0.138900 0.000000 0.120800 0.178100 0.119400 0.156700 0.101600 0.066300 0.122500 0.084300 0.120000 0.182400 0.139700 0.139300 0.000000 0.197000 0.158100 0.103200 0.121400 0.066000 0.084200 0.065700 0.102900 0.120800 0.139600
CommonElan 0.085000 0.275500 0.016100 0.238800 0.121100 0.085000 0.120500 0.102200 0.000000 0.159900 0.085000 0.033000 0.049800 0.102500 0.084200 0.139600 0.122200 0.142100 0.102800 0.000000 0.103100 0.102800 0.141900 0.121900 0.067100 0.120800 0.049800 0.016000 0.120800 0.000000 0.141300 0.158000 0.122200 0.049800 0.066900 0.068500 0.085200 0.140800 0.296500 0.103900 0.103700 0.120800 0.159900 0.121900 0.050700 0.122400 0.159500 0.085200 0.084800 0.067800 0.000000 0.016000
MuntiacusR 0.121300 0.374400 0.159700 0.302800 0.199100 0.121300 0.158100 0.158400 0.141300 0.016300 0.121300 0.103300 0.084900 0.139700 0.120400 0.197900 0.180300 0.122900 0.139500 0.141300 0.159500 0.139600 0.104200 0.085100 0.102500 0.178100 0.121400 0.159800 0.178100 0.141300 0.000000 0.197300 0.180800 0.121400 0.102500 0.105800 0.121600 0.220100 0.343700 0.067900 0.067600 0.178100 0.016100 0.085200 0.123500 0.141200 0.220000 0.121500 0.103200 0.085700 0.141300 0.160700
HarveysDui 0.101600 0.392900 0.176600 0.278400 0.138200 0.101600 0.101000 0.101000 0.158000 0.216600 0.101600 0.119600 0.101100 0.083500 0.065900 0.138000 0.158400 0.219600 0.083800 0.158000 0.101900 0.119400 0.158800 0.138600 0.083600 0.119400 0.137600 0.176700 0.119400 0.158000 0.197300 0.000000 0.158600 0.137600 0.083200 0.159900 0.101800 0.158100 0.293100 0.158200 0.157900 0.119400 0.216600 0.138700 0.140300 0.102500 0.157500 0.066600 0.119600 0.120400 0.158000 0.177800
Pronghorn 0.121200 0.253000 0.140300 0.255400 0.178700 0.121200 0.158600 0.137500 0.122200 0.199800 0.121200 0.085100 0.084900 0.139800 0.120400 0.175800 0.138900 0.159300 0.139500 0.122200 0.138600 0.139500 0.181600 0.160300 0.102400 0.156700 0.102800 0.140500 0.156700 0.122200 0.180800 0.158600 0.000000 0.102800 0.102400 0.124100 0.121600 0.199500 0.341200 0.141800 0.141200 0.156700 0.199800 0.160300 0.104400 0.122800 0.196600 0.121600 0.119700 0.104100 0.122200 0.141300
BlueWildeb 0.066800 0.250600 0.066700 0.216000 0.101800 0.066800 0.101200 0.083500 0.049800 0.139400 0.066800 0.016100 0.032600 0.083800 0.066100 0.119800 0.102700 0.122000 0.084000 0.049800 0.084300 0.084100 0.121900 0.102500 0.049400 0.101600 0.000000 0.066800 0.101600 0.049800 0.121400 0.137600 0.102800 0.000000 0.048400 0.049500 0.066900 0.120800 0.271200 0.085100 0.084800 0.101600 0.139400 0.102600 0.033200 0.102900 0.139100 0.066900 0.066600 0.049900 0.049500 0.067100
Gemsbok 0.016200 0.271200 0.085000 0.215500 0.083900 0.016200 0.048900 0.049200 0.066900 0.120300 0.016200 0.032200 0.016000 0.032500 0.016000 0.083800 0.067100 0.121700 0.032600 0.066900 0.049500 0.032600 0.067400 0.084200 0.000000 0.066300 0.049200 0.084100 0.066300 0.066900 0.102500 0.083200 0.102400 0.048400 0.000000 0.067600 0.016200 0.102200 0.226000 0.067100 0.066900 0.066300 0.120300 0.084300 0.050100 0.049800 0.102100 0.016200 0.032600 0.032800 0.066900 0.084400
Yak 0.086100 0.281700 0.086000 0.241500 0.122600 0.086100 0.121900 0.103200 0.068500 0.124000 0.086100 0.033400 0.050400 0.103700 0.085200 0.141300 0.123700 0.144200 0.104100 0.068500 0.104500 0.104000 0.106200 0.086800 0.067900 0.122500 0.050500 0.086000 0.122500 0.068500 0.105800 0.159900 0.124100 0.049500 0.067600 0.000000 0.086300 0.142700 0.302500 0.069100 0.068900 0.122500 0.124000 0.086800 0.016600 0.123900 0.161900 0.086200 0.050600 0.067900 0.068500 0.086500
BlueSheep 0.032900 0.296600 0.102800 0.237400 0.102600 0.032900 0.066600 0.066800 0.085200 0.139700 0.032900 0.049900 0.032800 0.049600 0.032700 0.102200 0.085100 0.141300 0.049600 0.085200 0.067100 0.049600 0.085500 0.102700 0.016200 0.084300 0.066900 0.102900 0.084300 0.085200 0.121600 0.101800 0.121600 0.066900 0.016200 0.086300 0.000000 0.121300 0.249600 0.085200 0.084900 0.084300 0.139700 0.102700 0.067900 0.067700 0.121100 0.032900 0.049700 0.050200 0.085200 0.103300
BohorReedb 0.121000 0.345500 0.159100 0.258200 0.049200 0.121000 0.120600 0.102100 0.140800 0.239700 0.121000 0.102800 0.120800 0.102600 0.084300 0.138600 0.159700 0.221600 0.139400 0.140800 0.102500 0.139200 0.180500 0.198600 0.102300 0.120000 0.120800 0.159200 0.120000 0.140800 0.220100 0.158100 0.199500 0.120800 0.102200 0.142700 0.121300 0.000000 0.251500 0.179700 0.179200 0.120000 0.239700 0.198800 0.122700 0.160500 0.158900 0.121200 0.120800 0.141100 0.140800 0.160200
KirksDik 0.206200 0.539600 0.317400 0.432600 0.271600 0.206200 0.164600 0.201600 0.296500 0.365400 0.206200 0.249800 0.248900 0.184900 0.204600 0.202700 0.292500 0.294800 0.226900 0.296500 0.163400 0.226000 0.251700 0.317500 0.225900 0.182400 0.271200 0.317800 0.182400 0.296500 0.343700 0.293100 0.341200 0.271200 0.226000 0.302500 0.249600 0.251500 0.000000 0.296300 0.295600 0.182400 0.365400 0.317800 0.276400 0.268500 0.183900 0.249800 0.223900 0.275000 0.296500 0.321000
RoeDeer 0.085000 0.324600 0.121900 0.259600 0.159600 0.085000 0.120600 0.120800 0.103900 0.085200 0.085000 0.067600 0.050000 0.102800 0.084400 0.158700 0.103600 0.085800 0.102600 0.103900 0.121700 0.102700 0.068200 0.049300 0.067100 0.139700 0.085100 0.121900 0.139700 0.103900 0.067900 0.158200 0.141800 0.085100 0.067100 0.069100 0.085200 0.179700 0.296300 0.000000 0.033000 0.139700 0.085200 0.050200 0.086500 0.103800 0.179600 0.085200 0.067500 0.068200 0.103900 0.122500
WhiteLippe 0.084700 0.323400 0.121500 0.258900 0.159100 0.084700 0.120400 0.120400 0.103700 0.084800 0.084700 0.067400 0.049800 0.102500 0.084200 0.158300 0.140500 0.122100 0.102400 0.103700 0.121300 0.102400 0.067800 0.049800 0.066900 0.139300 0.084800 0.121600 0.139300 0.103700 0.067600 0.157900 0.141200 0.084800 0.066900 0.068900 0.084900 0.179200 0.295600 0.033000 0.000000 0.139300 0.084800 0.050000 0.086100 0.103500 0.178900 0.084900 0.067200 0.067900 0.103700 0.085300
ThomsonGaz 0.049500 0.342200 0.138800 0.232600 0.102000 0.049500 0.049300 0.048700 0.120800 0.197000 0.049500 0.084100 0.083900 0.066500 0.049200 0.015800 0.119400 0.177100 0.066400 0.120800 0.015800 0.066500 0.140300 0.157900 0.066400 0.000000 0.101600 0.138900 0.000000 0.120800 0.178100 0.119400 0.156700 0.101600 0.066300 0.122500 0.084300 0.120000 0.182400 0.139700 0.139300 0.000000 0.197000 0.158100 0.103200 0.121400 0.066000 0.084200 0.065700 0.102900 0.120800 0.139600
MuntiacusC 0.139400 0.396800 0.178600 0.323900 0.218600 0.139400 0.176700 0.177100 0.159900 0.000000 0.139400 0.121200 0.102400 0.158000 0.138500 0.217100 0.199700 0.141100 0.157800 0.159900 0.178200 0.158000 0.122200 0.102700 0.120400 0.197000 0.139400 0.178700 0.197000 0.159900 0.016100 0.216600 0.199800 0.139400 0.120300 0.124000 0.139700 0.239700 0.365400 0.085200 0.084800 0.197000 0.000000 0.102700 0.141900 0.159800 0.239600 0.139700 0.121000 0.103400 0.159900 0.179600
WhiteTaile 0.102500 0.347300 0.140000 0.237700 0.178400 0.102500 0.138700 0.138900 0.121900 0.102700 0.102500 0.085000 0.067000 0.120600 0.101900 0.177400 0.159900 0.141100 0.120400 0.121900 0.139900 0.120400 0.085200 0.000000 0.084300 0.158100 0.102600 0.103200 0.158100 0.121900 0.085200 0.138700 0.160300 0.102600 0.084300 0.086800 0.102700 0.198800 0.317800 0.050200 0.050000 0.158100 0.102700 0.000000 0.104300 0.121700 0.198600 0.067200 0.084800 0.085600 0.121900 0.140900
Cattle 0.067800 0.255700 0.067900 0.219100 0.103700 0.067800 0.103100 0.085000 0.050700 0.141900 0.067800 0.016500 0.033200 0.085300 0.067300 0.121600 0.104300 0.124000 0.085300 0.050700 0.085600 0.085300 0.124000 0.104200 0.050100 0.103200 0.033200 0.068000 0.103200 0.050700 0.123500 0.140300 0.104400 0.033200 0.050100 0.016600 0.067900 0.122700 0.276400 0.086500 0.086100 0.103200 0.141900 0.104300 0.000000 0.104900 0.141400 0.067800 0.067500 0.050800 0.050700 0.068300
RoyalAntel 0.067500 0.348500 0.140700 0.282800 0.140500 0.067500 0.102400 0.102600 0.122400 0.159800 0.067500 0.085100 0.067200 0.084500 0.066900 0.140200 0.122800 0.161700 0.085000 0.122400 0.103600 0.050000 0.104200 0.121700 0.050000 0.121400 0.102900 0.140800 0.121400 0.122400 0.141200 0.102500 0.122800 0.102900 0.049800 0.123900 0.067700 0.160500 0.268500 0.103800 0.103500 0.121400 0.159800 0.121700 0.104900 0.000000 0.160400 0.067600 0.085200 0.085800 0.122400 0.140100
Steenbok 0.084700 0.393900 0.178200 0.275500 0.139600 0.084700 0.084200 0.049000 0.159500 0.239600 0.084700 0.120900 0.120600 0.102400 0.084100 0.066200 0.157700 0.178700 0.102300 0.159500 0.049300 0.102300 0.180500 0.198400 0.102200 0.066000 0.139100 0.178300 0.066000 0.159500 0.220000 0.157500 0.196600 0.139100 0.102100 0.161900 0.121100 0.158900 0.183900 0.179600 0.178900 0.066000 0.239600 0.198600 0.141400 0.160400 0.000000 0.121000 0.101100 0.140900 0.159500 0.179300
Impala 0.032800 0.296700 0.102800 0.237400 0.102600 0.032800 0.066600 0.066700 0.085200 0.139700 0.032800 0.049800 0.032800 0.049600 0.032600 0.102100 0.085100 0.141300 0.049600 0.085200 0.067100 0.049600 0.085500 0.067200 0.016200 0.084200 0.066900 0.102800 0.084200 0.085200 0.121500 0.066600 0.121600 0.066900 0.016200 0.086200 0.032900 0.121200 0.249800 0.085200 0.084900 0.084200 0.139700 0.067200 0.067800 0.067600 0.121000 0.000000 0.049700 0.050200 0.085200 0.103300
Klipspring 0.049600 0.295600 0.102300 0.232900 0.102200 0.049600 0.083800 0.048800 0.084800 0.121000 0.049600 0.049700 0.049500 0.066600 0.049300 0.082900 0.083800 0.139100 0.066600 0.084800 0.049100 0.066600 0.067800 0.084700 0.032700 0.065700 0.066600 0.102300 0.065700 0.084800 0.103200 0.119600 0.119700 0.066600 0.032600 0.050600 0.049700 0.120800 0.223900 0.067500 0.067200 0.065700 0.121000 0.084800 0.067500 0.085200 0.101100 0.049700 0.000000 0.067400 0.084800 0.102800
ForestMusk 0.050100 0.276900 0.085200 0.218800 0.121400 0.050100 0.084400 0.084500 0.067800 0.103400 0.050100 0.033100 0.016100 0.067000 0.049600 0.121300 0.104000 0.123600 0.067200 0.067800 0.085300 0.067300 0.104600 0.085600 0.033000 0.102900 0.049900 0.085200 0.102900 0.067800 0.085700 0.120400 0.104100 0.049900 0.032800 0.067900 0.050200 0.141100 0.275000 0.068200 0.067900 0.102900 0.103400 0.085600 0.050800 0.085800 0.140900 0.050200 0.067400 0.000000 0.067800 0.085600
Bushbuck 0.085000 0.275500 0.016200 0.238800 0.121100 0.085000 0.120500 0.102200 0.000000 0.159900 0.085000 0.033000 0.049800 0.102500 0.084200 0.139600 0.122200 0.142100 0.102800 0.000000 0.103100 0.102800 0.141900 0.121900 0.067100 0.120800 0.049800 0.015900 0.120800 0.000000 0.141300 0.158000 0.122200 0.049500 0.066900 0.068500 0.085200 0.140800 0.296500 0.103900 0.103700 0.120800 0.159900 0.121900 0.050700 0.122400 0.159500 0.085200 0.084800 0.067800 0.000000 0.015900
GreaterKud 0.103100 0.299500 0.032700 0.260600 0.140000 0.103100 0.139300 0.120500 0.016000 0.179600 0.103100 0.050000 0.067100 0.120900 0.102200 0.158900 0.141100 0.161400 0.121200 0.016000 0.121600 0.121200 0.161500 0.140800 0.084800 0.139600 0.067100 0.032700 0.139600 0.016000 0.160700 0.177800 0.141300 0.067100 0.084400 0.086500 0.103300 0.160200 0.321000 0.122500 0.085300 0.139600 0.179600 0.140900 0.068300 0.140100 0.179300 0.103300 0.102800 0.085600 0.015900 0.000000
