CODONML (in paml version 4.10.7, June 2023)  /home/rachel/ruminants_paml/6406-phy-tree/ENSBTAT00000001801.fasta.phy
Model: free dN/dS Ratios for branches,  kappa = 2.000 fixed

Codon frequency model: F3x4
ns =  54  ls =  51

Codon usage in sequences
--------------------------------------------------------------------------------------------------------------------------------------
Phe TTT   1   1   1   1   1   1 | Ser TCT   0   0   0   0   0   0 | Tyr TAT   0   0   0   0   0   0 | Cys TGT   0   0   0   0   0   0
    TTC   0   0   0   0   0   0 |     TCC   1   1   1   1   0   2 |     TAC   0   0   0   0   0   0 |     TGC   1   1   1   1   1   1
Leu TTA   0   0   0   0   0   0 |     TCA   1   1   1   1   0   1 | *** TAA   0   0   0   0   0   0 | *** TGA   0   0   0   0   0   0
    TTG   0   0   0   0   0   0 |     TCG   0   0   0   0   0   0 |     TAG   0   0   0   0   0   0 | Trp TGG   0   0   0   0   0   0
--------------------------------------------------------------------------------------------------------------------------------------
Leu CTT   0   0   0   0   0   0 | Pro CCT   2   3   2   2   2   2 | His CAT   0   0   0   0   0   0 | Arg CGT   0   0   0   0   0   0
    CTC   1   1   1   1   1   1 |     CCC   5   4   4   4   3   2 |     CAC   0   0   0   0   0   0 |     CGC   0   0   0   0   0   0
    CTA   0   0   0   0   0   0 |     CCA   4   3   4   4   4   4 | Gln CAA   1   1   1   1   1   1 |     CGA   1   0   1   1   0   0
    CTG   0   1   0   0   1   1 |     CCG   0   1   0   0   0   1 |     CAG   4   3   4   4   5   3 |     CGG   0   1   0   0   0   2
--------------------------------------------------------------------------------------------------------------------------------------
Ile ATT   0   0   0   0   0   0 | Thr ACT   0   0   0   0   0   0 | Asn AAT   0   0   0   0   1   0 | Ser AGT   0   0   0   0   0   0
    ATC   1   1   1   1   1   1 |     ACC   0   0   0   0   0   1 |     AAC   0   0   0   0   0   0 |     AGC   2   2   2   2   1   3
    ATA   0   0   0   0   0   0 |     ACA   0   0   0   0   0   0 | Lys AAA   1   2   1   1   1   1 | Arg AGA   0   0   0   0   0   0
Met ATG   3   2   3   3   2   2 |     ACG   0   0   0   0   0   0 |     AAG   1   1   1   1   1   1 |     AGG   0   0   0   0   0   0
--------------------------------------------------------------------------------------------------------------------------------------
Val GTT   0   0   0   0   0   0 | Ala GCT   0   0   0   0   1   0 | Asp GAT   2   3   3   2   2   2 | Gly GGT   1   0   2   2   0   0
    GTC   0   0   0   0   0   0 |     GCC   0   0   1   1   1   0 |     GAC   2   1   1   2   3   3 |     GGC   7   8   6   6   9   7
    GTA   0   0   0   0   0   0 |     GCA   0   0   0   0   2   0 | Glu GAA   1   1   1   1   2   1 |     GGA   3   2   3   3   2   3
    GTG   0   0   0   0   0   0 |     GCG   0   0   0   1   0   0 |     GAG   2   2   2   1   0   1 |     GGG   3   4   3   3   3   3
--------------------------------------------------------------------------------------------------------------------------------------

--------------------------------------------------------------------------------------------------------------------------------------
Phe TTT   0   1   1   1   1   1 | Ser TCT   0   0   0   0   0   0 | Tyr TAT   0   0   0   0   0   0 | Cys TGT   0   0   0   0   0   0
    TTC   1   0   0   0   0   0 |     TCC   1   1   1   1   1   1 |     TAC   0   0   0   0   0   0 |     TGC   1   1   1   1   1   1
Leu TTA   0   0   0   0   0   0 |     TCA   1   1   1   1   1   1 | *** TAA   0   0   0   0   0   0 | *** TGA   0   0   0   0   0   0
    TTG   0   0   0   0   0   0 |     TCG   0   0   0   0   0   0 |     TAG   0   0   0   0   0   0 | Trp TGG   0   0   0   0   0   0
--------------------------------------------------------------------------------------------------------------------------------------
Leu CTT   0   0   0   0   0   0 | Pro CCT   2   2   2   2   2   2 | His CAT   0   0   0   0   0   0 | Arg CGT   0   0   0   0   0   0
    CTC   1   1   1   1   1   1 |     CCC   4   5   4   4   4   4 |     CAC   0   0   0   0   0   0 |     CGC   0   0   0   0   0   0
    CTA   0   0   0   0   0   0 |     CCA   4   4   4   4   4   4 | Gln CAA   1   1   1   1   1   1 |     CGA   1   1   1   1   1   1
    CTG   0   0   0   0   0   0 |     CCG   0   0   0   0   0   0 |     CAG   4   4   4   4   4   4 |     CGG   0   0   0   0   0   0
--------------------------------------------------------------------------------------------------------------------------------------
Ile ATT   0   0   1   0   0   0 | Thr ACT   0   0   0   0   0   0 | Asn AAT   0   0   0   0   0   0 | Ser AGT   0   0   0   0   0   0
    ATC   1   1   1   1   1   1 |     ACC   0   0   0   0   0   0 |     AAC   0   0   0   0   0   0 |     AGC   2   2   1   2   2   2
    ATA   0   0   0   0   0   0 |     ACA   0   0   0   0   0   0 | Lys AAA   1   1   1   1   1   1 | Arg AGA   0   0   0   0   0   0
Met ATG   3   3   3   3   3   3 |     ACG   0   0   0   0   0   0 |     AAG   1   1   1   1   1   1 |     AGG   0   0   0   0   0   0
--------------------------------------------------------------------------------------------------------------------------------------
Val GTT   0   0   0   0   0   0 | Ala GCT   0   0   0   0   0   0 | Asp GAT   2   2   3   2   2   2 | Gly GGT   1   1   1   1   2   1
    GTC   0   0   0   0   0   0 |     GCC   1   0   1   1   1   1 |     GAC   2   2   1   2   2   2 |     GGC   7   7   7   7   6   7
    GTA   0   0   0   0   0   0 |     GCA   0   0   0   0   0   0 | Glu GAA   1   1   1   1   2   1 |     GGA   3   3   3   3   3   3
    GTG   0   0   0   0   0   0 |     GCG   0   0   0   0   0   0 |     GAG   2   2   2   2   1   2 |     GGG   3   3   3   3   3   3
--------------------------------------------------------------------------------------------------------------------------------------

--------------------------------------------------------------------------------------------------------------------------------------
Phe TTT   1   1   1   1   0   1 | Ser TCT   0   0   0   0   0   0 | Tyr TAT   0   0   0   0   0   0 | Cys TGT   0   0   0   0   0   0
    TTC   0   0   0   0   1   0 |     TCC   1   1   1   1   1   1 |     TAC   0   0   0   0   0   0 |     TGC   1   1   1   1   1   1
Leu TTA   0   0   0   0   0   0 |     TCA   1   1   1   1   1   1 | *** TAA   0   0   0   0   0   0 | *** TGA   0   0   0   0   0   0
    TTG   0   0   0   0   0   0 |     TCG   0   0   0   0   0   0 |     TAG   0   0   0   0   0   0 | Trp TGG   0   0   0   0   0   0
--------------------------------------------------------------------------------------------------------------------------------------
Leu CTT   0   0   0   0   0   0 | Pro CCT   2   2   2   3   2   3 | His CAT   0   0   0   0   0   0 | Arg CGT   0   0   0   0   0   0
    CTC   1   1   1   1   1   1 |     CCC   5   4   5   3   4   3 |     CAC   0   0   0   0   0   0 |     CGC   0   0   0   0   0   0
    CTA   0   0   0   0   0   0 |     CCA   4   4   4   4   3   4 | Gln CAA   1   1   1   1   1   2 |     CGA   1   1   1   1   1   1
    CTG   0   0   0   0   0   0 |     CCG   0   0   0   0   1   0 |     CAG   4   4   4   4   4   3 |     CGG   0   0   0   0   0   0
--------------------------------------------------------------------------------------------------------------------------------------
Ile ATT   0   0   0   1   0   0 | Thr ACT   0   0   0   0   0   0 | Asn AAT   0   0   0   0   0   0 | Ser AGT   0   0   0   0   0   0
    ATC   1   1   1   1   1   1 |     ACC   0   0   0   0   0   0 |     AAC   0   0   0   0   0   0 |     AGC   2   2   2   1   2   2
    ATA   0   0   0   0   0   0 |     ACA   0   0   0   0   0   0 | Lys AAA   1   0   1   1   2   1 | Arg AGA   0   1   0   0   0   0
Met ATG   3   3   3   3   3   2 |     ACG   0   0   0   0   0   0 |     AAG   1   1   1   1   0   1 |     AGG   0   0   0   0   0   0
--------------------------------------------------------------------------------------------------------------------------------------
Val GTT   0   0   0   0   0   0 | Ala GCT   0   0   0   0   0   0 | Asp GAT   2   2   2   2   2   1 | Gly GGT   1   1   1   1   2   1
    GTC   0   0   0   0   0   0 |     GCC   0   1   0   1   1   1 |     GAC   2   2   2   2   2   3 |     GGC   7   7   7   6   6   7
    GTA   0   0   0   0   0   0 |     GCA   0   0   0   0   0   0 | Glu GAA   1   2   1   1   1   1 |     GGA   3   3   3   4   3   3
    GTG   0   0   0   0   0   1 |     GCG   0   0   0   0   0   0 |     GAG   2   1   2   2   2   2 |     GGG   3   3   3   3   3   3
--------------------------------------------------------------------------------------------------------------------------------------

--------------------------------------------------------------------------------------------------------------------------------------
Phe TTT   1   1   1   1   1   1 | Ser TCT   0   0   0   0   0   0 | Tyr TAT   0   0   0   0   0   0 | Cys TGT   0   0   0   0   0   0
    TTC   0   0   0   0   0   0 |     TCC   1   1   1   1   1   1 |     TAC   0   0   0   0   0   0 |     TGC   1   1   1   1   1   1
Leu TTA   0   0   0   0   0   0 |     TCA   1   1   1   1   1   1 | *** TAA   0   0   0   0   0   0 | *** TGA   0   0   0   0   0   0
    TTG   0   0   0   0   0   0 |     TCG   0   0   0   0   0   0 |     TAG   0   0   0   0   0   0 | Trp TGG   0   0   0   0   0   0
--------------------------------------------------------------------------------------------------------------------------------------
Leu CTT   0   1   0   0   0   0 | Pro CCT   2   2   2   2   2   2 | His CAT   0   0   0   0   0   0 | Arg CGT   0   0   0   0   0   0
    CTC   1   0   1   1   1   1 |     CCC   4   4   5   4   3   5 |     CAC   0   0   0   0   0   0 |     CGC   0   0   0   0   0   0
    CTA   0   0   0   0   0   0 |     CCA   4   4   4   4   5   4 | Gln CAA   1   1   1   1   1   1 |     CGA   1   1   1   1   1   1
    CTG   1   1   0   0   0   0 |     CCG   0   0   0   0   0   0 |     CAG   4   4   4   4   4   4 |     CGG   0   0   0   0   0   0
--------------------------------------------------------------------------------------------------------------------------------------
Ile ATT   0   0   0   0   0   0 | Thr ACT   0   0   0   0   0   0 | Asn AAT   0   0   0   0   0   0 | Ser AGT   1   0   0   1   0   0
    ATC   1   1   1   1   1   1 |     ACC   0   0   0   0   0   0 |     AAC   0   0   0   0   0   0 |     AGC   1   2   2   1   2   2
    ATA   0   0   0   0   0   0 |     ACA   0   0   0   0   0   0 | Lys AAA   0   1   1   1   1   1 | Arg AGA   1   1   0   0   0   0
Met ATG   2   2   3   3   3   3 |     ACG   0   0   0   0   0   0 |     AAG   1   0   1   1   1   1 |     AGG   0   0   0   0   0   0
--------------------------------------------------------------------------------------------------------------------------------------
Val GTT   0   0   0   0   0   0 | Ala GCT   0   1   0   0   0   0 | Asp GAT   2   2   2   2   1   2 | Gly GGT   1   1   1   2   1   1
    GTC   0   0   0   0   0   0 |     GCC   1   0   0   1   1   0 |     GAC   2   2   2   2   3   2 |     GGC   7   7   9   6   7   7
    GTA   0   0   0   0   0   0 |     GCA   0   0   0   0   0   0 | Glu GAA   1   1   1   1   1   1 |     GGA   5   3   2   3   3   3
    GTG   0   0   0   0   0   0 |     GCG   0   0   0   0   0   0 |     GAG   2   2   2   2   2   2 |     GGG   1   3   2   3   3   3
--------------------------------------------------------------------------------------------------------------------------------------

--------------------------------------------------------------------------------------------------------------------------------------
Phe TTT   1   1   1   1   1   1 | Ser TCT   0   0   0   0   0   0 | Tyr TAT   0   0   0   0   0   0 | Cys TGT   0   0   0   0   0   0
    TTC   0   0   0   0   0   0 |     TCC   1   1   1   1   1   1 |     TAC   0   0   0   0   0   0 |     TGC   1   1   1   1   1   1
Leu TTA   0   0   0   0   0   0 |     TCA   1   1   1   1   1   1 | *** TAA   0   0   0   0   0   0 | *** TGA   0   0   0   0   0   0
    TTG   0   0   0   0   0   0 |     TCG   0   0   0   0   0   0 |     TAG   0   0   0   0   0   0 | Trp TGG   0   0   0   0   0   0
--------------------------------------------------------------------------------------------------------------------------------------
Leu CTT   0   0   0   0   0   0 | Pro CCT   2   3   2   2   2   3 | His CAT   0   0   0   0   0   0 | Arg CGT   0   0   0   0   0   0
    CTC   1   1   1   1   1   1 |     CCC   4   3   5   4   5   3 |     CAC   0   0   0   0   0   0 |     CGC   0   0   0   0   0   0
    CTA   0   0   0   0   0   0 |     CCA   4   4   4   4   4   4 | Gln CAA   1   1   1   1   1   1 |     CGA   1   1   1   1   1   1
    CTG   0   0   0   0   0   0 |     CCG   0   0   0   0   0   0 |     CAG   4   4   4   4   4   4 |     CGG   0   0   0   0   0   0
--------------------------------------------------------------------------------------------------------------------------------------
Ile ATT   0   0   0   0   0   0 | Thr ACT   0   0   0   0   0   0 | Asn AAT   0   0   0   0   0   0 | Ser AGT   0   0   0   0   0   0
    ATC   1   1   1   1   1   1 |     ACC   0   0   0   0   0   0 |     AAC   0   0   0   0   0   0 |     AGC   2   2   2   2   2   2
    ATA   0   0   0   0   0   0 |     ACA   0   0   0   0   0   0 | Lys AAA   1   1   1   1   1   1 | Arg AGA   0   0   0   0   0   0
Met ATG   3   3   3   3   3   3 |     ACG   0   0   0   0   0   0 |     AAG   1   1   1   1   1   1 |     AGG   0   0   0   0   0   0
--------------------------------------------------------------------------------------------------------------------------------------
Val GTT   0   0   0   0   0   0 | Ala GCT   0   0   0   0   0   0 | Asp GAT   2   2   2   1   2   2 | Gly GGT   1   1   1   1   1   2
    GTC   0   0   0   0   0   0 |     GCC   1   1   0   1   0   1 |     GAC   2   2   2   3   2   2 |     GGC   7   7   7   7   7   6
    GTA   0   0   0   0   0   0 |     GCA   0   0   0   0   0   0 | Glu GAA   1   1   1   1   1   1 |     GGA   3   3   3   3   3   3
    GTG   0   0   0   0   0   0 |     GCG   0   0   0   0   0   0 |     GAG   2   2   2   2   2   2 |     GGG   3   3   3   3   3   3
--------------------------------------------------------------------------------------------------------------------------------------

--------------------------------------------------------------------------------------------------------------------------------------
Phe TTT   1   1   1   1   1   1 | Ser TCT   0   0   0   0   0   0 | Tyr TAT   0   0   0   0   0   0 | Cys TGT   0   0   0   0   0   0
    TTC   0   0   0   0   0   0 |     TCC   1   1   1   1   1   1 |     TAC   0   0   0   0   0   0 |     TGC   1   1   1   1   1   1
Leu TTA   0   0   0   0   0   0 |     TCA   1   1   1   1   1   1 | *** TAA   0   0   0   0   0   0 | *** TGA   0   0   0   0   0   0
    TTG   0   0   0   0   0   0 |     TCG   0   0   0   0   0   0 |     TAG   0   0   0   0   0   0 | Trp TGG   0   0   0   0   0   0
--------------------------------------------------------------------------------------------------------------------------------------
Leu CTT   0   0   0   0   0   0 | Pro CCT   2   2   2   2   3   2 | His CAT   0   0   0   0   0   0 | Arg CGT   0   0   0   0   0   0
    CTC   1   1   1   1   1   1 |     CCC   4   4   4   4   3   5 |     CAC   0   0   0   0   0   0 |     CGC   0   0   0   0   0   0
    CTA   0   0   0   0   0   0 |     CCA   4   4   4   4   4   4 | Gln CAA   2   1   1   1   1   1 |     CGA   1   1   1   1   1   1
    CTG   0   0   0   0   0   0 |     CCG   0   0   0   0   0   0 |     CAG   3   4   4   4   4   4 |     CGG   0   0   0   0   0   0
--------------------------------------------------------------------------------------------------------------------------------------
Ile ATT   0   0   0   1   0   0 | Thr ACT   0   0   0   0   0   0 | Asn AAT   0   0   0   0   0   0 | Ser AGT   0   0   0   0   0   0
    ATC   1   1   1   1   1   1 |     ACC   0   0   0   0   0   0 |     AAC   0   0   0   0   0   0 |     AGC   2   2   2   1   2   2
    ATA   0   0   0   0   0   0 |     ACA   0   0   0   0   0   0 | Lys AAA   1   1   1   1   1   1 | Arg AGA   0   0   0   0   0   0
Met ATG   3   3   3   3   3   3 |     ACG   0   0   0   0   0   0 |     AAG   1   1   1   1   1   1 |     AGG   0   0   0   0   0   0
--------------------------------------------------------------------------------------------------------------------------------------
Val GTT   0   0   0   0   0   0 | Ala GCT   0   0   0   0   0   0 | Asp GAT   1   3   2   2   1   2 | Gly GGT   1   2   2   1   0   1
    GTC   0   0   0   0   0   0 |     GCC   1   1   1   1   1   0 |     GAC   3   2   2   2   3   2 |     GGC   7   6   6   7   8   7
    GTA   0   0   0   0   0   0 |     GCA   0   0   0   0   0   0 | Glu GAA   1   1   1   1   1   1 |     GGA   3   3   4   3   3   3
    GTG   0   0   0   0   0   0 |     GCG   0   0   0   0   0   0 |     GAG   2   1   2   2   2   2 |     GGG   3   3   2   3   3   3
--------------------------------------------------------------------------------------------------------------------------------------

--------------------------------------------------------------------------------------------------------------------------------------
Phe TTT   1   1   1   0   1   1 | Ser TCT   0   0   0   0   0   0 | Tyr TAT   0   0   0   0   0   0 | Cys TGT   0   0   0   0   0   0
    TTC   0   0   0   1   0   0 |     TCC   1   1   1   1   1   1 |     TAC   0   0   0   0   0   0 |     TGC   1   1   1   1   1   1
Leu TTA   0   0   0   0   0   0 |     TCA   1   1   1   1   1   1 | *** TAA   0   0   0   0   0   0 | *** TGA   0   0   0   0   0   0
    TTG   0   0   0   0   0   0 |     TCG   0   0   0   0   0   0 |     TAG   0   0   0   0   0   0 | Trp TGG   0   0   0   0   0   0
--------------------------------------------------------------------------------------------------------------------------------------
Leu CTT   0   0   0   0   0   0 | Pro CCT   3   2   2   3   2   2 | His CAT   0   0   0   0   0   0 | Arg CGT   0   0   0   0   0   0
    CTC   1   1   1   1   1   1 |     CCC   4   4   5   3   4   4 |     CAC   0   0   0   0   0   0 |     CGC   0   0   0   0   0   0
    CTA   0   0   0   0   0   0 |     CCA   4   4   4   4   4   4 | Gln CAA   1   1   1   1   1   1 |     CGA   1   1   1   1   1   1
    CTG   0   0   0   0   0   0 |     CCG   0   0   0   0   0   0 |     CAG   4   4   4   4   4   4 |     CGG   0   0   0   0   0   0
--------------------------------------------------------------------------------------------------------------------------------------
Ile ATT   0   0   0   0   0   0 | Thr ACT   0   0   0   0   0   0 | Asn AAT   0   0   0   0   0   0 | Ser AGT   0   0   0   0   0   1
    ATC   1   1   1   1   1   1 |     ACC   0   1   0   0   0   0 |     AAC   0   0   0   0   0   0 |     AGC   2   1   2   2   2   1
    ATA   0   0   0   0   0   0 |     ACA   0   0   0   0   0   0 | Lys AAA   1   0   1   1   1   1 | Arg AGA   0   1   0   0   0   0
Met ATG   3   3   3   3   3   3 |     ACG   0   0   0   0   0   0 |     AAG   1   1   1   1   1   1 |     AGG   0   0   0   0   0   0
--------------------------------------------------------------------------------------------------------------------------------------
Val GTT   0   0   0   0   0   0 | Ala GCT   0   0   0   0   0   0 | Asp GAT   2   2   2   2   1   2 | Gly GGT   1   1   1   1   1   1
    GTC   0   0   0   0   0   0 |     GCC   0   1   0   1   1   1 |     GAC   2   2   2   2   3   2 |     GGC   7   7   7   7   7   7
    GTA   0   0   0   0   0   0 |     GCA   0   0   0   0   0   0 | Glu GAA   1   1   1   1   1   1 |     GGA   2   3   3   3   3   3
    GTG   0   0   0   0   0   0 |     GCG   0   0   0   0   0   0 |     GAG   2   2   2   2   2   2 |     GGG   4   3   3   3   3   3
--------------------------------------------------------------------------------------------------------------------------------------

--------------------------------------------------------------------------------------------------------------------------------------
Phe TTT   1   1   1   1   1   0 | Ser TCT   1   0   0   0   0   0 | Tyr TAT   0   0   0   0   0   0 | Cys TGT   0   0   0   0   0   0
    TTC   0   0   0   0   0   1 |     TCC   1   1   1   1   1   2 |     TAC   0   0   0   0   0   0 |     TGC   1   1   1   1   1   1
Leu TTA   0   0   0   0   0   0 |     TCA   1   1   1   1   1   0 | *** TAA   0   0   0   0   0   0 | *** TGA   0   0   0   0   0   0
    TTG   0   0   0   0   0   0 |     TCG   0   0   0   0   0   0 |     TAG   0   0   0   0   0   0 | Trp TGG   0   0   0   0   0   0
--------------------------------------------------------------------------------------------------------------------------------------
Leu CTT   0   0   0   0   0   0 | Pro CCT   1   2   2   3   2   3 | His CAT   0   0   0   0   0   0 | Arg CGT   0   0   0   0   0   0
    CTC   1   1   1   1   1   1 |     CCC   4   4   4   3   4   4 |     CAC   0   0   0   0   0   0 |     CGC   0   0   0   0   0   0
    CTA   0   0   0   0   0   0 |     CCA   4   4   4   4   4   3 | Gln CAA   1   1   1   1   1   1 |     CGA   1   1   1   1   1   1
    CTG   0   0   0   0   0   0 |     CCG   0   0   0   0   0   0 |     CAG   4   4   4   4   4   4 |     CGG   0   0   0   0   0   0
--------------------------------------------------------------------------------------------------------------------------------------
Ile ATT   0   0   0   0   0   0 | Thr ACT   0   0   0   0   0   0 | Asn AAT   0   0   0   0   0   0 | Ser AGT   0   0   0   0   0   0
    ATC   1   1   1   1   1   1 |     ACC   0   0   0   0   1   0 |     AAC   0   0   0   0   0   0 |     AGC   2   2   2   2   1   2
    ATA   0   0   0   0   0   0 |     ACA   0   0   0   0   0   0 | Lys AAA   1   1   1   1   0   1 | Arg AGA   0   0   0   0   1   0
Met ATG   3   3   3   3   3   3 |     ACG   0   0   0   0   0   0 |     AAG   1   1   1   1   1   1 |     AGG   0   0   0   0   0   0
--------------------------------------------------------------------------------------------------------------------------------------
Val GTT   0   0   0   0   0   0 | Ala GCT   0   0   0   0   0   0 | Asp GAT   2   2   2   3   2   2 | Gly GGT   1   1   1   1   1   0
    GTC   0   0   0   0   0   0 |     GCC   1   1   1   1   1   1 |     GAC   2   2   2   1   2   2 |     GGC   7   7   6   7   7   7
    GTA   0   0   0   0   0   0 |     GCA   0   0   0   0   0   0 | Glu GAA   1   1   1   1   1   1 |     GGA   3   3   3   3   3   3
    GTG   0   0   0   0   0   0 |     GCG   0   0   0   0   0   0 |     GAG   2   2   2   2   2   2 |     GGG   3   3   4   3   3   4
--------------------------------------------------------------------------------------------------------------------------------------

--------------------------------------------------------------------------------------------------------------------------------------
Phe TTT   1   1   0   1   1   1 | Ser TCT   0   0   0   0   0   0 | Tyr TAT   0   0   0   0   0   0 | Cys TGT   0   0   0   0   0   0
    TTC   0   0   1   0   0   0 |     TCC   1   1   2   1   1   1 |     TAC   0   0   0   0   0   0 |     TGC   1   1   1   1   1   1
Leu TTA   0   0   0   0   0   0 |     TCA   1   1   0   1   1   1 | *** TAA   0   0   0   0   0   0 | *** TGA   0   0   0   0   0   0
    TTG   0   0   0   0   0   0 |     TCG   0   0   0   0   0   0 |     TAG   0   0   0   0   0   0 | Trp TGG   0   0   0   0   0   0
--------------------------------------------------------------------------------------------------------------------------------------
Leu CTT   0   0   0   0   0   0 | Pro CCT   2   3   2   2   2   2 | His CAT   0   0   0   0   0   0 | Arg CGT   0   0   0   0   0   0
    CTC   1   1   1   1   1   1 |     CCC   4   3   4   4   4   4 |     CAC   0   0   0   0   0   0 |     CGC   0   0   0   0   0   0
    CTA   0   0   0   0   0   0 |     CCA   4   4   4   4   4   4 | Gln CAA   1   1   1   1   1   1 |     CGA   1   1   1   1   1   1
    CTG   0   0   0   0   0   0 |     CCG   0   0   0   0   0   0 |     CAG   4   4   4   4   4   4 |     CGG   0   0   0   0   0   0
--------------------------------------------------------------------------------------------------------------------------------------
Ile ATT   0   0   0   0   0   0 | Thr ACT   0   0   0   0   0   0 | Asn AAT   0   0   0   0   0   0 | Ser AGT   0   0   0   0   0   0
    ATC   1   1   1   1   1   1 |     ACC   0   0   0   0   0   0 |     AAC   0   0   0   0   0   0 |     AGC   2   2   2   2   2   2
    ATA   0   0   0   0   0   0 |     ACA   0   0   0   0   0   0 | Lys AAA   1   1   1   1   1   1 | Arg AGA   0   0   0   0   0   0
Met ATG   3   3   3   3   3   3 |     ACG   0   0   0   0   0   0 |     AAG   1   1   1   1   1   1 |     AGG   0   0   0   0   0   0
--------------------------------------------------------------------------------------------------------------------------------------
Val GTT   0   0   0   0   0   0 | Ala GCT   0   0   0   0   0   0 | Asp GAT   1   2   2   2   3   2 | Gly GGT   1   2   0   2   2   2
    GTC   0   0   0   0   0   0 |     GCC   1   1   1   1   1   1 |     GAC   3   2   2   2   1   2 |     GGC   7   6   8   6   6   6
    GTA   0   0   0   0   0   0 |     GCA   0   0   0   0   0   0 | Glu GAA   0   1   1   1   1   2 |     GGA   3   3   3   3   3   3
    GTG   0   0   0   0   0   0 |     GCG   0   0   0   1   0   0 |     GAG   3   2   2   1   2   1 |     GGG   3   3   3   3   3   3
--------------------------------------------------------------------------------------------------------------------------------------

Codon position x base (3x4) table for each sequence.

#1: Argali         
position  1:    T:0.07843    C:0.35294    A:0.15686    G:0.41176
position  2:    T:0.11765    C:0.25490    A:0.27451    G:0.35294
position  3:    T:0.11765    C:0.39216    A:0.23529    G:0.25490
Average         T:0.10458    C:0.33333    A:0.22222    G:0.33987

#2: LesserMouseDeer
position  1:    T:0.07843    C:0.35294    A:0.15686    G:0.41176
position  2:    T:0.11765    C:0.25490    A:0.27451    G:0.35294
position  3:    T:0.13725    C:0.37255    A:0.19608    G:0.29412
Average         T:0.11111    C:0.32680    A:0.20915    G:0.35294

#3: LesserKudu     
position  1:    T:0.07843    C:0.33333    A:0.15686    G:0.43137
position  2:    T:0.11765    C:0.25490    A:0.27451    G:0.35294
position  3:    T:0.15686    C:0.35294    A:0.23529    G:0.25490
Average         T:0.11765    C:0.31373    A:0.22222    G:0.34641

#4: ForestMuskDeer2
position  1:    T:0.07843    C:0.33333    A:0.15686    G:0.43137
position  2:    T:0.11765    C:0.27451    A:0.25490    G:0.35294
position  3:    T:0.13725    C:0.37255    A:0.23529    G:0.25490
Average         T:0.11111    C:0.32680    A:0.21569    G:0.34641

#5: Camel          
position  1:    T:0.03922    C:0.33333    A:0.13725    G:0.49020
position  2:    T:0.11765    C:0.25490    A:0.31373    G:0.31373
position  3:    T:0.13725    C:0.39216    A:0.23529    G:0.23529
Average         T:0.09804    C:0.32680    A:0.22876    G:0.34641

#6: KillerWhale    
position  1:    T:0.09804    C:0.33333    A:0.17647    G:0.39216
position  2:    T:0.11765    C:0.25490    A:0.25490    G:0.37255
position  3:    T:0.09804    C:0.41176    A:0.21569    G:0.27451
Average         T:0.10458    C:0.33333    A:0.21569    G:0.34641

#7: DefassaWaterbuck
position  1:    T:0.07843    C:0.33333    A:0.15686    G:0.43137
position  2:    T:0.11765    C:0.25490    A:0.27451    G:0.35294
position  3:    T:0.09804    C:0.41176    A:0.23529    G:0.25490
Average         T:0.09804    C:0.33333    A:0.22222    G:0.34641

#8: Sheep          
position  1:    T:0.07843    C:0.35294    A:0.15686    G:0.41176
position  2:    T:0.11765    C:0.25490    A:0.27451    G:0.35294
position  3:    T:0.11765    C:0.39216    A:0.23529    G:0.25490
Average         T:0.10458    C:0.33333    A:0.22222    G:0.33987

#9: MaxwellsDuiker 
position  1:    T:0.07843    C:0.33333    A:0.15686    G:0.43137
position  2:    T:0.13725    C:0.25490    A:0.27451    G:0.33333
position  3:    T:0.15686    C:0.35294    A:0.23529    G:0.25490
Average         T:0.12418    C:0.31373    A:0.22222    G:0.33987

#10: GazellaPrzewalskyi
position  1:    T:0.07843    C:0.33333    A:0.15686    G:0.43137
position  2:    T:0.11765    C:0.25490    A:0.27451    G:0.35294
position  3:    T:0.11765    C:0.39216    A:0.23529    G:0.25490
Average         T:0.10458    C:0.32680    A:0.22222    G:0.34641

#11: MountainNyala  
position  1:    T:0.07843    C:0.33333    A:0.15686    G:0.43137
position  2:    T:0.11765    C:0.25490    A:0.27451    G:0.35294
position  3:    T:0.13725    C:0.37255    A:0.25490    G:0.23529
Average         T:0.11111    C:0.32026    A:0.22876    G:0.33987

#12: MuntiacusMuntjak
position  1:    T:0.07843    C:0.33333    A:0.15686    G:0.43137
position  2:    T:0.11765    C:0.25490    A:0.27451    G:0.35294
position  3:    T:0.11765    C:0.39216    A:0.23529    G:0.25490
Average         T:0.10458    C:0.32680    A:0.22222    G:0.34641

#13: goat           
position  1:    T:0.07843    C:0.35294    A:0.15686    G:0.41176
position  2:    T:0.11765    C:0.25490    A:0.27451    G:0.35294
position  3:    T:0.11765    C:0.39216    A:0.23529    G:0.25490
Average         T:0.10458    C:0.33333    A:0.22222    G:0.33987

#14: AfricanBuffalo 
position  1:    T:0.07843    C:0.33333    A:0.15686    G:0.43137
position  2:    T:0.11765    C:0.25490    A:0.25490    G:0.37255
position  3:    T:0.11765    C:0.39216    A:0.25490    G:0.23529
Average         T:0.10458    C:0.32680    A:0.22222    G:0.34641

#15: Topi           
position  1:    T:0.07843    C:0.35294    A:0.15686    G:0.41176
position  2:    T:0.11765    C:0.25490    A:0.27451    G:0.35294
position  3:    T:0.11765    C:0.39216    A:0.23529    G:0.25490
Average         T:0.10458    C:0.33333    A:0.22222    G:0.33987

#16: CommonDuiker   
position  1:    T:0.07843    C:0.33333    A:0.15686    G:0.43137
position  2:    T:0.13725    C:0.25490    A:0.27451    G:0.33333
position  3:    T:0.15686    C:0.33333    A:0.25490    G:0.25490
Average         T:0.12418    C:0.30719    A:0.22876    G:0.33987

#17: Suni           
position  1:    T:0.07843    C:0.33333    A:0.15686    G:0.43137
position  2:    T:0.11765    C:0.25490    A:0.27451    G:0.35294
position  3:    T:0.11765    C:0.39216    A:0.23529    G:0.25490
Average         T:0.10458    C:0.32680    A:0.22222    G:0.34641

#18: Springbuck     
position  1:    T:0.07843    C:0.33333    A:0.13725    G:0.45098
position  2:    T:0.11765    C:0.25490    A:0.27451    G:0.35294
position  3:    T:0.11765    C:0.39216    A:0.25490    G:0.23529
Average         T:0.10458    C:0.32680    A:0.22222    G:0.34641

#19: Okapi          
position  1:    T:0.07843    C:0.35294    A:0.13725    G:0.43137
position  2:    T:0.11765    C:0.25490    A:0.25490    G:0.37255
position  3:    T:0.13725    C:0.37255    A:0.27451    G:0.21569
Average         T:0.11111    C:0.32680    A:0.22222    G:0.33987

#20: Giraffe        
position  1:    T:0.07843    C:0.35294    A:0.13725    G:0.43137
position  2:    T:0.11765    C:0.25490    A:0.25490    G:0.37255
position  3:    T:0.15686    C:0.35294    A:0.25490    G:0.23529
Average         T:0.11765    C:0.32026    A:0.21569    G:0.34641

#21: TibetanAntelope
position  1:    T:0.07843    C:0.35294    A:0.15686    G:0.41176
position  2:    T:0.11765    C:0.25490    A:0.27451    G:0.35294
position  3:    T:0.11765    C:0.43137    A:0.21569    G:0.23529
Average         T:0.10458    C:0.34641    A:0.21569    G:0.33333

#22: Sitatunga      
position  1:    T:0.07843    C:0.33333    A:0.15686    G:0.43137
position  2:    T:0.11765    C:0.25490    A:0.27451    G:0.35294
position  3:    T:0.15686    C:0.35294    A:0.23529    G:0.25490
Average         T:0.11765    C:0.31373    A:0.22222    G:0.34641

#23: Oribi          
position  1:    T:0.07843    C:0.33333    A:0.15686    G:0.43137
position  2:    T:0.11765    C:0.25490    A:0.27451    G:0.35294
position  3:    T:0.09804    C:0.39216    A:0.25490    G:0.25490
Average         T:0.09804    C:0.32680    A:0.22876    G:0.34641

#24: BarbarySheep   
position  1:    T:0.07843    C:0.35294    A:0.15686    G:0.41176
position  2:    T:0.11765    C:0.25490    A:0.27451    G:0.35294
position  3:    T:0.11765    C:0.39216    A:0.23529    G:0.25490
Average         T:0.10458    C:0.33333    A:0.22222    G:0.33987

#25: Daviddeer      
position  1:    T:0.07843    C:0.33333    A:0.15686    G:0.43137
position  2:    T:0.11765    C:0.25490    A:0.27451    G:0.35294
position  3:    T:0.11765    C:0.39216    A:0.23529    G:0.25490
Average         T:0.10458    C:0.32680    A:0.22222    G:0.34641

#26: Reindeer       
position  1:    T:0.07843    C:0.33333    A:0.15686    G:0.43137
position  2:    T:0.11765    C:0.25490    A:0.27451    G:0.35294
position  3:    T:0.13725    C:0.37255    A:0.23529    G:0.25490
Average         T:0.11111    C:0.32026    A:0.22222    G:0.34641

#27: Ibex           
position  1:    T:0.07843    C:0.35294    A:0.15686    G:0.41176
position  2:    T:0.11765    C:0.25490    A:0.27451    G:0.35294
position  3:    T:0.11765    C:0.39216    A:0.23529    G:0.25490
Average         T:0.10458    C:0.33333    A:0.22222    G:0.33987

#28: GyrantGazelle  
position  1:    T:0.07843    C:0.33333    A:0.15686    G:0.43137
position  2:    T:0.11765    C:0.25490    A:0.27451    G:0.35294
position  3:    T:0.09804    C:0.41176    A:0.23529    G:0.25490
Average         T:0.09804    C:0.33333    A:0.22222    G:0.34641

#29: Hartebeest     
position  1:    T:0.07843    C:0.35294    A:0.15686    G:0.41176
position  2:    T:0.11765    C:0.25490    A:0.27451    G:0.35294
position  3:    T:0.11765    C:0.39216    A:0.23529    G:0.25490
Average         T:0.10458    C:0.33333    A:0.22222    G:0.33987

#30: Bongo          
position  1:    T:0.07843    C:0.33333    A:0.15686    G:0.43137
position  2:    T:0.11765    C:0.25490    A:0.27451    G:0.35294
position  3:    T:0.15686    C:0.35294    A:0.23529    G:0.25490
Average         T:0.11765    C:0.31373    A:0.22222    G:0.34641

#31: Gerenuk        
position  1:    T:0.07843    C:0.33333    A:0.15686    G:0.43137
position  2:    T:0.11765    C:0.25490    A:0.27451    G:0.35294
position  3:    T:0.09804    C:0.41176    A:0.25490    G:0.23529
Average         T:0.09804    C:0.33333    A:0.22876    G:0.33987

#32: CommonEland    
position  1:    T:0.07843    C:0.33333    A:0.15686    G:0.43137
position  2:    T:0.11765    C:0.25490    A:0.27451    G:0.35294
position  3:    T:0.15686    C:0.37255    A:0.23529    G:0.23529
Average         T:0.11765    C:0.32026    A:0.22222    G:0.33987

#33: MuntiacusReevesi
position  1:    T:0.07843    C:0.33333    A:0.15686    G:0.43137
position  2:    T:0.11765    C:0.25490    A:0.27451    G:0.35294
position  3:    T:0.13725    C:0.37255    A:0.25490    G:0.23529
Average         T:0.11111    C:0.32026    A:0.22876    G:0.33987

#34: HarveysDuiker  
position  1:    T:0.07843    C:0.33333    A:0.15686    G:0.43137
position  2:    T:0.13725    C:0.25490    A:0.27451    G:0.33333
position  3:    T:0.13725    C:0.37255    A:0.23529    G:0.25490
Average         T:0.11765    C:0.32026    A:0.22222    G:0.33987

#35: Pronghorn      
position  1:    T:0.07843    C:0.33333    A:0.15686    G:0.43137
position  2:    T:0.11765    C:0.25490    A:0.27451    G:0.35294
position  3:    T:0.09804    C:0.41176    A:0.23529    G:0.25490
Average         T:0.09804    C:0.33333    A:0.22222    G:0.34641

#36: BlueWildebeest 
position  1:    T:0.07843    C:0.35294    A:0.15686    G:0.41176
position  2:    T:0.11765    C:0.25490    A:0.27451    G:0.35294
position  3:    T:0.11765    C:0.39216    A:0.23529    G:0.25490
Average         T:0.10458    C:0.33333    A:0.22222    G:0.33987

#37: Gemsbok        
position  1:    T:0.07843    C:0.35294    A:0.15686    G:0.41176
position  2:    T:0.11765    C:0.25490    A:0.27451    G:0.35294
position  3:    T:0.13725    C:0.37255    A:0.21569    G:0.27451
Average         T:0.11111    C:0.32680    A:0.21569    G:0.34641

#38: Yak            
position  1:    T:0.07843    C:0.33333    A:0.15686    G:0.43137
position  2:    T:0.11765    C:0.27451    A:0.25490    G:0.35294
position  3:    T:0.11765    C:0.39216    A:0.23529    G:0.25490
Average         T:0.10458    C:0.33333    A:0.21569    G:0.34641

#39: BlueSheep      
position  1:    T:0.07843    C:0.35294    A:0.15686    G:0.41176
position  2:    T:0.11765    C:0.25490    A:0.27451    G:0.35294
position  3:    T:0.11765    C:0.39216    A:0.23529    G:0.25490
Average         T:0.10458    C:0.33333    A:0.22222    G:0.33987

#40: BohorReedbuck  
position  1:    T:0.07843    C:0.33333    A:0.15686    G:0.43137
position  2:    T:0.11765    C:0.25490    A:0.27451    G:0.35294
position  3:    T:0.11765    C:0.39216    A:0.23529    G:0.25490
Average         T:0.10458    C:0.32680    A:0.22222    G:0.34641

#41: KirksDik       
position  1:    T:0.07843    C:0.33333    A:0.15686    G:0.43137
position  2:    T:0.11765    C:0.25490    A:0.27451    G:0.35294
position  3:    T:0.09804    C:0.41176    A:0.23529    G:0.25490
Average         T:0.09804    C:0.33333    A:0.22222    G:0.34641

#42: RoeDeer        
position  1:    T:0.07843    C:0.33333    A:0.15686    G:0.43137
position  2:    T:0.11765    C:0.25490    A:0.27451    G:0.35294
position  3:    T:0.13725    C:0.37255    A:0.23529    G:0.25490
Average         T:0.11111    C:0.32026    A:0.22222    G:0.34641

#43: WhiteLippedDeer
position  1:    T:0.09804    C:0.31373    A:0.15686    G:0.43137
position  2:    T:0.11765    C:0.25490    A:0.27451    G:0.35294
position  3:    T:0.11765    C:0.39216    A:0.23529    G:0.25490
Average         T:0.11111    C:0.32026    A:0.22222    G:0.34641

#44: ThomsonGazelle 
position  1:    T:0.07843    C:0.33333    A:0.15686    G:0.43137
position  2:    T:0.11765    C:0.25490    A:0.27451    G:0.35294
position  3:    T:0.11765    C:0.39216    A:0.23529    G:0.25490
Average         T:0.10458    C:0.32680    A:0.22222    G:0.34641

#45: MuntiacusCrinifrons
position  1:    T:0.07843    C:0.33333    A:0.15686    G:0.43137
position  2:    T:0.11765    C:0.25490    A:0.27451    G:0.35294
position  3:    T:0.11765    C:0.37255    A:0.23529    G:0.27451
Average         T:0.10458    C:0.32026    A:0.22222    G:0.35294

#46: WhiteTailedDeer
position  1:    T:0.07843    C:0.33333    A:0.15686    G:0.43137
position  2:    T:0.11765    C:0.25490    A:0.27451    G:0.35294
position  3:    T:0.15686    C:0.35294    A:0.23529    G:0.25490
Average         T:0.11765    C:0.31373    A:0.22222    G:0.34641

#47: Cattle         
position  1:    T:0.07843    C:0.33333    A:0.15686    G:0.43137
position  2:    T:0.11765    C:0.27451    A:0.25490    G:0.35294
position  3:    T:0.11765    C:0.39216    A:0.23529    G:0.25490
Average         T:0.10458    C:0.33333    A:0.21569    G:0.34641

#48: RoyalAntelope  
position  1:    T:0.07843    C:0.33333    A:0.15686    G:0.43137
position  2:    T:0.11765    C:0.25490    A:0.27451    G:0.35294
position  3:    T:0.09804    C:0.43137    A:0.19608    G:0.27451
Average         T:0.09804    C:0.33987    A:0.20915    G:0.35294

#49: Steenbok       
position  1:    T:0.07843    C:0.33333    A:0.15686    G:0.43137
position  2:    T:0.11765    C:0.25490    A:0.27451    G:0.35294
position  3:    T:0.09804    C:0.41176    A:0.21569    G:0.27451
Average         T:0.09804    C:0.33333    A:0.21569    G:0.35294

#50: Impala         
position  1:    T:0.07843    C:0.33333    A:0.15686    G:0.43137
position  2:    T:0.11765    C:0.25490    A:0.27451    G:0.35294
position  3:    T:0.15686    C:0.35294    A:0.23529    G:0.25490
Average         T:0.11765    C:0.31373    A:0.22222    G:0.34641

#51: Klipspringer   
position  1:    T:0.07843    C:0.33333    A:0.15686    G:0.43137
position  2:    T:0.11765    C:0.25490    A:0.27451    G:0.35294
