CODONML (in paml version 4.10.7, June 2023)  /home/rachel/ruminants_paml/6406-phy-tree/ENSBTAT00000046823.fasta.phy
Model: free dN/dS Ratios for branches,  kappa = 2.000 fixed

Codon frequency model: F3x4
ns =  54  ls =  81

Codon usage in sequences
--------------------------------------------------------------------------------------------------------------------------------------
Phe TTT   1   1   1   1   1   1 | Ser TCT   1   1   1   1   2   1 | Tyr TAT   1   1   1   1   2   1 | Cys TGT   1   1   1   1   1   1
    TTC   3   3   3   3   4   3 |     TCC   2   2   2   2   1   2 |     TAC   0   0   0   0   0   0 |     TGC   2   2   2   2   2   2
Leu TTA   0   0   0   0   0   0 |     TCA   0   0   0   0   0   0 | *** TAA   0   0   0   0   0   0 | *** TGA   0   0   0   0   0   0
    TTG   1   1   1   2   1   0 |     TCG   0   0   0   0   0   0 |     TAG   0   0   0   0   0   0 | Trp TGG   0   0   0   0   0   0
--------------------------------------------------------------------------------------------------------------------------------------
Leu CTT   1   2   1   1   2   1 | Pro CCT   2   2   2   2   1   1 | His CAT   2   1   2   2   1   3 | Arg CGT   1   0   1   1   2   1
    CTC   4   4   4   4   2   3 |     CCC   1   1   1   1   1   1 |     CAC   2   2   2   2   1   1 |     CGC   1   2   1   1   1   1
    CTA   0   1   1   1   0   1 |     CCA   1   0   1   1   1   0 | Gln CAA   1   1   1   1   1   2 |     CGA   0   0   0   0   0   0
    CTG   1   0   0   0   2   2 |     CCG   0   1   0   0   0   2 |     CAG   5   5   4   5   4   5 |     CGG   1   1   2   1   1   1
--------------------------------------------------------------------------------------------------------------------------------------
Ile ATT   2   2   2   2   1   1 | Thr ACT   1   1   1   1   1   1 | Asn AAT   1   1   2   0   1   1 | Ser AGT   0   0   0   0   0   0
    ATC   0   0   0   0   1   1 |     ACC   0   0   0   0   0   0 |     AAC   1   1   0   2   1   1 |     AGC   0   0   0   0   0   0
    ATA   0   0   0   0   0   0 |     ACA   0   0   1   0   0   0 | Lys AAA   1   2   1   1   2   1 | Arg AGA   2   2   2   2   2   2
Met ATG   2   2   2   2   3   3 |     ACG   0   0   0   1   0   0 |     AAG   3   2   3   3   2   3 |     AGG   0   0   0   0   0   0
--------------------------------------------------------------------------------------------------------------------------------------
Val GTT   1   0   0   1   0   0 | Ala GCT   2   1   1   1   3   0 | Asp GAT   1   1   1   1   1   1 | Gly GGT   0   0   0   0   0   0
    GTC   1   2   1   1   2   2 |     GCC   4   5   5   5   4   6 |     GAC   1   1   1   1   1   1 |     GGC   2   2   2   2   2   2
    GTA   0   0   0   0   0   1 |     GCA   5   4   4   4   5   4 | Glu GAA   6   6   6   6   5   5 |     GGA   0   0   0   0   0   0
    GTG   3   3   4   2   2   2 |     GCG   0   0   0   0   0   0 |     GAG   6   6   6   6   7   6 |     GGG   1   2   1   1   1   1
--------------------------------------------------------------------------------------------------------------------------------------

--------------------------------------------------------------------------------------------------------------------------------------
Phe TTT   1   1   1   1   1   1 | Ser TCT   1   1   1   1   1   1 | Tyr TAT   1   1   1   1   1   1 | Cys TGT   1   1   1   1   1   1
    TTC   3   3   3   3   3   3 |     TCC   2   2   2   2   2   2 |     TAC   0   0   0   0   0   0 |     TGC   2   2   2   2   2   2
Leu TTA   0   0   0   0   0   0 |     TCA   0   0   0   0   0   0 | *** TAA   0   0   0   0   0   0 | *** TGA   0   0   0   0   0   0
    TTG   1   1   1   1   1   2 |     TCG   0   0   0   0   0   0 |     TAG   0   0   0   0   0   0 | Trp TGG   0   0   0   0   0   0
--------------------------------------------------------------------------------------------------------------------------------------
Leu CTT   1   1   1   1   1   1 | Pro CCT   2   2   2   2   2   2 | His CAT   2   2   2   2   2   2 | Arg CGT   1   1   1   1   1   1
    CTC   5   4   4   4   4   4 |     CCC   1   1   1   1   1   1 |     CAC   2   2   2   2   2   2 |     CGC   1   1   1   1   1   1
    CTA   0   0   1   0   1   0 |     CCA   1   1   0   2   1   0 | Gln CAA   1   1   1   1   1   1 |     CGA   0   0   0   0   0   0
    CTG   0   1   0   0   0   0 |     CCG   0   0   1   0   0   1 |     CAG   5   5   5   5   4   5 |     CGG   1   1   1   1   2   1
--------------------------------------------------------------------------------------------------------------------------------------
Ile ATT   2   2   2   2   2   2 | Thr ACT   1   1   1   1   1   1 | Asn AAT   1   1   1   1   2   1 | Ser AGT   0   0   0   0   0   0
    ATC   0   0   0   0   0   0 |     ACC   0   0   0   0   0   0 |     AAC   1   1   1   1   0   1 |     AGC   0   0   0   0   0   0
    ATA   0   0   0   0   0   0 |     ACA   0   0   0   1   1   0 | Lys AAA   1   1   1   1   1   1 | Arg AGA   2   2   2   2   2   2
Met ATG   2   2   2   2   2   2 |     ACG   0   0   0   0   0   0 |     AAG   3   3   3   3   3   3 |     AGG   0   0   0   0   0   0
--------------------------------------------------------------------------------------------------------------------------------------
Val GTT   1   1   1   1   0   1 | Ala GCT   2   2   1   2   1   1 | Asp GAT   1   1   2   1   1   1 | Gly GGT   0   0   0   0   0   0
    GTC   1   1   1   1   1   1 |     GCC   4   4   5   4   5   5 |     GAC   1   1   0   1   1   1 |     GGC   2   2   2   2   2   2
    GTA   0   0   0   0   0   0 |     GCA   5   5   5   4   4   5 | Glu GAA   6   6   6   6   6   6 |     GGA   0   0   0   0   0   0
    GTG   3   3   3   3   4   3 |     GCG   0   0   0   0   0   1 |     GAG   6   6   6   6   6   5 |     GGG   1   1   1   1   1   1
--------------------------------------------------------------------------------------------------------------------------------------

--------------------------------------------------------------------------------------------------------------------------------------
Phe TTT   1   1   1   1   1   1 | Ser TCT   1   1   1   1   1   1 | Tyr TAT   1   1   1   1   1   1 | Cys TGT   1   1   1   1   1   1
    TTC   3   3   3   3   3   3 |     TCC   2   2   2   2   2   2 |     TAC   0   0   0   0   0   0 |     TGC   2   2   2   2   2   2
Leu TTA   0   0   0   0   0   0 |     TCA   0   0   0   0   0   0 | *** TAA   0   0   0   0   0   0 | *** TGA   0   0   0   0   0   0
    TTG   1   1   1   1   1   1 |     TCG   0   0   0   0   0   0 |     TAG   0   0   0   0   0   0 | Trp TGG   0   0   0   0   0   0
--------------------------------------------------------------------------------------------------------------------------------------
Leu CTT   1   1   1   1   1   1 | Pro CCT   2   2   2   2   2   2 | His CAT   2   3   2   2   2   3 | Arg CGT   1   1   1   1   1   1
    CTC   4   4   5   4   4   4 |     CCC   1   1   1   1   1   1 |     CAC   2   1   2   2   2   1 |     CGC   1   1   1   1   1   1
    CTA   0   1   0   1   1   0 |     CCA   1   1   1   0   1   2 | Gln CAA   1   1   1   1   2   1 |     CGA   0   0   0   0   0   0
    CTG   1   0   0   0   0   0 |     CCG   0   0   0   1   0   0 |     CAG   5   4   5   5   4   5 |     CGG   1   2   1   1   1   1
--------------------------------------------------------------------------------------------------------------------------------------
Ile ATT   2   2   2   2   2   2 | Thr ACT   1   1   1   1   1   1 | Asn AAT   1   1   1   1   1   1 | Ser AGT   0   0   0   0   0   0
    ATC   0   0   0   0   0   0 |     ACC   0   0   0   0   0   0 |     AAC   1   1   1   1   1   1 |     AGC   0   0   0   0   0   0
    ATA   0   0   0   0   0   0 |     ACA   0   0   0   0   0   0 | Lys AAA   1   1   1   1   1   1 | Arg AGA   2   2   2   2   1   2
Met ATG   2   2   2   2   2   2 |     ACG   0   0   0   0   0   0 |     AAG   3   3   3   3   3   3 |     AGG   0   0   0   0   1   0
--------------------------------------------------------------------------------------------------------------------------------------
Val GTT   1   0   1   1   1   1 | Ala GCT   2   2   2   2   2   1 | Asp GAT   1   1   1   2   1   1 | Gly GGT   0   0   0   0   0   0
    GTC   1   1   1   1   1   1 |     GCC   4   4   4   5   4   5 |     GAC   1   1   1   0   1   1 |     GGC   2   2   2   2   2   2
    GTA   0   0   0   0   0   0 |     GCA   5   5   5   3   5   5 | Glu GAA   6   6   6   6   6   6 |     GGA   0   0   0   0   0   0
    GTG   3   4   3   3   3   3 |     GCG   0   0   0   1   0   0 |     GAG   6   6   6   6   6   6 |     GGG   1   1   1   1   1   1
--------------------------------------------------------------------------------------------------------------------------------------

--------------------------------------------------------------------------------------------------------------------------------------
Phe TTT   1   1   1   1   1   1 | Ser TCT   1   1   1   1   1   1 | Tyr TAT   1   1   1   1   1   1 | Cys TGT   1   1   1   1   1   1
    TTC   3   3   3   3   3   3 |     TCC   2   2   2   2   2   2 |     TAC   0   0   0   0   0   0 |     TGC   2   2   2   2   2   2
Leu TTA   0   0   0   0   0   0 |     TCA   0   0   0   0   0   0 | *** TAA   0   0   0   0   0   0 | *** TGA   0   0   0   0   0   0
    TTG   1   1   1   1   1   1 |     TCG   0   0   0   0   0   0 |     TAG   0   0   0   0   0   0 | Trp TGG   0   0   0   0   0   0
--------------------------------------------------------------------------------------------------------------------------------------
Leu CTT   1   1   1   1   1   1 | Pro CCT   2   2   2   2   2   2 | His CAT   3   3   2   2   2   2 | Arg CGT   1   1   1   1   1   1
    CTC   4   3   4   4   4   4 |     CCC   1   2   1   1   1   1 |     CAC   1   1   2   2   2   2 |     CGC   1   1   1   1   1   1
    CTA   1   1   0   1   0   0 |     CCA   1   1   1   1   2   1 | Gln CAA   1   1   1   1   1   1 |     CGA   0   0   0   0   0   0
    CTG   0   0   1   0   0   1 |     CCG   0   0   0   0   0   0 |     CAG   5   5   5   4   5   5 |     CGG   1   1   1   2   1   1
--------------------------------------------------------------------------------------------------------------------------------------
Ile ATT   2   2   2   2   2   2 | Thr ACT   1   1   1   1   1   1 | Asn AAT   1   0   1   2   1   1 | Ser AGT   0   0   0   0   0   0
    ATC   0   0   0   0   0   0 |     ACC   0   0   0   0   0   0 |     AAC   1   2   1   0   1   1 |     AGC   0   0   0   0   0   0
    ATA   0   0   0   0   0   0 |     ACA   0   0   0   1   0   0 | Lys AAA   1   1   1   1   1   1 | Arg AGA   2   2   2   2   2   2
Met ATG   2   2   2   2   2   2 |     ACG   0   0   0   0   0   0 |     AAG   3   3   3   3   3   3 |     AGG   0   0   0   0   0   0
--------------------------------------------------------------------------------------------------------------------------------------
Val GTT   1   1   1   0   1   1 | Ala GCT   1   1   2   1   2   2 | Asp GAT   1   1   1   1   1   1 | Gly GGT   0   0   0   0   0   0
    GTC   1   1   1   1   1   1 |     GCC   5   5   4   5   4   4 |     GAC   1   1   1   1   1   1 |     GGC   2   2   2   2   2   2
    GTA   0   0   0   0   1   0 |     GCA   5   5   5   4   5   5 | Glu GAA   6   5   6   6   6   6 |     GGA   0   0   0   0   0   0
    GTG   3   3   3   4   2   3 |     GCG   0   0   0   0   0   0 |     GAG   6   7   6   6   6   6 |     GGG   1   1   1   1   1   1
--------------------------------------------------------------------------------------------------------------------------------------

--------------------------------------------------------------------------------------------------------------------------------------
Phe TTT   1   1   1   1   1   1 | Ser TCT   1   1   1   1   1   1 | Tyr TAT   1   1   1   1   1   1 | Cys TGT   1   1   1   1   1   1
    TTC   3   3   3   3   3   3 |     TCC   2   1   2   2   2   2 |     TAC   0   0   0   0   0   0 |     TGC   2   2   2   2   2   2
Leu TTA   0   0   0   0   0   0 |     TCA   0   0   0   0   0   0 | *** TAA   0   0   0   0   0   0 | *** TGA   0   0   0   0   0   0
    TTG   1   1   1   1   1   1 |     TCG   0   1   0   0   0   0 |     TAG   0   0   0   0   0   0 | Trp TGG   0   0   0   0   0   0
--------------------------------------------------------------------------------------------------------------------------------------
Leu CTT   2   1   1   1   1   1 | Pro CCT   1   2   2   2   2   2 | His CAT   2   3   2   2   2   2 | Arg CGT   1   1   1   1   1   1
    CTC   4   4   4   4   5   4 |     CCC   1   1   1   1   1   1 |     CAC   2   1   2   2   2   2 |     CGC   1   1   1   1   1   1
    CTA   1   1   0   0   0   1 |     CCA   0   0   1   2   1   1 | Gln CAA   1   0   1   1   1   1 |     CGA   0   0   0   0   0   0
    CTG   0   0   1   0   0   0 |     CCG   1   1   0   0   0   0 |     CAG   5   6   5   5   5   4 |     CGG   1   1   1   1   1   2
--------------------------------------------------------------------------------------------------------------------------------------
Ile ATT   2   2   2   2   2   2 | Thr ACT   1   2   1   1   1   1 | Asn AAT   1   1   1   1   1   2 | Ser AGT   0   0   0   0   0   0
    ATC   0   0   0   0   0   0 |     ACC   0   0   0   0   0   0 |     AAC   1   1   1   1   1   0 |     AGC   0   0   0   0   0   0
    ATA   0   0   0   0   0   0 |     ACA   1   0   0   0   0   1 | Lys AAA   1   1   1   1   1   1 | Arg AGA   2   2   2   2   2   2
Met ATG   2   2   2   2   2   2 |     ACG   0   0   0   0   0   0 |     AAG   3   3   3   3   3   3 |     AGG   0   0   0   0   0   0
--------------------------------------------------------------------------------------------------------------------------------------
Val GTT   1   1   1   1   1   0 | Ala GCT   1   1   2   2   2   1 | Asp GAT   1   1   1   1   1   1 | Gly GGT   0   0   0   0   0   0
    GTC   1   1   1   1   1   1 |     GCC   5   5   4   4   4   5 |     GAC   1   1   1   1   1   1 |     GGC   2   2   2   2   2   2
    GTA   0   0   0   0   0   0 |     GCA   4   4   5   5   5   4 | Glu GAA   6   6   6   6   6   6 |     GGA   0   0   0   0   0   0
    GTG   3   3   3   3   3   4 |     GCG   1   1   0   0   0   0 |     GAG   5   5   6   6   6   6 |     GGG   1   1   1   1   1   1
--------------------------------------------------------------------------------------------------------------------------------------

--------------------------------------------------------------------------------------------------------------------------------------
Phe TTT   1   1   1   1   1   1 | Ser TCT   1   1   1   1   2   1 | Tyr TAT   1   1   1   1   1   1 | Cys TGT   1   1   1   1   1   1
    TTC   3   3   3   3   2   3 |     TCC   2   2   1   2   1   2 |     TAC   0   0   0   0   0   0 |     TGC   2   2   2   2   2   2
Leu TTA   0   0   0   0   1   0 |     TCA   0   0   0   0   0   0 | *** TAA   0   0   0   0   0   0 | *** TGA   0   0   0   0   0   0
    TTG   1   1   2   1   1   1 |     TCG   0   0   1   0   0   0 |     TAG   0   0   0   0   0   0 | Trp TGG   0   0   0   0   0   0
--------------------------------------------------------------------------------------------------------------------------------------
Leu CTT   1   1   1   1   1   1 | Pro CCT   2   2   2   2   2   2 | His CAT   2   2   2   3   2   2 | Arg CGT   1   1   1   1   1   1
    CTC   4   4   4   4   4   5 |     CCC   1   1   1   1   1   1 |     CAC   2   2   2   1   2   2 |     CGC   1   1   1   1   1   1
    CTA   0   1   0   1   1   0 |     CCA   2   1   0   0   1   1 | Gln CAA   1   0   1   1   1   1 |     CGA   0   0   0   0   0   0
    CTG   0   1   0   0   0   0 |     CCG   0   0   1   1   0   0 |     CAG   5   5   5   5   5   5 |     CGG   1   1   1   1   1   1
--------------------------------------------------------------------------------------------------------------------------------------
Ile ATT   2   2   2   2   2   2 | Thr ACT   1   1   1   1   1   1 | Asn AAT   1   2   1   1   1   1 | Ser AGT   0   0   0   0   0   0
    ATC   0   0   0   0   0   0 |     ACC   0   0   0   0   0   0 |     AAC   1   0   1   1   1   1 |     AGC   0   0   0   0   0   0
    ATA   0   0   0   0   0   0 |     ACA   0   1   0   0   0   0 | Lys AAA   1   1   1   1   1   1 | Arg AGA   2   2   2   2   2   2
Met ATG   2   2   3   2   2   2 |     ACG   0   0   0   0   0   0 |     AAG   3   3   3   3   3   3 |     AGG   0   0   0   0   0   0
--------------------------------------------------------------------------------------------------------------------------------------
Val GTT   1   0   1   1   1   1 | Ala GCT   2   1   1   2   1   2 | Asp GAT   1   1   1   1   1   1 | Gly GGT   0   0   0   0   0   0
    GTC   1   1   1   1   1   1 |     GCC   4   5   5   4   5   4 |     GAC   1   1   1   1   1   1 |     GGC   2   2   2   2   2   2
    GTA   0   0   0   0   0   0 |     GCA   5   4   5   5   5   5 | Glu GAA   6   6   6   6   6   6 |     GGA   0   0   0   0   0   0
    GTG   3   4   2   3   3   3 |     GCG   0   0   1   0   0   0 |     GAG   6   6   5   6   6   6 |     GGG   1   1   1   1   1   1
--------------------------------------------------------------------------------------------------------------------------------------

--------------------------------------------------------------------------------------------------------------------------------------
Phe TTT   1   1   1   1   1   1 | Ser TCT   1   1   1   1   1   1 | Tyr TAT   1   1   1   1   1   1 | Cys TGT   1   1   1   1   1   1
    TTC   3   3   3   3   3   3 |     TCC   2   2   2   2   2   1 |     TAC   0   0   0   0   0   0 |     TGC   2   2   2   2   2   2
Leu TTA   0   0   0   0   0   0 |     TCA   0   0   0   0   0   0 | *** TAA   0   0   0   0   0   0 | *** TGA   0   0   0   0   0   0
    TTG   1   2   1   1   1   1 |     TCG   0   0   0   0   0   1 |     TAG   0   0   0   0   0   0 | Trp TGG   0   0   0   0   0   0
--------------------------------------------------------------------------------------------------------------------------------------
Leu CTT   1   1   1   1   1   1 | Pro CCT   2   2   2   2   2   2 | His CAT   2   2   2   2   2   2 | Arg CGT   1   1   1   1   1   1
    CTC   4   4   4   5   4   4 |     CCC   1   1   1   1   1   1 |     CAC   2   2   2   2   2   2 |     CGC   1   1   1   1   1   1
    CTA   1   1   0   0   1   1 |     CCA   1   1   1   1   1   0 | Gln CAA   2   1   1   1   1   1 |     CGA   0   0   0   0   1   0
    CTG   0   0   1   0   0   0 |     CCG   0   0   0   0   0   1 |     CAG   4   4   5   5   5   5 |     CGG   1   2   1   1   1   1
--------------------------------------------------------------------------------------------------------------------------------------
Ile ATT   2   2   2   2   2   2 | Thr ACT   1   1   1   1   1   1 | Asn AAT   1   1   1   1   1   1 | Ser AGT   0   0   0   0   0   0
    ATC   0   0   0   0   0   0 |     ACC   0   0   0   0   0   0 |     AAC   1   1   1   1   1   1 |     AGC   0   0   0   0   0   0
    ATA   0   0   0   0   0   0 |     ACA   0   0   0   0   0   1 | Lys AAA   1   1   1   1   1   1 | Arg AGA   2   2   2   2   1   2
Met ATG   2   2   2   2   2   2 |     ACG   0   0   0   0   0   0 |     AAG   3   3   3   3   3   3 |     AGG   0   0   0   0   0   0
--------------------------------------------------------------------------------------------------------------------------------------
Val GTT   1   0   1   1   1   1 | Ala GCT   2   1   2   2   2   1 | Asp GAT   2   1   1   1   1   1 | Gly GGT   0   0   0   0   0   0
    GTC   1   1   1   1   1   1 |     GCC   4   6   4   4   4   5 |     GAC   0   1   1   1   1   1 |     GGC   2   2   2   2   2   2
    GTA   0   0   0   0   0   0 |     GCA   5   4   5   5   5   4 | Glu GAA   6   5   6   6   6   6 |     GGA   0   0   0   0   0   0
    GTG   3   3   3   3   3   4 |     GCG   0   0   0   0   0   0 |     GAG   6   7   6   6   6   5 |     GGG   1   1   1   1   1   1
--------------------------------------------------------------------------------------------------------------------------------------

--------------------------------------------------------------------------------------------------------------------------------------
Phe TTT   1   1   1   1   1   1 | Ser TCT   1   1   1   1   1   1 | Tyr TAT   1   1   1   1   1   1 | Cys TGT   1   1   1   1   1   1
    TTC   3   3   3   3   3   3 |     TCC   2   2   1   1   2   2 |     TAC   0   0   0   0   0   0 |     TGC   2   2   2   2   2   2
Leu TTA   0   0   0   0   0   0 |     TCA   0   0   0   0   0   0 | *** TAA   0   0   0   0   0   0 | *** TGA   0   0   0   0   0   0
    TTG   1   1   2   1   1   0 |     TCG   0   0   1   1   0   0 |     TAG   0   0   0   0   0   0 | Trp TGG   0   0   0   0   0   0
--------------------------------------------------------------------------------------------------------------------------------------
Leu CTT   2   1   1   1   1   1 | Pro CCT   1   2   2   2   2   2 | His CAT   2   2   2   2   2   1 | Arg CGT   1   1   1   0   1   1
    CTC   4   4   4   4   4   4 |     CCC   1   1   1   1   1   1 |     CAC   2   2   2   2   2   2 |     CGC   1   1   1   2   1   1
    CTA   1   0   0   1   1   1 |     CCA   0   2   0   0   1   1 | Gln CAA   1   1   1   0   1   1 |     CGA   0   0   0   0   0   0
    CTG   0   0   0   0   0   1 |     CCG   1   0   1   1   0   0 |     CAG   5   5   5   6   4   5 |     CGG   1   1   1   1   2   1
--------------------------------------------------------------------------------------------------------------------------------------
Ile ATT   2   2   2   2   2   2 | Thr ACT   1   1   1   1   1   1 | Asn AAT   1   1   1   1   1   1 | Ser AGT   0   0   0   0   0   0
    ATC   0   0   0   0   0   0 |     ACC   0   0   0   0   0   0 |     AAC   1   1   1   1   1   1 |     AGC   0   0   0   0   0   0
    ATA   0   0   0   0   0   0 |     ACA   1   0   1   1   0   0 | Lys AAA   1   1   1   1   1   1 | Arg AGA   2   2   2   2   2   2
Met ATG   2   2   2   2   2   2 |     ACG   0   0   0   0   0   0 |     AAG   3   3   3   3   3   3 |     AGG   0   0   0   0   0   0
--------------------------------------------------------------------------------------------------------------------------------------
Val GTT   1   1   1   1   0   1 | Ala GCT   1   2   1   1   1   2 | Asp GAT   2   1   1   1   1   2 | Gly GGT   0   0   0   0   0   0
    GTC   1   1   1   1   1   1 |     GCC   5   4   5   5   6   4 |     GAC   0   1   1   1   1   1 |     GGC   2   2   2   2   2   2
    GTA   0   0   0   0   0   0 |     GCA   4   5   4   4   4   4 | Glu GAA   6   6   6   6   6   6 |     GGA   0   0   0   0   0   0
    GTG   3   3   3   2   4   3 |     GCG   1   0   1   1   0   1 |     GAG   5   6   5   5   6   6 |     GGG   1   1   1   2   1   1
--------------------------------------------------------------------------------------------------------------------------------------

--------------------------------------------------------------------------------------------------------------------------------------
Phe TTT   1   1   1   1   1   1 | Ser TCT   1   1   1   1   1   1 | Tyr TAT   1   1   1   1   1   1 | Cys TGT   1   1   1   1   1   1
    TTC   3   3   3   3   3   3 |     TCC   2   2   2   2   2   2 |     TAC   0   0   0   0   0   0 |     TGC   2   2   2   2   2   2
Leu TTA   0   1   0   0   0   0 |     TCA   0   0   0   0   0   0 | *** TAA   0   0   0   0   0   0 | *** TGA   0   0   0   0   0   0
    TTG   1   1   2   2   1   1 |     TCG   0   0   0   0   0   0 |     TAG   0   0   0   0   0   0 | Trp TGG   0   0   0   0   0   0
--------------------------------------------------------------------------------------------------------------------------------------
Leu CTT   1   1   1   1   1   1 | Pro CCT   2   2   2   2   2   2 | His CAT   2   3   2   2   3   2 | Arg CGT   1   1   1   1   1   1
    CTC   4   4   4   4   4   4 |     CCC   1   1   1   1   1   1 |     CAC   3   1   2   2   1   2 |     CGC   0   1   1   1   1   1
    CTA   1   1   1   1   1   1 |     CCA   1   1   1   1   1   1 | Gln CAA   1   1   1   1   2   1 |     CGA   0   0   0   0   0   0
    CTG   0   0   0   0   0   0 |     CCG   0   0   0   0   0   0 |     CAG   5   5   5   5   3   4 |     CGG   1   1   1   1   2   2
--------------------------------------------------------------------------------------------------------------------------------------
Ile ATT   2   2   2   2   2   2 | Thr ACT   1   1   1   1   1   1 | Asn AAT   1   1   1   0   2   2 | Ser AGT   0   0   0   0   0   0
    ATC   0   0   0   0   0   0 |     ACC   0   0   0   0   0   0 |     AAC   1   1   1   2   0   0 |     AGC   0   0   0   0   0   0
    ATA   0   0   0   0   0   0 |     ACA   0   0   0   0   1   1 | Lys AAA   1   1   0   1   1   1 | Arg AGA   2   2   2   2   2   2
Met ATG   2   2   2   2   2   2 |     ACG   0   0   0   1   0   0 |     AAG   3   3   4   3   3   3 |     AGG   0   0   0   0   0   0
--------------------------------------------------------------------------------------------------------------------------------------
Val GTT   1   1   1   1   0   0 | Ala GCT   2   2   2   2   1   2 | Asp GAT   1   1   1   1   1   1 | Gly GGT   0   0   0   0   0   0
    GTC   1   1   1   1   1   1 |     GCC   4   4   4   4   5   4 |     GAC   1   1   1   1   1   1 |     GGC   2   2   2   2   2   2
    GTA   0   0   0   0   0   0 |     GCA   5   4   5   4   4   4 | Glu GAA   6   6   6   6   6   6 |     GGA   0   0   1   0   0   0
    GTG   3   3   2   2   4   4 |     GCG   0   0   0   0   0   0 |     GAG   6   6   6   6   6   6 |     GGG   1   1   0   1   1   1
--------------------------------------------------------------------------------------------------------------------------------------

Codon position x base (3x4) table for each sequence.

#1: Argali         
position  1:    T:0.14815    C:0.28395    A:0.16049    G:0.40741
position  2:    T:0.24691    C:0.23457    A:0.38272    G:0.13580
position  3:    T:0.22222    C:0.29630    A:0.19753    G:0.28395
Average         T:0.20576    C:0.27160    A:0.24691    G:0.27572

#2: LesserMouseDeer
position  1:    T:0.14815    C:0.28395    A:0.16049    G:0.40741
position  2:    T:0.25926    C:0.22222    A:0.37037    G:0.14815
position  3:    T:0.18519    C:0.33333    A:0.19753    G:0.28395
Average         T:0.19753    C:0.27984    A:0.24280    G:0.27984

#3: LesserKudu     
position  1:    T:0.14815    C:0.28395    A:0.17284    G:0.39506
position  2:    T:0.24691    C:0.23457    A:0.37037    G:0.14815
position  3:    T:0.20988    C:0.29630    A:0.20988    G:0.28395
Average         T:0.20165    C:0.27160    A:0.25103    G:0.27572

#4: ForestMuskDeer2
position  1:    T:0.16049    C:0.28395    A:0.17284    G:0.38272
position  2:    T:0.24691    C:0.23457    A:0.38272    G:0.13580
position  3:    T:0.19753    C:0.32099    A:0.19753    G:0.28395
Average         T:0.20165    C:0.27984    A:0.25103    G:0.26749

#5: Camel          
position  1:    T:0.17284    C:0.24691    A:0.17284    G:0.40741
position  2:    T:0.25926    C:0.23457    A:0.35802    G:0.14815
position  3:    T:0.23457    C:0.28395    A:0.19753    G:0.28395
Average         T:0.22222    C:0.25514    A:0.24280    G:0.27984

#6: KillerWhale    
position  1:    T:0.13580    C:0.30864    A:0.17284    G:0.38272
position  2:    T:0.25926    C:0.22222    A:0.38272    G:0.13580
position  3:    T:0.17284    C:0.32099    A:0.19753    G:0.30864
Average         T:0.18930    C:0.28395    A:0.25103    G:0.27572

#7: DefassaWaterbuck
position  1:    T:0.14815    C:0.28395    A:0.16049    G:0.40741
position  2:    T:0.24691    C:0.23457    A:0.38272    G:0.13580
position  3:    T:0.22222    C:0.30864    A:0.19753    G:0.27160
Average         T:0.20576    C:0.27572    A:0.24691    G:0.27160

#8: Sheep          
position  1:    T:0.14815    C:0.28395    A:0.16049    G:0.40741
position  2:    T:0.24691    C:0.23457    A:0.38272    G:0.13580
position  3:    T:0.22222    C:0.29630    A:0.19753    G:0.28395
Average         T:0.20576    C:0.27160    A:0.24691    G:0.27572

#9: MaxwellsDuiker 
position  1:    T:0.14815    C:0.28395    A:0.16049    G:0.40741
position  2:    T:0.24691    C:0.23457    A:0.38272    G:0.13580
position  3:    T:0.22222    C:0.29630    A:0.19753    G:0.28395
Average         T:0.20576    C:0.27160    A:0.24691    G:0.27572

#10: GazellaPrzewalskyi
position  1:    T:0.14815    C:0.28395    A:0.17284    G:0.39506
position  2:    T:0.23457    C:0.24691    A:0.38272    G:0.13580
position  3:    T:0.22222    C:0.29630    A:0.20988    G:0.27160
Average         T:0.20165    C:0.27572    A:0.25514    G:0.26749

#11: MountainNyala  
position  1:    T:0.14815    C:0.28395    A:0.17284    G:0.39506
position  2:    T:0.24691    C:0.23457    A:0.37037    G:0.14815
position  3:    T:0.20988    C:0.29630    A:0.20988    G:0.28395
Average         T:0.20165    C:0.27160    A:0.25103    G:0.27572

#12: MuntiacusMuntjak
position  1:    T:0.16049    C:0.27160    A:0.16049    G:0.40741
position  2:    T:0.24691    C:0.24691    A:0.37037    G:0.13580
position  3:    T:0.20988    C:0.30864    A:0.18519    G:0.29630
Average         T:0.20576    C:0.27572    A:0.23868    G:0.27984

#13: goat           
position  1:    T:0.14815    C:0.28395    A:0.16049    G:0.40741
position  2:    T:0.24691    C:0.23457    A:0.38272    G:0.13580
position  3:    T:0.22222    C:0.29630    A:0.19753    G:0.28395
Average         T:0.20576    C:0.27160    A:0.24691    G:0.27572

#14: AfricanBuffalo 
position  1:    T:0.14815    C:0.28395    A:0.16049    G:0.40741
position  2:    T:0.24691    C:0.23457    A:0.37037    G:0.14815
position  3:    T:0.22222    C:0.28395    A:0.20988    G:0.28395
Average         T:0.20576    C:0.26749    A:0.24691    G:0.27984

#15: Topi           
position  1:    T:0.14815    C:0.28395    A:0.16049    G:0.40741
position  2:    T:0.24691    C:0.23457    A:0.38272    G:0.13580
position  3:    T:0.22222    C:0.30864    A:0.19753    G:0.27160
Average         T:0.20576    C:0.27572    A:0.24691    G:0.27160

#16: CommonDuiker   
position  1:    T:0.14815    C:0.28395    A:0.16049    G:0.40741
position  2:    T:0.24691    C:0.23457    A:0.38272    G:0.13580
position  3:    T:0.23457    C:0.29630    A:0.17284    G:0.29630
Average         T:0.20988    C:0.27160    A:0.23868    G:0.27984

#17: Suni           
position  1:    T:0.14815    C:0.28395    A:0.16049    G:0.40741
position  2:    T:0.24691    C:0.23457    A:0.38272    G:0.13580
position  3:    T:0.22222    C:0.29630    A:0.20988    G:0.27160
Average         T:0.20576    C:0.27160    A:0.25103    G:0.27160

#18: Springbuck     
position  1:    T:0.14815    C:0.28395    A:0.16049    G:0.40741
position  2:    T:0.23457    C:0.24691    A:0.38272    G:0.13580
position  3:    T:0.22222    C:0.29630    A:0.20988    G:0.27160
Average         T:0.20165    C:0.27572    A:0.25103    G:0.27160

#19: Okapi          
position  1:    T:0.14815    C:0.28395    A:0.16049    G:0.40741
position  2:    T:0.24691    C:0.23457    A:0.38272    G:0.13580
position  3:    T:0.22222    C:0.29630    A:0.20988    G:0.27160
Average         T:0.20576    C:0.27160    A:0.25103    G:0.27160

#20: Giraffe        
position  1:    T:0.14815    C:0.28395    A:0.16049    G:0.40741
position  2:    T:0.23457    C:0.24691    A:0.38272    G:0.13580
position  3:    T:0.20988    C:0.30864    A:0.19753    G:0.28395
Average         T:0.19753    C:0.27984    A:0.24691    G:0.27572

#21: TibetanAntelope
position  1:    T:0.14815    C:0.28395    A:0.16049    G:0.40741
position  2:    T:0.24691    C:0.23457    A:0.38272    G:0.13580
position  3:    T:0.22222    C:0.29630    A:0.19753    G:0.28395
Average         T:0.20576    C:0.27160    A:0.24691    G:0.27572

#22: Sitatunga      
position  1:    T:0.14815    C:0.28395    A:0.17284    G:0.39506
position  2:    T:0.24691    C:0.23457    A:0.37037    G:0.14815
position  3:    T:0.20988    C:0.29630    A:0.20988    G:0.28395
Average         T:0.20165    C:0.27160    A:0.25103    G:0.27572

#23: Oribi          
position  1:    T:0.14815    C:0.28395    A:0.16049    G:0.40741
position  2:    T:0.23457    C:0.24691    A:0.38272    G:0.13580
position  3:    T:0.22222    C:0.29630    A:0.22222    G:0.25926
Average         T:0.20165    C:0.27572    A:0.25514    G:0.26749

#24: BarbarySheep   
position  1:    T:0.14815    C:0.28395    A:0.16049    G:0.40741
position  2:    T:0.24691    C:0.23457    A:0.38272    G:0.13580
position  3:    T:0.22222    C:0.29630    A:0.19753    G:0.28395
Average         T:0.20576    C:0.27160    A:0.24691    G:0.27572

#25: Daviddeer      
position  1:    T:0.14815    C:0.28395    A:0.17284    G:0.39506
position  2:    T:0.25926    C:0.23457    A:0.37037    G:0.13580
position  3:    T:0.20988    C:0.30864    A:0.19753    G:0.28395
Average         T:0.20576    C:0.27572    A:0.24691    G:0.27160

#26: Reindeer       
position  1:    T:0.14815    C:0.28395    A:0.17284    G:0.39506
position  2:    T:0.24691    C:0.24691    A:0.37037    G:0.13580
position  3:    T:0.23457    C:0.28395    A:0.17284    G:0.30864
Average         T:0.20988    C:0.27160    A:0.23868    G:0.27984

#27: Ibex           
position  1:    T:0.14815    C:0.28395    A:0.16049    G:0.40741
position  2:    T:0.24691    C:0.23457    A:0.38272    G:0.13580
position  3:    T:0.22222    C:0.29630    A:0.19753    G:0.28395
Average         T:0.20576    C:0.27160    A:0.24691    G:0.27572

#28: GyrantGazelle  
position  1:    T:0.14815    C:0.28395    A:0.16049    G:0.40741
position  2:    T:0.23457    C:0.24691    A:0.38272    G:0.13580
position  3:    T:0.22222    C:0.29630    A:0.20988    G:0.27160
Average         T:0.20165    C:0.27572    A:0.25103    G:0.27160

#29: Hartebeest     
position  1:    T:0.14815    C:0.28395    A:0.16049    G:0.40741
position  2:    T:0.24691    C:0.23457    A:0.38272    G:0.13580
position  3:    T:0.22222    C:0.30864    A:0.19753    G:0.27160
Average         T:0.20576    C:0.27572    A:0.24691    G:0.27160

#30: Bongo          
position  1:    T:0.14815    C:0.28395    A:0.17284    G:0.39506
position  2:    T:0.24691    C:0.23457    A:0.37037    G:0.14815
position  3:    T:0.20988    C:0.29630    A:0.20988    G:0.28395
Average         T:0.20165    C:0.27160    A:0.25103    G:0.27572

#31: Gerenuk        
position  1:    T:0.14815    C:0.28395    A:0.16049    G:0.40741
position  2:    T:0.23457    C:0.24691    A:0.38272    G:0.13580
position  3:    T:0.22222    C:0.29630    A:0.20988    G:0.27160
Average         T:0.20165    C:0.27572    A:0.25103    G:0.27160

#32: CommonEland    
position  1:    T:0.14815    C:0.28395    A:0.17284    G:0.39506
position  2:    T:0.25926    C:0.23457    A:0.37037    G:0.13580
position  3:    T:0.20988    C:0.29630    A:0.19753    G:0.29630
Average         T:0.20576    C:0.27160    A:0.24691    G:0.27572

#33: MuntiacusReevesi
position  1:    T:0.16049    C:0.27160    A:0.17284    G:0.39506
position  2:    T:0.24691    C:0.24691    A:0.37037    G:0.13580
position  3:    T:0.20988    C:0.29630    A:0.18519    G:0.30864
Average         T:0.20576    C:0.27160    A:0.24280    G:0.27984

#34: HarveysDuiker  
position  1:    T:0.14815    C:0.28395    A:0.16049    G:0.40741
position  2:    T:0.24691    C:0.23457    A:0.38272    G:0.13580
position  3:    T:0.23457    C:0.28395    A:0.19753    G:0.28395
Average         T:0.20988    C:0.26749    A:0.24691    G:0.27572

#35: Pronghorn      
position  1:    T:0.14815    C:0.28395    A:0.16049    G:0.40741
position  2:    T:0.24691    C:0.23457    A:0.38272    G:0.13580
position  3:    T:0.22222    C:0.28395    A:0.22222    G:0.27160
Average         T:0.20576    C:0.26749    A:0.25514    G:0.27160

#36: BlueWildebeest 
position  1:    T:0.14815    C:0.28395    A:0.16049    G:0.40741
position  2:    T:0.24691    C:0.23457    A:0.38272    G:0.13580
position  3:    T:0.22222    C:0.30864    A:0.19753    G:0.27160
Average         T:0.20576    C:0.27572    A:0.24691    G:0.27160

#37: Gemsbok        
position  1:    T:0.14815    C:0.28395    A:0.16049    G:0.40741
position  2:    T:0.24691    C:0.23457    A:0.38272    G:0.13580
position  3:    T:0.23457    C:0.28395    A:0.22222    G:0.25926
Average         T:0.20988    C:0.26749    A:0.25514    G:0.26749

#38: Yak            
position  1:    T:0.16049    C:0.28395    A:0.16049    G:0.39506
position  2:    T:0.24691    C:0.23457    A:0.37037    G:0.14815
position  3:    T:0.19753    C:0.32099    A:0.18519    G:0.29630
Average         T:0.20165    C:0.27984    A:0.23868    G:0.27984

#39: BlueSheep      
position  1:    T:0.14815    C:0.28395    A:0.16049    G:0.40741
position  2:    T:0.24691    C:0.23457    A:0.38272    G:0.13580
position  3:    T:0.22222    C:0.29630    A:0.19753    G:0.28395
Average         T:0.20576    C:0.27160    A:0.24691    G:0.27572

#40: BohorReedbuck  
position  1:    T:0.14815    C:0.28395    A:0.16049    G:0.40741
position  2:    T:0.24691    C:0.23457    A:0.38272    G:0.13580
position  3:    T:0.22222    C:0.30864    A:0.19753    G:0.27160
Average         T:0.20576    C:0.27572    A:0.24691    G:0.27160

#41: KirksDik       
position  1:    T:0.14815    C:0.29630    A:0.14815    G:0.40741
position  2:    T:0.24691    C:0.23457    A:0.38272    G:0.13580
position  3:    T:0.22222    C:0.29630    A:0.20988    G:0.27160
Average         T:0.20576    C:0.27572    A:0.24691    G:0.27160

#42: RoeDeer        
position  1:    T:0.14815    C:0.28395    A:0.17284    G:0.39506
position  2:    T:0.25926    C:0.23457    A:0.37037    G:0.13580
position  3:    T:0.20988    C:0.29630    A:0.19753    G:0.29630
Average         T:0.20576    C:0.27160    A:0.24691    G:0.27572

#43: WhiteLippedDeer
position  1:    T:0.14815    C:0.28395    A:0.17284    G:0.39506
position  2:    T:0.25926    C:0.23457    A:0.37037    G:0.13580
position  3:    T:0.22222    C:0.29630    A:0.19753    G:0.28395
Average         T:0.20988    C:0.27160    A:0.24691    G:0.27160

#44: ThomsonGazelle 
position  1:    T:0.14815    C:0.28395    A:0.16049    G:0.40741
position  2:    T:0.23457    C:0.24691    A:0.38272    G:0.13580
position  3:    T:0.22222    C:0.29630    A:0.20988    G:0.27160
Average         T:0.20165    C:0.27572    A:0.25103    G:0.27160

#45: MuntiacusCrinifrons
position  1:    T:0.16049    C:0.27160    A:0.17284    G:0.39506
position  2:    T:0.24691    C:0.24691    A:0.37037    G:0.13580
position  3:    T:0.20988    C:0.29630    A:0.18519    G:0.30864
Average         T:0.20576    C:0.27160    A:0.24280    G:0.27984

#46: WhiteTailedDeer
position  1:    T:0.14815    C:0.28395    A:0.17284    G:0.39506
position  2:    T:0.23457    C:0.24691    A:0.37037    G:0.14815
position  3:    T:0.19753    C:0.30864    A:0.18519    G:0.30864
Average         T:0.19342    C:0.27984    A:0.24280    G:0.28395

#47: Cattle         
position  1:    T:0.14815    C:0.28395    A:0.16049    G:0.40741
position  2:    T:0.24691    C:0.23457    A:0.37037    G:0.14815
position  3:    T:0.19753    C:0.32099    A:0.19753    G:0.28395
Average         T:0.19753    C:0.27984    A:0.24280    G:0.27984

#48: RoyalAntelope  
position  1:    T:0.13580    C:0.28395    A:0.16049    G:0.41975
position  2:    T:0.24691    C:0.23457    A:0.38272    G:0.13580
position  3:    T:0.22222    C:0.29630    A:0.19753    G:0.28395
Average         T:0.20165    C:0.27160    A:0.24691    G:0.27984

#49: Steenbok       
position  1:    T:0.14815    C:0.28395    A:0.16049    G:0.40741
position  2:    T:0.24691    C:0.23457    A:0.39506    G:0.12346
position  3:    T:0.22222    C:0.29630    A:0.20988    G:0.27160
Average         T:0.20576    C:0.27160    A:0.25514    G:0.26749

#50: Impala         
position  1:    T:0.16049    C:0.28395    A:0.16049    G:0.39506
position  2:    T:0.25926    C:0.22222    A:0.38272    G:0.13580
position  3:    T:0.23457    C:0.28395    A:0.20988    G:0.27160
Average         T:0.21811    C:0.26337    A:0.25103    G:0.26749

#51: Klipspringer   
position  1:    T:0.16049    C:0.28395    A:0.16049    G:0.39506
position  2:    T:0.24691    C:0.23457    A:0.38272    G:0.13580
