CODONML (in paml version 4.10.7, June 2023)  /home/rachel/ruminants_paml/6406-phy-tree/ENSBTAT00000026712.fasta.phy
Model: free dN/dS Ratios for branches,  kappa = 2.000 fixed

Codon frequency model: F3x4
ns =  54  ls = 115

Codon usage in sequences
--------------------------------------------------------------------------------------------------------------------------------------
Phe TTT   1   1   1   1   1   1 | Ser TCT   2   2   3   2   3   3 | Tyr TAT   1   1   1   1   1   1 | Cys TGT   2   2   2   2   1   1
    TTC   3   3   3   3   3   3 |     TCC   5   5   4   6   4   4 |     TAC   0   0   0   0   0   0 |     TGC   2   2   2   2   3   3
Leu TTA   2   2   2   2   2   2 |     TCA   1   1   1   0   0   0 | *** TAA   0   0   0   0   0   0 | *** TGA   0   0   0   0   0   0
    TTG   2   1   1   0   1   1 |     TCG   1   1   1   1   2   2 |     TAG   0   0   0   0   0   0 | Trp TGG   2   2   2   2   2   2
--------------------------------------------------------------------------------------------------------------------------------------
Leu CTT   0   0   0   1   0   0 | Pro CCT   2   2   2   2   1   1 | His CAT   0   0   0   0   0   0 | Arg CGT   0   0   0   0   0   0
    CTC   1   1   1   1   2   2 |     CCC   3   3   3   3   3   3 |     CAC   1   1   1   1   1   1 |     CGC   1   1   1   1   1   1
    CTA   1   1   1   1   1   1 |     CCA   3   2   3   3   3   4 | Gln CAA   3   3   3   2   3   3 |     CGA   0   0   0   0   0   0
    CTG   4   5   5   5   4   4 |     CCG   0   1   0   0   1   0 |     CAG   3   3   3   4   3   3 |     CGG   0   0   0   0   0   0
--------------------------------------------------------------------------------------------------------------------------------------
Ile ATT   5   5   5   5   5   5 | Thr ACT   1   1   2   1   1   1 | Asn AAT   2   1   3   2   2   1 | Ser AGT   3   2   2   3   3   3
    ATC   2   2   2   2   2   2 |     ACC   3   2   2   3   2   3 |     AAC   2   3   1   2   2   3 |     AGC   3   4   4   3   3   2
    ATA   1   1   1   1   1   1 |     ACA   3   4   3   3   2   3 | Lys AAA   3   3   3   4   3   3 | Arg AGA   0   0   0   0   0   0
Met ATG   4   4   4   4   4   4 |     ACG   0   0   0   0   2   1 |     AAG   2   2   2   1   2   2 |     AGG   2   2   2   2   2   2
--------------------------------------------------------------------------------------------------------------------------------------
Val GTT   2   1   2   2   1   1 | Ala GCT   0   0   1   0   1   0 | Asp GAT   2   3   2   3   2   3 | Gly GGT   1   1   1   1   1   1
    GTC   2   2   2   2   2   2 |     GCC   2   3   1   2   0   1 |     GAC   6   5   6   5   6   5 |     GGC   0   0   0   0   0   0
    GTA   1   2   1   1   2   2 |     GCA   3   1   3   3   4   4 | Glu GAA   2   2   4   4   3   3 |     GGA   5   6   5   5   5   5
    GTG   2   2   2   2   2   2 |     GCG   0   0   0   0   0   0 |     GAG   5   5   3   3   4   4 |     GGG   0   0   0   0   0   0
--------------------------------------------------------------------------------------------------------------------------------------

--------------------------------------------------------------------------------------------------------------------------------------
Phe TTT   1   1   1   1   1   1 | Ser TCT   3   2   2   2   2   3 | Tyr TAT   1   1   1   1   1   1 | Cys TGT   2   2   2   2   2   2
    TTC   3   3   3   3   3   3 |     TCC   4   5   5   5   5   5 |     TAC   0   0   0   0   0   0 |     TGC   2   2   2   2   2   2
Leu TTA   2   2   2   2   3   2 |     TCA   1   1   1   1   1   1 | *** TAA   0   0   0   0   0   0 | *** TGA   0   0   0   0   0   0
    TTG   1   2   2   1   0   1 |     TCG   1   1   1   1   1   0 |     TAG   0   0   0   0   0   0 | Trp TGG   2   2   2   2   2   2
--------------------------------------------------------------------------------------------------------------------------------------
Leu CTT   0   0   0   0   0   0 | Pro CCT   2   2   3   3   2   2 | His CAT   0   0   0   0   0   0 | Arg CGT   0   0   0   0   0   0
    CTC   1   1   1   1   1   1 |     CCC   3   3   2   2   3   3 |     CAC   1   1   1   1   1   1 |     CGC   1   1   1   1   1   1
    CTA   1   1   1   1   1   1 |     CCA   3   3   3   3   3   3 | Gln CAA   3   3   3   3   3   3 |     CGA   0   0   0   0   0   0
    CTG   5   4   4   5   5   5 |     CCG   0   0   0   0   0   0 |     CAG   3   3   3   3   3   3 |     CGG   0   0   0   0   0   0
--------------------------------------------------------------------------------------------------------------------------------------
Ile ATT   5   5   5   4   5   5 | Thr ACT   1   1   1   2   2   2 | Asn AAT   2   2   2   2   3   2 | Ser AGT   3   3   3   3   2   3
    ATC   2   2   2   3   2   2 |     ACC   3   3   3   2   2   2 |     AAC   2   2   2   2   1   2 |     AGC   3   3   3   3   4   3
    ATA   1   1   1   1   1   1 |     ACA   3   3   3   3   3   3 | Lys AAA   3   3   3   3   3   3 | Arg AGA   0   0   0   0   0   0
Met ATG   4   4   4   4   4   4 |     ACG   0   0   0   0   0   0 |     AAG   2   2   2   2   2   2 |     AGG   2   2   2   2   2   2
--------------------------------------------------------------------------------------------------------------------------------------
Val GTT   2   2   2   2   2   2 | Ala GCT   0   0   0   0   1   0 | Asp GAT   3   2   1   2   2   2 | Gly GGT   1   1   1   1   1   1
    GTC   2   2   2   2   2   2 |     GCC   2   2   2   2   1   2 |     GAC   6   6   7   6   6   6 |     GGC   0   0   0   0   0   0
    GTA   1   1   1   1   1   1 |     GCA   3   3   3   3   3   3 | Glu GAA   2   2   2   2   3   3 |     GGA   5   5   5   5   5   5
    GTG   2   2   2   2   2   2 |     GCG   0   0   0   0   0   0 |     GAG   4   5   5   5   4   4 |     GGG   0   0   0   0   0   0
--------------------------------------------------------------------------------------------------------------------------------------

--------------------------------------------------------------------------------------------------------------------------------------
Phe TTT   1   1   1   1   1   1 | Ser TCT   2   2   2   2   2   2 | Tyr TAT   1   1   1   1   1   1 | Cys TGT   2   2   2   2   2   2
    TTC   3   3   3   3   3   3 |     TCC   5   5   5   5   6   5 |     TAC   0   0   0   0   0   0 |     TGC   2   2   2   2   2   2
Leu TTA   2   2   2   2   2   1 |     TCA   1   1   1   1   0   1 | *** TAA   0   0   0   0   0   0 | *** TGA   0   0   0   0   0   0
    TTG   2   1   1   2   1   2 |     TCG   1   1   1   1   1   1 |     TAG   0   0   0   0   0   0 | Trp TGG   2   2   2   2   2   2
--------------------------------------------------------------------------------------------------------------------------------------
Leu CTT   0   0   0   0   0   0 | Pro CCT   2   2   2   2   2   2 | His CAT   0   0   0   0   0   0 | Arg CGT   0   0   0   0   0   0
    CTC   1   1   1   1   1   1 |     CCC   3   3   3   3   3   3 |     CAC   1   1   1   1   1   1 |     CGC   1   1   1   1   1   1
    CTA   1   1   1   1   1   1 |     CCA   3   3   3   3   3   3 | Gln CAA   3   3   3   3   3   3 |     CGA   0   0   0   0   0   0
    CTG   4   5   5   4   5   5 |     CCG   0   0   0   0   0   0 |     CAG   3   3   3   3   3   3 |     CGG   0   0   0   0   0   0
--------------------------------------------------------------------------------------------------------------------------------------
Ile ATT   5   5   5   5   5   5 | Thr ACT   1   1   1   1   1   1 | Asn AAT   3   3   2   2   2   2 | Ser AGT   3   2   3   3   3   3
    ATC   2   2   2   2   2   2 |     ACC   3   3   3   3   3   3 |     AAC   1   1   2   2   2   2 |     AGC   3   4   3   3   3   3
    ATA   1   1   1   1   1   1 |     ACA   3   3   3   3   3   3 | Lys AAA   3   3   3   3   3   3 | Arg AGA   0   0   0   0   0   0
Met ATG   4   4   4   4   4   4 |     ACG   0   0   0   0   0   0 |     AAG   2   2   2   2   2   2 |     AGG   2   2   2   2   2   2
--------------------------------------------------------------------------------------------------------------------------------------
Val GTT   2   2   2   2   2   2 | Ala GCT   0   0   0   0   0   0 | Asp GAT   2   3   2   1   2   2 | Gly GGT   1   1   1   1   1   1
    GTC   2   2   2   2   2   2 |     GCC   2   2   2   2   3   2 |     GAC   6   5   6   7   6   6 |     GGC   0   0   0   0   0   0
    GTA   1   1   1   1   1   1 |     GCA   3   3   3   3   2   3 | Glu GAA   2   3   2   2   2   2 |     GGA   5   5   5   5   5   5
    GTG   2   2   2   2   2   2 |     GCG   0   0   0   0   0   0 |     GAG   5   4   5   5   5   5 |     GGG   0   0   0   0   0   0
--------------------------------------------------------------------------------------------------------------------------------------

--------------------------------------------------------------------------------------------------------------------------------------
Phe TTT   1   1   1   1   1   1 | Ser TCT   3   2   2   2   2   2 | Tyr TAT   1   1   1   1   1   1 | Cys TGT   1   1   2   2   2   2
    TTC   3   3   3   3   3   3 |     TCC   4   5   5   5   5   5 |     TAC   0   0   0   0   0   0 |     TGC   3   3   2   2   2   2
Leu TTA   2   2   2   2   2   2 |     TCA   1   1   1   1   1   1 | *** TAA   0   0   0   0   0   0 | *** TGA   0   0   0   0   0   0
    TTG   1   1   1   1   0   2 |     TCG   1   1   1   1   1   1 |     TAG   0   0   0   0   0   0 | Trp TGG   2   2   2   2   2   2
--------------------------------------------------------------------------------------------------------------------------------------
Leu CTT   0   0   0   0   0   0 | Pro CCT   2   2   2   2   2   2 | His CAT   0   0   0   0   0   0 | Arg CGT   0   0   0   0   0   0
    CTC   1   1   1   1   1   1 |     CCC   3   3   3   3   3   3 |     CAC   1   1   1   1   1   1 |     CGC   1   1   1   1   1   1
    CTA   1   1   1   1   1   1 |     CCA   3   3   3   3   3   3 | Gln CAA   3   3   3   3   3   3 |     CGA   0   0   0   0   0   0
    CTG   5   5   5   5   6   4 |     CCG   0   0   0   0   0   0 |     CAG   3   3   3   3   3   3 |     CGG   0   0   0   0   0   0
--------------------------------------------------------------------------------------------------------------------------------------
Ile ATT   5   5   5   5   5   5 | Thr ACT   1   1   1   2   1   1 | Asn AAT   2   2   2   3   2   2 | Ser AGT   3   3   3   2   3   3
    ATC   2   2   2   2   2   2 |     ACC   3   3   3   2   3   3 |     AAC   2   2   2   1   2   2 |     AGC   3   3   3   4   3   3
    ATA   1   1   1   1   1   1 |     ACA   3   3   3   3   3   3 | Lys AAA   3   3   3   3   3   3 | Arg AGA   0   0   0   0   0   0
Met ATG   4   4   4   4   4   4 |     ACG   0   0   0   0   0   0 |     AAG   2   2   2   2   2   2 |     AGG   2   2   2   2   2   2
--------------------------------------------------------------------------------------------------------------------------------------
Val GTT   2   2   2   2   2   2 | Ala GCT   0   0   0   1   0   0 | Asp GAT   3   3   2   2   2   2 | Gly GGT   1   1   1   1   1   1
    GTC   2   2   2   2   2   2 |     GCC   2   2   2   1   2   2 |     GAC   5   5   6   6   6   6 |     GGC   0   0   0   0   0   0
    GTA   1   1   1   1   1   1 |     GCA   3   3   3   3   3   3 | Glu GAA   4   4   2   3   2   2 |     GGA   5   5   5   5   5   5
    GTG   2   2   2   2   2   2 |     GCG   0   0   0   0   0   0 |     GAG   3   3   5   4   5   5 |     GGG   0   0   0   0   0   0
--------------------------------------------------------------------------------------------------------------------------------------

--------------------------------------------------------------------------------------------------------------------------------------
Phe TTT   1   1   1   1   1   1 | Ser TCT   2   2   2   2   2   2 | Tyr TAT   1   1   1   1   1   1 | Cys TGT   2   2   2   2   2   2
    TTC   3   3   3   3   3   3 |     TCC   5   5   5   5   5   5 |     TAC   0   0   0   0   0   0 |     TGC   2   2   2   2   2   2
Leu TTA   2   2   2   2   2   2 |     TCA   1   1   1   1   1   1 | *** TAA   0   0   0   0   0   0 | *** TGA   0   0   0   0   0   0
    TTG   1   1   2   1   1   1 |     TCG   1   1   1   1   1   1 |     TAG   0   0   0   0   0   0 | Trp TGG   2   2   2   2   2   2
--------------------------------------------------------------------------------------------------------------------------------------
Leu CTT   0   0   0   0   0   0 | Pro CCT   2   2   2   2   2   2 | His CAT   0   0   0   0   0   0 | Arg CGT   0   0   0   0   0   0
    CTC   1   1   1   1   1   1 |     CCC   3   3   3   3   3   3 |     CAC   1   1   1   1   1   1 |     CGC   1   1   1   1   1   1
    CTA   1   1   1   1   1   1 |     CCA   3   3   3   2   3   3 | Gln CAA   3   3   3   3   3   3 |     CGA   0   0   0   0   0   0
    CTG   5   5   4   5   5   5 |     CCG   0   0   0   1   0   0 |     CAG   3   3   3   3   3   3 |     CGG   0   0   0   0   0   0
--------------------------------------------------------------------------------------------------------------------------------------
Ile ATT   5   5   5   5   5   5 | Thr ACT   2   2   1   1   1   2 | Asn AAT   2   2   3   2   2   3 | Ser AGT   3   3   3   3   3   2
    ATC   2   2   2   2   2   2 |     ACC   2   2   3   3   3   2 |     AAC   2   2   1   2   2   1 |     AGC   3   3   3   3   3   4
    ATA   1   1   1   1   1   1 |     ACA   3   3   3   3   3   3 | Lys AAA   3   3   3   3   3   3 | Arg AGA   0   0   0   0   0   0
Met ATG   4   4   4   4   4   4 |     ACG   0   0   0   0   0   0 |     AAG   2   2   2   2   2   2 |     AGG   2   2   2   2   2   2
--------------------------------------------------------------------------------------------------------------------------------------
Val GTT   2   2   2   2   2   2 | Ala GCT   0   0   0   1   0   1 | Asp GAT   2   2   2   2   2   2 | Gly GGT   1   1   1   1   1   1
    GTC   2   2   2   2   2   2 |     GCC   2   2   2   1   2   1 |     GAC   6   6   6   6   6   6 |     GGC   0   0   0   0   0   0
    GTA   1   1   1   1   1   1 |     GCA   3   3   3   3   3   3 | Glu GAA   3   3   2   2   2   3 |     GGA   5   5   5   5   5   5
    GTG   2   2   2   2   2   2 |     GCG   0   0   0   0   0   0 |     GAG   4   4   5   5   5   4 |     GGG   0   0   0   0   0   0
--------------------------------------------------------------------------------------------------------------------------------------

--------------------------------------------------------------------------------------------------------------------------------------
Phe TTT   2   1   1   1   1   1 | Ser TCT   3   2   2   2   2   3 | Tyr TAT   1   1   1   1   1   1 | Cys TGT   2   2   2   2   2   2
    TTC   2   3   3   3   3   3 |     TCC   4   5   5   5   5   4 |     TAC   0   0   0   0   0   0 |     TGC   2   2   2   2   2   2
Leu TTA   1   2   2   2   2   2 |     TCA   1   1   1   1   1   1 | *** TAA   0   0   0   0   0   0 | *** TGA   0   0   0   0   0   0
    TTG   2   1   1   2   1   1 |     TCG   1   1   1   1   1   1 |     TAG   0   0   0   0   0   0 | Trp TGG   2   2   2   2   2   2
--------------------------------------------------------------------------------------------------------------------------------------
Leu CTT   0   0   0   0   0   0 | Pro CCT   2   2   2   2   2   2 | His CAT   0   0   0   0   0   0 | Arg CGT   0   0   0   0   0   0
    CTC   1   1   1   1   1   1 |     CCC   3   3   3   3   3   3 |     CAC   1   1   1   1   1   1 |     CGC   1   1   1   1   1   1
    CTA   1   1   1   1   1   1 |     CCA   3   3   2   3   3   3 | Gln CAA   3   3   3   3   3   3 |     CGA   0   0   0   0   0   0
    CTG   5   5   5   4   5   5 |     CCG   0   0   1   0   0   0 |     CAG   3   3   3   3   3   3 |     CGG   0   0   0   0   0   0
--------------------------------------------------------------------------------------------------------------------------------------
Ile ATT   5   5   6   5   5   5 | Thr ACT   1   2   1   1   1   1 | Asn AAT   2   3   2   2   2   2 | Ser AGT   3   2   3   3   3   3
    ATC   2   2   1   2   2   2 |     ACC   3   2   3   3   3   3 |     AAC   2   1   2   2   2   2 |     AGC   3   4   3   3   3   3
    ATA   1   1   1   1   1   1 |     ACA   3   3   3   3   3   3 | Lys AAA   3   3   3   3   3   3 | Arg AGA   0   0   0   0   0   0
Met ATG   4   4   4   4   4   4 |     ACG   0   0   0   0   0   0 |     AAG   2   2   2   2   2   2 |     AGG   2   2   2   2   2   2
--------------------------------------------------------------------------------------------------------------------------------------
Val GTT   2   2   2   2   2   2 | Ala GCT   0   1   0   0   0   0 | Asp GAT   2   2   2   1   4   2 | Gly GGT   1   1   1   1   1   1
    GTC   2   2   2   2   2   2 |     GCC   2   1   2   2   2   2 |     GAC   6   6   6   7   4   6 |     GGC   0   0   0   0   0   0
    GTA   1   1   1   1   1   1 |     GCA   3   3   3   2   3   3 | Glu GAA   2   3   3   3   4   2 |     GGA   5   5   5   5   5   5
    GTG   2   2   2   2   2   2 |     GCG   0   0   0   1   0   0 |     GAG   5   4   4   4   3   5 |     GGG   0   0   0   0   0   0
--------------------------------------------------------------------------------------------------------------------------------------

--------------------------------------------------------------------------------------------------------------------------------------
Phe TTT   1   1   1   1   1   1 | Ser TCT   2   2   2   3   2   2 | Tyr TAT   1   1   1   1   1   1 | Cys TGT   2   2   2   2   2   2
    TTC   3   3   3   3   3   3 |     TCC   5   5   5   4   5   5 |     TAC   0   0   0   0   0   0 |     TGC   2   2   2   2   2   2
Leu TTA   2   2   2   2   2   2 |     TCA   1   1   1   1   1   1 | *** TAA   0   0   0   0   0   0 | *** TGA   0   0   0   0   0   0
    TTG   1   1   2   1   1   1 |     TCG   1   1   1   1   1   1 |     TAG   0   0   0   0   0   0 | Trp TGG   2   2   2   2   2   2
--------------------------------------------------------------------------------------------------------------------------------------
Leu CTT   0   0   0   0   0   0 | Pro CCT   2   2   2   2   2   2 | His CAT   0   0   0   0   0   0 | Arg CGT   0   0   0   0   0   0
    CTC   1   1   1   1   1   1 |     CCC   3   3   3   3   3   3 |     CAC   1   1   1   1   1   1 |     CGC   1   1   1   1   1   1
    CTA   1   1   1   1   1   1 |     CCA   3   3   3   3   3   3 | Gln CAA   3   3   3   3   3   3 |     CGA   0   0   0   0   0   0
    CTG   5   5   4   5   5   5 |     CCG   0   0   0   0   0   0 |     CAG   3   3   3   3   3   3 |     CGG   0   0   0   0   0   0
--------------------------------------------------------------------------------------------------------------------------------------
Ile ATT   5   5   5   5   5   5 | Thr ACT   1   1   1   1   1   2 | Asn AAT   2   3   2   2   2   2 | Ser AGT   3   2   3   3   3   3
    ATC   2   2   2   2   2   2 |     ACC   3   3   3   3   3   2 |     AAC   2   1   2   2   2   2 |     AGC   3   4   3   3   3   3
    ATA   1   1   1   1   1   1 |     ACA   3   3   3   3   3   3 | Lys AAA   3   3   3   3   3   3 | Arg AGA   0   0   0   0   0   0
Met ATG   4   4   4   4   4   4 |     ACG   0   0   0   0   0   0 |     AAG   2   2   2   2   2   2 |     AGG   2   2   2   2   2   2
--------------------------------------------------------------------------------------------------------------------------------------
Val GTT   2   2   2   2   2   2 | Ala GCT   0   1   0   0   0   0 | Asp GAT   2   2   2   2   2   2 | Gly GGT   1   1   1   1   1   1
    GTC   2   2   2   2   2   2 |     GCC   2   1   2   2   2   2 |     GAC   6   6   6   6   6   6 |     GGC   0   0   0   0   0   0
    GTA   1   1   1   1   1   1 |     GCA   2   3   3   3   3   3 | Glu GAA   2   3   2   2   2   3 |     GGA   5   5   5   5   5   5
    GTG   2   2   2   2   2   2 |     GCG   1   0   0   0   0   0 |     GAG   5   4   5   5   5   4 |     GGG   0   0   0   0   0   0
--------------------------------------------------------------------------------------------------------------------------------------

--------------------------------------------------------------------------------------------------------------------------------------
Phe TTT   1   1   1   1   1   1 | Ser TCT   2   2   2   2   2   2 | Tyr TAT   1   1   1   1   1   1 | Cys TGT   2   2   2   2   2   2
    TTC   3   3   3   3   3   3 |     TCC   5   5   5   5   5   5 |     TAC   0   0   0   0   0   0 |     TGC   2   2   2   2   2   2
Leu TTA   2   1   2   2   2   2 |     TCA   1   1   1   1   1   1 | *** TAA   0   0   0   0   0   0 | *** TGA   0   0   0   0   0   0
    TTG   1   2   1   1   1   2 |     TCG   1   1   1   1   1   1 |     TAG   0   0   0   0   0   0 | Trp TGG   2   2   2   2   2   2
--------------------------------------------------------------------------------------------------------------------------------------
Leu CTT   0   0   0   0   0   0 | Pro CCT   2   2   2   2   2   2 | His CAT   0   0   0   0   0   0 | Arg CGT   0   0   0   0   0   0
    CTC   1   1   1   1   1   1 |     CCC   3   3   3   3   3   3 |     CAC   1   1   1   1   1   1 |     CGC   1   1   1   1   1   1
    CTA   1   1   1   1   1   1 |     CCA   3   2   3   3   3   3 | Gln CAA   3   3   3   3   3   3 |     CGA   0   0   0   0   0   0
    CTG   5   5   5   5   5   4 |     CCG   0   1   0   0   0   0 |     CAG   3   3   3   3   3   3 |     CGG   0   0   0   0   0   0
--------------------------------------------------------------------------------------------------------------------------------------
Ile ATT   5   4   5   5   5   4 | Thr ACT   2   2   2   2   1   1 | Asn AAT   2   2   2   2   3   2 | Ser AGT   3   3   3   3   2   3
    ATC   2   3   2   2   2   3 |     ACC   2   2   2   2   3   3 |     AAC   2   2   2   2   1   2 |     AGC   3   3   3   3   4   3
    ATA   1   1   1   1   1   1 |     ACA   3   3   3   3   3   3 | Lys AAA   3   3   3   3   3   3 | Arg AGA   0   0   0   0   0   0
Met ATG   4   4   4   4   4   4 |     ACG   0   0   0   0   0   0 |     AAG   2   2   2   2   2   2 |     AGG   2   2   2   2   2   2
--------------------------------------------------------------------------------------------------------------------------------------
Val GTT   2   2   2   2   2   2 | Ala GCT   0   1   0   0   0   0 | Asp GAT   2   2   2   2   2   2 | Gly GGT   1   1   1   1   1   1
    GTC   2   2   2   2   2   2 |     GCC   2   1   2   2   2   2 |     GAC   6   6   6   6   6   6 |     GGC   0   0   0   0   0   0
    GTA   1   1   1   1   1   1 |     GCA   3   3   3   3   3   3 | Glu GAA   3   2   3   3   3   2 |     GGA   5   5   5   5   5   5
    GTG   2   2   2   2   2   2 |     GCG   0   0   0   0   0   0 |     GAG   4   5   4   4   4   5 |     GGG   0   0   0   0   0   0
--------------------------------------------------------------------------------------------------------------------------------------

--------------------------------------------------------------------------------------------------------------------------------------
Phe TTT   1   1   1   1   1   1 | Ser TCT   2   2   2   2   2   2 | Tyr TAT   1   1   1   1   1   1 | Cys TGT   2   2   2   2   2   2
    TTC   3   3   3   3   3   3 |     TCC   5   5   5   6   5   5 |     TAC   0   0   0   0   0   0 |     TGC   2   2   2   2   2   2
Leu TTA   2   2   2   2   2   2 |     TCA   1   1   1   0   1   1 | *** TAA   0   0   0   0   0   0 | *** TGA   0   0   0   0   0   0
    TTG   1   2   2   1   1   1 |     TCG   1   1   1   1   1   1 |     TAG   0   0   0   0   0   0 | Trp TGG   2   2   2   2   2   2
--------------------------------------------------------------------------------------------------------------------------------------
Leu CTT   0   0   0   0   0   0 | Pro CCT   2   2   2   1   2   2 | His CAT   0   0   0   0   0   0 | Arg CGT   0   0   0   0   0   0
    CTC   1   1   1   1   1   1 |     CCC   3   3   3   4   3   3 |     CAC   1   1   1   1   1   1 |     CGC   1   1   1   1   1   1
    CTA   1   1   1   1   1   1 |     CCA   3   3   3   3   3   3 | Gln CAA   3   3   3   3   3   3 |     CGA   0   0   0   0   0   0
    CTG   5   4   4   5   5   5 |     CCG   0   0   0   0   0   0 |     CAG   3   3   3   3   3   3 |     CGG   0   0   0   0   0   0
--------------------------------------------------------------------------------------------------------------------------------------
Ile ATT   5   5   5   5   5   5 | Thr ACT   1   1   1   1   2   2 | Asn AAT   2   2   2   2   3   3 | Ser AGT   3   3   3   3   2   2
    ATC   2   2   2   2   2   2 |     ACC   3   3   3   4   2   2 |     AAC   2   2   2   2   1   1 |     AGC   3   3   3   3   4   4
    ATA   1   1   1   1   1   1 |     ACA   3   3   3   2   3   3 | Lys AAA   3   3   3   3   3   3 | Arg AGA   0   0   0   0   0   0
Met ATG   4   4   4   4   4   4 |     ACG   0   0   0   0   0   0 |     AAG   2   2   2   2   2   2 |     AGG   2   2   2   2   2   2
--------------------------------------------------------------------------------------------------------------------------------------
Val GTT   2   2   2   2   2   2 | Ala GCT   0   0   0   0   1   1 | Asp GAT   2   2   2   2   2   2 | Gly GGT   1   1   1   1   1   1
    GTC   2   2   2   2   2   2 |     GCC   2   2   2   2   1   1 |     GAC   6   6   6   6   6   6 |     GGC   0   0   0   0   0   0
    GTA   1   1   1   1   1   1 |     GCA   3   3   3   3   3   3 | Glu GAA   2   2   3   3   3   3 |     GGA   5   5   5   5   5   5
    GTG   2   2   2   2   2   2 |     GCG   0   0   0   0   0   0 |     GAG   5   5   4   4   4   4 |     GGG   0   0   0   0   0   0
--------------------------------------------------------------------------------------------------------------------------------------

Codon position x base (3x4) table for each sequence.

#1: Argali         
position  1:    T:0.20870    C:0.19130    A:0.31304    G:0.28696
position  2:    T:0.28696    C:0.25217    A:0.27826    G:0.18261
position  3:    T:0.20870    C:0.31304    A:0.24348    G:0.23478
Average         T:0.23478    C:0.25217    A:0.27826    G:0.23478

#2: LesserMouseDeer
position  1:    T:0.20000    C:0.20000    A:0.31304    G:0.28696
position  2:    T:0.28696    C:0.24348    A:0.27826    G:0.19130
position  3:    T:0.19130    C:0.32174    A:0.24348    G:0.24348
Average         T:0.22609    C:0.25507    A:0.27826    G:0.24058

#3: LesserKudu     
position  1:    T:0.20000    C:0.20000    A:0.31304    G:0.28696
position  2:    T:0.28696    C:0.25217    A:0.27826    G:0.18261
position  3:    T:0.23478    C:0.28696    A:0.26087    G:0.21739
Average         T:0.24058    C:0.24638    A:0.28406    G:0.22899

#4: ForestMuskDeer2
position  1:    T:0.19130    C:0.20870    A:0.31304    G:0.28696
position  2:    T:0.28696    C:0.25217    A:0.27826    G:0.18261
position  3:    T:0.22609    C:0.31304    A:0.25217    G:0.20870
Average         T:0.23478    C:0.25797    A:0.28116    G:0.22609

#5: Camel          
position  1:    T:0.20000    C:0.20000    A:0.31304    G:0.28696
position  2:    T:0.28696    C:0.25217    A:0.27826    G:0.18261
position  3:    T:0.20000    C:0.29565    A:0.25217    G:0.25217
Average         T:0.22899    C:0.24928    A:0.28116    G:0.24058

#6: KillerWhale    
position  1:    T:0.20000    C:0.20000    A:0.31304    G:0.28696
position  2:    T:0.28696    C:0.26087    A:0.27826    G:0.17391
position  3:    T:0.19130    C:0.30435    A:0.26957    G:0.23478
Average         T:0.22609    C:0.25507    A:0.28696    G:0.23188

#7: DefassaWaterbuck
position  1:    T:0.20000    C:0.20000    A:0.31304    G:0.28696
position  2:    T:0.28696    C:0.25217    A:0.27826    G:0.18261
position  3:    T:0.22609    C:0.30435    A:0.24348    G:0.22609
Average         T:0.23768    C:0.25217    A:0.27826    G:0.23188

#8: Sheep          
position  1:    T:0.20870    C:0.19130    A:0.31304    G:0.28696
position  2:    T:0.28696    C:0.25217    A:0.27826    G:0.18261
position  3:    T:0.20870    C:0.31304    A:0.24348    G:0.23478
Average         T:0.23478    C:0.25217    A:0.27826    G:0.23478

#9: MaxwellsDuiker 
position  1:    T:0.20870    C:0.19130    A:0.31304    G:0.28696
position  2:    T:0.28696    C:0.25217    A:0.27826    G:0.18261
position  3:    T:0.20870    C:0.31304    A:0.24348    G:0.23478
Average         T:0.23478    C:0.25217    A:0.27826    G:0.23478

#10: GazellaPrzewalskyi
position  1:    T:0.20000    C:0.20000    A:0.31304    G:0.28696
position  2:    T:0.28696    C:0.25217    A:0.27826    G:0.18261
position  3:    T:0.21739    C:0.30435    A:0.24348    G:0.23478
Average         T:0.23478    C:0.25217    A:0.27826    G:0.23478

#11: MountainNyala  
position  1:    T:0.20000    C:0.20000    A:0.31304    G:0.28696
position  2:    T:0.28696    C:0.25217    A:0.27826    G:0.18261
position  3:    T:0.22609    C:0.29565    A:0.26087    G:0.21739
Average         T:0.23768    C:0.24928    A:0.28406    G:0.22899

#12: MuntiacusMuntjak
position  1:    T:0.20000    C:0.20000    A:0.31304    G:0.28696
position  2:    T:0.28696    C:0.25217    A:0.27826    G:0.18261
position  3:    T:0.22609    C:0.30435    A:0.25217    G:0.21739
Average         T:0.23768    C:0.25217    A:0.28116    G:0.22899

#13: goat           
position  1:    T:0.20870    C:0.19130    A:0.31304    G:0.28696
position  2:    T:0.28696    C:0.25217    A:0.27826    G:0.18261
position  3:    T:0.21739    C:0.30435    A:0.24348    G:0.23478
Average         T:0.23768    C:0.24928    A:0.27826    G:0.23478

#14: AfricanBuffalo 
position  1:    T:0.20000    C:0.20000    A:0.31304    G:0.28696
position  2:    T:0.28696    C:0.25217    A:0.27826    G:0.18261
position  3:    T:0.21739    C:0.30435    A:0.25217    G:0.22609
Average         T:0.23478    C:0.25217    A:0.28116    G:0.23188

#15: Topi           
position  1:    T:0.20000    C:0.20000    A:0.31304    G:0.28696
position  2:    T:0.28696    C:0.25217    A:0.27826    G:0.18261
position  3:    T:0.20870    C:0.31304    A:0.24348    G:0.23478
Average         T:0.23188    C:0.25507    A:0.27826    G:0.23478

#16: CommonDuiker   
position  1:    T:0.20870    C:0.19130    A:0.31304    G:0.28696
position  2:    T:0.28696    C:0.25217    A:0.27826    G:0.18261
position  3:    T:0.20000    C:0.32174    A:0.24348    G:0.23478
Average         T:0.23188    C:0.25507    A:0.27826    G:0.23478

#17: Suni           
position  1:    T:0.20000    C:0.20000    A:0.31304    G:0.28696
position  2:    T:0.28696    C:0.25217    A:0.27826    G:0.18261
position  3:    T:0.20870    C:0.33043    A:0.22609    G:0.23478
Average         T:0.23188    C:0.26087    A:0.27246    G:0.23478

#18: Springbuck     
position  1:    T:0.20000    C:0.20000    A:0.31304    G:0.28696
position  2:    T:0.28696    C:0.25217    A:0.27826    G:0.18261
position  3:    T:0.20870    C:0.31304    A:0.23478    G:0.24348
Average         T:0.23188    C:0.25507    A:0.27536    G:0.23768

#19: Okapi          
position  1:    T:0.20000    C:0.20000    A:0.31304    G:0.28696
position  2:    T:0.28696    C:0.25217    A:0.27826    G:0.18261
position  3:    T:0.21739    C:0.30435    A:0.26087    G:0.21739
Average         T:0.23478    C:0.25217    A:0.28406    G:0.22899

#20: Giraffe        
position  1:    T:0.20000    C:0.20000    A:0.31304    G:0.28696
position  2:    T:0.28696    C:0.25217    A:0.27826    G:0.18261
position  3:    T:0.20870    C:0.31304    A:0.26087    G:0.21739
Average         T:0.23188    C:0.25507    A:0.28406    G:0.22899

#21: TibetanAntelope
position  1:    T:0.20000    C:0.20000    A:0.31304    G:0.28696
position  2:    T:0.28696    C:0.25217    A:0.27826    G:0.18261
position  3:    T:0.20870    C:0.31304    A:0.24348    G:0.23478
Average         T:0.23188    C:0.25507    A:0.27826    G:0.23478

#22: Sitatunga      
position  1:    T:0.20000    C:0.20000    A:0.31304    G:0.28696
position  2:    T:0.28696    C:0.25217    A:0.27826    G:0.18261
position  3:    T:0.22609    C:0.29565    A:0.25217    G:0.22609
Average         T:0.23768    C:0.24928    A:0.28116    G:0.23188

#23: Oribi          
position  1:    T:0.19130    C:0.20870    A:0.31304    G:0.28696
position  2:    T:0.28696    C:0.25217    A:0.27826    G:0.18261
position  3:    T:0.20870    C:0.31304    A:0.24348    G:0.23478
Average         T:0.22899    C:0.25797    A:0.27826    G:0.23478

#24: BarbarySheep   
position  1:    T:0.20870    C:0.19130    A:0.31304    G:0.28696
position  2:    T:0.28696    C:0.25217    A:0.27826    G:0.18261
position  3:    T:0.20870    C:0.31304    A:0.24348    G:0.23478
Average         T:0.23478    C:0.25217    A:0.27826    G:0.23478

#25: Daviddeer      
position  1:    T:0.20000    C:0.20000    A:0.31304    G:0.28696
position  2:    T:0.28696    C:0.25217    A:0.27826    G:0.18261
position  3:    T:0.21739    C:0.30435    A:0.25217    G:0.22609
Average         T:0.23478    C:0.25217    A:0.28116    G:0.23188

#26: Reindeer       
position  1:    T:0.20000    C:0.20000    A:0.31304    G:0.28696
position  2:    T:0.28696    C:0.25217    A:0.27826    G:0.18261
position  3:    T:0.21739    C:0.30435    A:0.25217    G:0.22609
Average         T:0.23478    C:0.25217    A:0.28116    G:0.23188

#27: Ibex           
position  1:    T:0.20870    C:0.19130    A:0.31304    G:0.28696
position  2:    T:0.28696    C:0.25217    A:0.27826    G:0.18261
position  3:    T:0.21739    C:0.30435    A:0.24348    G:0.23478
Average         T:0.23768    C:0.24928    A:0.27826    G:0.23478

#28: GyrantGazelle  
position  1:    T:0.20000    C:0.20000    A:0.31304    G:0.28696
position  2:    T:0.28696    C:0.25217    A:0.27826    G:0.18261
position  3:    T:0.21739    C:0.30435    A:0.23478    G:0.24348
Average         T:0.23478    C:0.25217    A:0.27536    G:0.23768

#29: Hartebeest     
position  1:    T:0.20000    C:0.20000    A:0.31304    G:0.28696
position  2:    T:0.28696    C:0.25217    A:0.27826    G:0.18261
position  3:    T:0.20870    C:0.31304    A:0.24348    G:0.23478
Average         T:0.23188    C:0.25507    A:0.27826    G:0.23478

#30: Bongo          
position  1:    T:0.20000    C:0.20000    A:0.31304    G:0.28696
position  2:    T:0.28696    C:0.25217    A:0.27826    G:0.18261
position  3:    T:0.22609    C:0.29565    A:0.25217    G:0.22609
Average         T:0.23768    C:0.24928    A:0.28116    G:0.23188

#31: Gerenuk        
position  1:    T:0.20000    C:0.20000    A:0.31304    G:0.28696
position  2:    T:0.28696    C:0.25217    A:0.27826    G:0.18261
position  3:    T:0.22609    C:0.29565    A:0.23478    G:0.24348
Average         T:0.23768    C:0.24928    A:0.27536    G:0.23768

#32: CommonEland    
position  1:    T:0.20000    C:0.20000    A:0.31304    G:0.28696
position  2:    T:0.28696    C:0.25217    A:0.27826    G:0.18261
position  3:    T:0.22609    C:0.29565    A:0.25217    G:0.22609
Average         T:0.23768    C:0.24928    A:0.28116    G:0.23188

#33: MuntiacusReevesi
position  1:    T:0.20000    C:0.20000    A:0.31304    G:0.28696
position  2:    T:0.28696    C:0.25217    A:0.27826    G:0.18261
position  3:    T:0.21739    C:0.30435    A:0.24348    G:0.23478
Average         T:0.23478    C:0.25217    A:0.27826    G:0.23478

#34: HarveysDuiker  
position  1:    T:0.20870    C:0.19130    A:0.31304    G:0.28696
position  2:    T:0.28696    C:0.25217    A:0.27826    G:0.18261
position  3:    T:0.20000    C:0.32174    A:0.24348    G:0.23478
Average         T:0.23188    C:0.25507    A:0.27826    G:0.23478

#35: Pronghorn      
position  1:    T:0.20000    C:0.20000    A:0.31304    G:0.28696
position  2:    T:0.28696    C:0.25217    A:0.27826    G:0.18261
position  3:    T:0.22609    C:0.29565    A:0.26087    G:0.21739
Average         T:0.23768    C:0.24928    A:0.28406    G:0.22899

#36: BlueWildebeest 
position  1:    T:0.20000    C:0.20000    A:0.31304    G:0.28696
position  2:    T:0.28696    C:0.25217    A:0.27826    G:0.18261
position  3:    T:0.21739    C:0.30435    A:0.24348    G:0.23478
Average         T:0.23478    C:0.25217    A:0.27826    G:0.23478

#37: Gemsbok        
position  1:    T:0.20000    C:0.20000    A:0.31304    G:0.28696
position  2:    T:0.28696    C:0.25217    A:0.27826    G:0.18261
position  3:    T:0.20870    C:0.31304    A:0.23478    G:0.24348
Average         T:0.23188    C:0.25507    A:0.27536    G:0.23768

#38: Yak            
position  1:    T:0.20000    C:0.20000    A:0.31304    G:0.28696
position  2:    T:0.28696    C:0.25217    A:0.27826    G:0.18261
position  3:    T:0.21739    C:0.30435    A:0.25217    G:0.22609
Average         T:0.23478    C:0.25217    A:0.28116    G:0.23188

#39: BlueSheep      
position  1:    T:0.20870    C:0.19130    A:0.31304    G:0.28696
position  2:    T:0.28696    C:0.25217    A:0.27826    G:0.18261
position  3:    T:0.20870    C:0.31304    A:0.24348    G:0.23478
Average         T:0.23478    C:0.25217    A:0.27826    G:0.23478

#40: BohorReedbuck  
position  1:    T:0.20000    C:0.20000    A:0.31304    G:0.28696
position  2:    T:0.28696    C:0.25217    A:0.27826    G:0.18261
position  3:    T:0.21739    C:0.30435    A:0.24348    G:0.23478
Average         T:0.23478    C:0.25217    A:0.27826    G:0.23478

#41: KirksDik       
position  1:    T:0.20000    C:0.20000    A:0.31304    G:0.28696
position  2:    T:0.28696    C:0.25217    A:0.27826    G:0.18261
position  3:    T:0.20870    C:0.31304    A:0.24348    G:0.23478
Average         T:0.23188    C:0.25507    A:0.27826    G:0.23478

#42: RoeDeer        
position  1:    T:0.20000    C:0.20000    A:0.31304    G:0.28696
position  2:    T:0.28696    C:0.25217    A:0.27826    G:0.18261
position  3:    T:0.21739    C:0.30435    A:0.25217    G:0.22609
Average         T:0.23478    C:0.25217    A:0.28116    G:0.23188

#43: WhiteLippedDeer
position  1:    T:0.20000    C:0.20000    A:0.31304    G:0.28696
position  2:    T:0.28696    C:0.25217    A:0.27826    G:0.18261
position  3:    T:0.21739    C:0.30435    A:0.25217    G:0.22609
Average         T:0.23478    C:0.25217    A:0.28116    G:0.23188

#44: ThomsonGazelle 
position  1:    T:0.20000    C:0.20000    A:0.31304    G:0.28696
position  2:    T:0.28696    C:0.25217    A:0.27826    G:0.18261
position  3:    T:0.21739    C:0.30435    A:0.22609    G:0.25217
Average         T:0.23478    C:0.25217    A:0.27246    G:0.24058

#45: MuntiacusCrinifrons
position  1:    T:0.20000    C:0.20000    A:0.31304    G:0.28696
position  2:    T:0.28696    C:0.25217    A:0.27826    G:0.18261
position  3:    T:0.21739    C:0.30435    A:0.25217    G:0.22609
Average         T:0.23478    C:0.25217    A:0.28116    G:0.23188

#46: WhiteTailedDeer
position  1:    T:0.20000    C:0.20000    A:0.31304    G:0.28696
position  2:    T:0.28696    C:0.25217    A:0.27826    G:0.18261
position  3:    T:0.21739    C:0.30435    A:0.25217    G:0.22609
Average         T:0.23478    C:0.25217    A:0.28116    G:0.23188

#47: Cattle         
position  1:    T:0.20000    C:0.20000    A:0.31304    G:0.28696
position  2:    T:0.28696    C:0.25217    A:0.27826    G:0.18261
position  3:    T:0.20870    C:0.31304    A:0.25217    G:0.22609
Average         T:0.23188    C:0.25507    A:0.28116    G:0.23188

#48: RoyalAntelope  
position  1:    T:0.20870    C:0.19130    A:0.31304    G:0.28696
position  2:    T:0.28696    C:0.25217    A:0.27826    G:0.18261
position  3:    T:0.20000    C:0.32174    A:0.24348    G:0.23478
Average         T:0.23188    C:0.25507    A:0.27826    G:0.23478

#49: Steenbok       
position  1:    T:0.20000    C:0.20000    A:0.31304    G:0.28696
position  2:    T:0.28696    C:0.25217    A:0.27826    G:0.18261
position  3:    T:0.20870    C:0.31304    A:0.24348    G:0.23478
Average         T:0.23188    C:0.25507    A:0.27826    G:0.23478

#50: Impala         
position  1:    T:0.20870    C:0.19130    A:0.31304    G:0.28696
position  2:    T:0.28696    C:0.25217    A:0.27826    G:0.18261
position  3:    T:0.20870    C:0.31304    A:0.24348    G:0.23478
Average         T:0.23478    C:0.25217    A:0.27826    G:0.23478

#51: Klipspringer   
position  1:    T:0.20870    C:0.19130    A:0.31304    G:0.28696
position  2:    T:0.28696    C:0.25217    A:0.27826    G:0.18261
