CODONML (in paml version 4.10.7, June 2023)  /home/rachel/ruminants_paml/6406-phy-tree/ENSBTAT00000022261.fasta.phy
Model: free dN/dS Ratios for branches,  kappa = 2.000 fixed

Codon frequency model: F3x4
ns =  54  ls = 130

Codon usage in sequences
--------------------------------------------------------------------------------------------------------------------------------------
Phe TTT   2   2   2   2   3   3 | Ser TCT   2   3   2   2   1   2 | Tyr TAT   1   1   1   1   2   1 | Cys TGT   1   1   1   1   0   1
    TTC   1   1   1   1   0   0 |     TCC   3   2   3   3   3   3 |     TAC   4   4   4   4   3   4 |     TGC   1   1   1   1   2   1
Leu TTA   1   1   1   1   1   1 |     TCA   0   0   0   0   0   0 | *** TAA   0   0   0   0   0   0 | *** TGA   0   0   0   0   0   0
    TTG   1   1   1   2   2   1 |     TCG   0   0   0   0   1   0 |     TAG   0   0   0   0   0   0 | Trp TGG   4   4   4   4   4   4
--------------------------------------------------------------------------------------------------------------------------------------
Leu CTT   1   2   2   0   1   0 | Pro CCT   2   3   2   2   2   2 | His CAT   3   2   3   3   2   3 | Arg CGT   1   1   1   1   0   2
    CTC   4   3   2   5   3   5 |     CCC   2   1   2   2   2   2 |     CAC   3   4   3   3   4   3 |     CGC   1   1   1   1   2   0
    CTA   0   2   0   0   2   0 |     CCA   5   4   5   5   4   4 | Gln CAA   0   0   0   0   0   0 |     CGA   2   1   1   1   2   1
    CTG   6   4   7   5   4   7 |     CCG   0   1   0   0   1   0 |     CAG   3   3   3   3   3   3 |     CGG   5   6   6   6   5   6
--------------------------------------------------------------------------------------------------------------------------------------
Ile ATT   2   2   2   2   2   2 | Thr ACT   0   0   0   0   1   0 | Asn AAT   1   1   2   1   2   2 | Ser AGT   0   0   0   0   1   0
    ATC   3   3   3   3   3   3 |     ACC   3   3   3   3   3   3 |     AAC   2   2   1   2   1   1 |     AGC   1   1   1   1   0   1
    ATA   0   0   0   0   0   0 |     ACA   3   3   2   3   3   3 | Lys AAA   3   3   3   3   2   3 | Arg AGA   1   1   1   1   1   1
Met ATG   5   5   5   5   5   5 |     ACG   0   0   1   0   0   0 |     AAG   7   7   7   7   8   7 |     AGG   0   0   0   0   0   0
--------------------------------------------------------------------------------------------------------------------------------------
Val GTT   1   1   1   2   2   1 | Ala GCT   4   4   4   5   4   4 | Asp GAT   1   0   1   1   2   1 | Gly GGT   0   0   0   0   0   1
    GTC   2   0   2   1   1   2 |     GCC   4   6   4   3   3   4 |     GAC   7   9   7   7   7   7 |     GGC   1   1   1   1   1   0
    GTA   0   0   0   0   0   0 |     GCA   2   0   3   2   3   2 | Glu GAA   4   3   4   4   5   3 |     GGA   3   3   3   3   2   2
    GTG   1   3   1   1   1   1 |     GCG   1   1   0   1   0   1 |     GAG   8   8   8   8   6   9 |     GGG   1   1   1   1   2   2
--------------------------------------------------------------------------------------------------------------------------------------

--------------------------------------------------------------------------------------------------------------------------------------
Phe TTT   2   2   2   2   2   2 | Ser TCT   2   2   2   2   2   2 | Tyr TAT   1   1   1   1   1   1 | Cys TGT   1   1   1   1   1   1
    TTC   1   1   1   1   1   1 |     TCC   3   3   3   3   3   3 |     TAC   4   4   4   4   4   4 |     TGC   1   1   1   1   1   1
Leu TTA   1   1   1   0   1   1 |     TCA   0   0   0   0   0   0 | *** TAA   0   0   0   0   0   0 | *** TGA   0   0   0   0   0   0
    TTG   1   1   1   1   1   0 |     TCG   0   0   0   0   0   0 |     TAG   0   0   0   0   0   0 | Trp TGG   4   4   4   4   4   4
--------------------------------------------------------------------------------------------------------------------------------------
Leu CTT   1   1   1   1   2   0 | Pro CCT   2   3   2   2   1   2 | His CAT   3   3   3   3   3   3 | Arg CGT   1   1   1   1   1   1
    CTC   4   4   4   4   2   5 |     CCC   2   2   2   2   2   2 |     CAC   3   3   3   3   3   3 |     CGC   1   1   1   1   1   1
    CTA   0   0   0   1   0   0 |     CCA   5   4   5   5   5   5 | Gln CAA   0   0   0   0   0   0 |     CGA   1   2   1   1   1   1
    CTG   6   6   6   6   7   7 |     CCG   0   0   0   0   0   0 |     CAG   3   3   3   3   3   3 |     CGG   5   5   6   6   6   6
--------------------------------------------------------------------------------------------------------------------------------------
Ile ATT   2   2   2   2   2   2 | Thr ACT   0   0   0   0   0   0 | Asn AAT   1   1   1   1   1   1 | Ser AGT   0   0   0   0   0   0
    ATC   3   3   3   3   3   3 |     ACC   3   3   3   3   3   3 |     AAC   2   2   2   2   2   2 |     AGC   1   1   1   1   1   1
    ATA   0   0   0   0   0   0 |     ACA   3   3   3   3   3   3 | Lys AAA   3   3   3   2   3   3 | Arg AGA   1   1   1   1   1   1
Met ATG   5   5   5   5   5   5 |     ACG   0   0   0   0   0   0 |     AAG   7   7   7   8   7   7 |     AGG   1   0   0   0   0   0
--------------------------------------------------------------------------------------------------------------------------------------
Val GTT   1   1   1   1   1   1 | Ala GCT   4   4   4   4   5   4 | Asp GAT   1   1   1   1   1   1 | Gly GGT   0   0   0   0   0   0
    GTC   2   2   2   2   2   2 |     GCC   4   4   4   4   4   4 |     GAC   7   7   7   7   7   7 |     GGC   1   1   1   1   1   1
    GTA   0   0   0   0   0   0 |     GCA   2   2   2   2   3   2 | Glu GAA   5   4   4   4   4   4 |     GGA   3   3   3   3   3   3
    GTG   1   1   1   1   1   1 |     GCG   1   1   1   1   0   1 |     GAG   7   8   8   8   8   8 |     GGG   1   1   1   1   1   1
--------------------------------------------------------------------------------------------------------------------------------------

--------------------------------------------------------------------------------------------------------------------------------------
Phe TTT   2   2   3   2   2   2 | Ser TCT   2   2   2   2   3   2 | Tyr TAT   1   1   1   1   0   1 | Cys TGT   1   1   1   1   1   1
    TTC   1   1   0   1   1   1 |     TCC   3   3   3   3   2   3 |     TAC   4   4   4   4   5   4 |     TGC   1   1   1   1   1   1
Leu TTA   1   1   0   1   1   1 |     TCA   0   0   0   0   0   0 | *** TAA   0   0   0   0   0   0 | *** TGA   0   0   0   0   0   0
    TTG   1   1   1   1   1   2 |     TCG   0   0   0   0   0   0 |     TAG   0   0   0   0   0   0 | Trp TGG   4   4   4   4   4   4
--------------------------------------------------------------------------------------------------------------------------------------
Leu CTT   1   2   1   2   1   1 | Pro CCT   2   2   2   3   3   2 | His CAT   3   3   4   3   3   3 | Arg CGT   1   1   1   1   1   1
    CTC   4   2   4   4   4   4 |     CCC   2   2   2   1   2   2 |     CAC   3   3   2   3   3   3 |     CGC   1   1   1   1   1   1
    CTA   0   0   1   0   0   0 |     CCA   5   5   5   5   4   5 | Gln CAA   0   0   0   0   0   0 |     CGA   2   1   1   1   1   1
    CTG   6   7   6   5   6   5 |     CCG   0   0   0   0   0   0 |     CAG   3   3   3   3   3   3 |     CGG   5   6   6   6   6   6
--------------------------------------------------------------------------------------------------------------------------------------
Ile ATT   2   2   2   2   2   2 | Thr ACT   0   0   0   0   0   0 | Asn AAT   1   1   1   1   1   1 | Ser AGT   0   0   0   0   0   0
    ATC   3   3   3   3   3   3 |     ACC   3   3   3   3   3   3 |     AAC   2   2   2   2   2   2 |     AGC   1   1   1   1   1   1
    ATA   0   0   0   0   0   0 |     ACA   3   3   3   3   3   3 | Lys AAA   3   3   3   3   2   2 | Arg AGA   1   1   1   1   1   1
Met ATG   5   5   5   5   5   5 |     ACG   0   0   0   0   0   0 |     AAG   7   7   7   7   8   8 |     AGG   0   0   0   0   0   0
--------------------------------------------------------------------------------------------------------------------------------------
Val GTT   1   1   1   1   1   1 | Ala GCT   4   4   4   4   4   4 | Asp GAT   1   1   1   1   1   1 | Gly GGT   0   0   0   0   0   0
    GTC   2   1   2   2   2   2 |     GCC   4   4   4   4   4   4 |     GAC   7   7   7   7   7   7 |     GGC   1   1   1   1   1   1
    GTA   0   0   0   0   1   0 |     GCA   2   3   2   2   3   3 | Glu GAA   4   3   5   3   4   4 |     GGA   3   3   3   3   3   3
    GTG   1   2   1   1   0   1 |     GCG   1   0   1   1   0   0 |     GAG   8   9   7   9   8   8 |     GGG   1   1   1   1   1   1
--------------------------------------------------------------------------------------------------------------------------------------

--------------------------------------------------------------------------------------------------------------------------------------
Phe TTT   3   3   2   2   2   2 | Ser TCT   2   2   2   2   2   2 | Tyr TAT   1   1   1   1   1   1 | Cys TGT   1   1   1   1   1   1
    TTC   0   0   1   1   1   1 |     TCC   3   3   3   3   3   3 |     TAC   4   4   4   4   4   4 |     TGC   1   1   1   1   1   1
Leu TTA   1   1   1   1   1   1 |     TCA   0   0   0   0   0   0 | *** TAA   0   0   0   0   0   0 | *** TGA   0   0   0   0   0   0
    TTG   0   0   1   1   1   1 |     TCG   1   0   0   0   0   0 |     TAG   0   0   0   0   0   0 | Trp TGG   4   4   4   4   4   4
--------------------------------------------------------------------------------------------------------------------------------------
Leu CTT   0   0   1   2   1   1 | Pro CCT   2   2   2   2   2   2 | His CAT   3   3   2   3   3   3 | Arg CGT   1   1   1   1   1   1
    CTC   5   5   4   2   4   4 |     CCC   2   2   2   2   2   2 |     CAC   3   3   4   3   3   3 |     CGC   1   1   1   1   1   1
    CTA   1   1   0   0   0   0 |     CCA   5   5   5   5   5   5 | Gln CAA   0   0   0   0   0   0 |     CGA   2   2   1   1   1   2
    CTG   6   6   6   7   6   6 |     CCG   0   0   0   0   0   0 |     CAG   3   3   3   3   3   3 |     CGG   5   5   6   6   6   5
--------------------------------------------------------------------------------------------------------------------------------------
Ile ATT   3   3   2   2   2   2 | Thr ACT   0   1   0   0   0   0 | Asn AAT   1   1   1   1   1   1 | Ser AGT   0   0   0   0   0   0
    ATC   3   3   3   3   3   3 |     ACC   3   3   3   3   3   3 |     AAC   2   2   2   2   2   2 |     AGC   1   1   1   1   1   1
    ATA   0   0   0   0   0   0 |     ACA   2   1   3   3   3   3 | Lys AAA   3   3   3   2   3   3 | Arg AGA   1   1   1   1   1   1
Met ATG   5   5   5   5   5   5 |     ACG   0   1   0   0   0   0 |     AAG   7   7   7   8   7   7 |     AGG   0   0   0   0   0   0
--------------------------------------------------------------------------------------------------------------------------------------
Val GTT   0   0   1   1   1   1 | Ala GCT   4   4   4   4   4   4 | Asp GAT   1   1   1   1   1   1 | Gly GGT   0   0   0   0   0   0
    GTC   2   2   2   2   2   2 |     GCC   4   4   4   4   4   4 |     GAC   7   7   7   7   7   8 |     GGC   1   1   1   1   1   1
    GTA   0   0   0   0   0   0 |     GCA   3   3   3   3   2   2 | Glu GAA   4   4   4   4   4   3 |     GGA   3   3   3   3   3   3
    GTG   1   1   1   1   1   1 |     GCG   0   0   0   0   1   1 |     GAG   8   8   8   8   8   8 |     GGG   1   1   1   1   1   1
--------------------------------------------------------------------------------------------------------------------------------------

--------------------------------------------------------------------------------------------------------------------------------------
Phe TTT   2   3   2   2   3   2 | Ser TCT   2   2   2   2   2   2 | Tyr TAT   1   2   1   1   1   1 | Cys TGT   1   0   1   1   1   1
    TTC   1   0   1   1   0   1 |     TCC   3   3   3   3   3   3 |     TAC   4   4   4   4   4   4 |     TGC   1   1   1   1   1   1
Leu TTA   1   1   1   1   1   1 |     TCA   0   0   0   0   0   0 | *** TAA   0   0   0   0   0   0 | *** TGA   0   0   0   0   0   0
    TTG   0   0   1   1   1   1 |     TCG   0   0   0   0   0   0 |     TAG   0   0   0   0   0   0 | Trp TGG   4   4   4   4   4   4
--------------------------------------------------------------------------------------------------------------------------------------
Leu CTT   0   0   1   1   1   2 | Pro CCT   2   2   2   2   2   2 | His CAT   3   3   3   3   3   3 | Arg CGT   1   1   1   1   1   1
    CTC   5   5   4   4   4   2 |     CCC   2   2   2   2   2   2 |     CAC   3   3   3   3   3   3 |     CGC   1   1   1   1   1   1
    CTA   0   0   0   0   0   0 |     CCA   5   5   5   5   5   5 | Gln CAA   0   0   0   0   0   0 |     CGA   1   1   2   1   1   1
    CTG   7   7   6   6   6   7 |     CCG   0   0   0   0   0   0 |     CAG   3   3   3   3   3   3 |     CGG   6   6   5   6   6   6
--------------------------------------------------------------------------------------------------------------------------------------
Ile ATT   2   2   2   2   2   2 | Thr ACT   0   1   0   0   0   0 | Asn AAT   1   2   1   1   1   1 | Ser AGT   0   0   0   0   0   0
    ATC   3   3   3   3   3   3 |     ACC   3   3   3   3   3   3 |     AAC   2   1   2   2   2   2 |     AGC   1   1   1   1   1   1
    ATA   0   0   0   0   0   0 |     ACA   3   2   3   3   3   3 | Lys AAA   3   3   3   2   3   3 | Arg AGA   1   1   1   1   1   1
Met ATG   5   5   5   5   5   5 |     ACG   0   0   0   0   0   0 |     AAG   7   7   7   8   7   7 |     AGG   0   0   0   0   0   0
--------------------------------------------------------------------------------------------------------------------------------------
Val GTT   1   1   1   1   1   1 | Ala GCT   4   4   4   4   4   4 | Asp GAT   1   1   1   1   0   1 | Gly GGT   0   0   0   0   0   0
    GTC   1   2   2   2   2   2 |     GCC   5   4   4   4   4   4 |     GAC   7   7   7   7   8   7 |     GGC   1   1   1   1   1   1
    GTA   0   0   0   0   0   0 |     GCA   2   3   2   2   2   3 | Glu GAA   4   4   4   4   5   4 |     GGA   3   3   3   3   3   3
    GTG   1   1   1   1   1   1 |     GCG   1   0   1   1   1   0 |     GAG   8   8   8   8   7   8 |     GGG   1   1   1   1   1   1
--------------------------------------------------------------------------------------------------------------------------------------

--------------------------------------------------------------------------------------------------------------------------------------
Phe TTT   2   2   2   2   2   3 | Ser TCT   2   2   2   2   3   2 | Tyr TAT   2   1   1   1   1   1 | Cys TGT   1   1   1   1   1   1
    TTC   1   1   1   1   1   0 |     TCC   3   3   3   3   2   3 |     TAC   3   4   4   4   4   4 |     TGC   1   1   1   1   1   1
Leu TTA   1   1   1   1   1   1 |     TCA   0   0   0   0   0   0 | *** TAA   0   0   0   0   0   0 | *** TGA   0   0   0   0   0   0
    TTG   2   1   0   1   1   1 |     TCG   0   0   0   0   0   0 |     TAG   0   0   0   0   0   0 | Trp TGG   4   4   4   4   4   4
--------------------------------------------------------------------------------------------------------------------------------------
Leu CTT   1   2   0   1   0   1 | Pro CCT   2   2   2   2   2   2 | His CAT   3   3   3   3   3   3 | Arg CGT   1   1   1   1   1   1
    CTC   4   2   5   4   5   4 |     CCC   2   2   2   2   2   2 |     CAC   3   3   3   3   3   3 |     CGC   1   1   1   1   1   1
    CTA   0   0   1   0   0   0 |     CCA   5   5   5   5   5   5 | Gln CAA   0   0   0   0   0   0 |     CGA   1   1   1   1   1   1
    CTG   5   7   6   6   6   6 |     CCG   0   0   0   0   0   0 |     CAG   3   3   3   3   3   3 |     CGG   6   6   6   6   6   6
--------------------------------------------------------------------------------------------------------------------------------------
Ile ATT   2   2   2   2   1   2 | Thr ACT   0   0   0   0   0   0 | Asn AAT   1   1   1   1   2   1 | Ser AGT   0   0   1   0   1   0
    ATC   3   3   3   3   3   3 |     ACC   3   3   3   3   3   3 |     AAC   2   2   2   2   1   2 |     AGC   1   1   0   1   0   1
    ATA   0   0   0   0   0   0 |     ACA   3   2   3   3   3   3 | Lys AAA   2   3   3   3   3   3 | Arg AGA   1   1   1   1   1   1
Met ATG   5   5   5   5   5   5 |     ACG   0   1   0   0   0   0 |     AAG   8   7   7   7   7   7 |     AGG   0   0   0   0   0   0
--------------------------------------------------------------------------------------------------------------------------------------
Val GTT   1   1   1   2   3   1 | Ala GCT   4   4   4   4   4   4 | Asp GAT   1   1   1   1   1   1 | Gly GGT   0   0   0   0   0   0
    GTC   2   2   2   1   1   2 |     GCC   4   4   4   5   4   4 |     GAC   7   7   7   7   7   7 |     GGC   1   1   1   1   1   1
    GTA   0   0   0   0   0   0 |     GCA   3   3   2   1   2   2 | Glu GAA   4   4   4   4   4   5 |     GGA   3   3   3   3   3   3
    GTG   1   1   1   1   1   1 |     GCG   0   0   1   1   1   1 |     GAG   8   8   8   8   8   7 |     GGG   1   1   1   1   1   1
--------------------------------------------------------------------------------------------------------------------------------------

--------------------------------------------------------------------------------------------------------------------------------------
Phe TTT   2   2   2   2   1   3 | Ser TCT   2   2   2   2   2   2 | Tyr TAT   1   1   1   1   1   2 | Cys TGT   1   1   1   1   1   1
    TTC   1   1   1   1   2   0 |     TCC   3   3   3   3   3   3 |     TAC   4   4   4   4   4   3 |     TGC   1   1   1   1   1   1
Leu TTA   1   1   1   1   1   1 |     TCA   0   0   0   0   0   0 | *** TAA   0   0   0   0   0   0 | *** TGA   0   0   0   0   0   0
    TTG   1   1   1   1   1   0 |     TCG   0   0   0   0   0   0 |     TAG   0   0   0   0   0   0 | Trp TGG   4   4   4   4   4   4
--------------------------------------------------------------------------------------------------------------------------------------
Leu CTT   1   2   1   1   1   0 | Pro CCT   2   1   2   2   2   2 | His CAT   3   2   3   3   3   3 | Arg CGT   1   1   1   1   1   1
    CTC   4   2   4   4   4   5 |     CCC   2   3   2   2   2   2 |     CAC   3   4   3   3   3   3 |     CGC   1   1   1   1   1   1
    CTA   0   0   0   0   0   0 |     CCA   5   5   5   5   4   5 | Gln CAA   0   1   0   0   0   0 |     CGA   1   1   2   1   1   1
    CTG   6   7   6   6   6   7 |     CCG   0   0   0   0   1   0 |     CAG   3   2   3   3   3   3 |     CGG   6   6   5   5   6   6
--------------------------------------------------------------------------------------------------------------------------------------
Ile ATT   2   2   2   2   2   2 | Thr ACT   0   0   0   0   0   0 | Asn AAT   1   1   1   1   1   1 | Ser AGT   0   0   0   0   0   0
    ATC   3   3   3   3   3   3 |     ACC   3   3   3   3   3   3 |     AAC   2   2   2   2   2   2 |     AGC   1   1   1   1   1   1
    ATA   0   0   0   0   0   0 |     ACA   3   3   3   3   3   3 | Lys AAA   3   3   3   3   2   3 | Arg AGA   1   1   1   1   1   1
Met ATG   5   5   5   5   5   5 |     ACG   0   0   0   0   0   0 |     AAG   7   7   7   7   8   7 |     AGG   0   0   0   1   0   0
--------------------------------------------------------------------------------------------------------------------------------------
Val GTT   1   1   1   1   1   1 | Ala GCT   4   4   4   4   5   5 | Asp GAT   1   1   1   1   2   1 | Gly GGT   0   0   0   0   0   0
    GTC   2   2   2   2   2   2 |     GCC   4   4   4   4   3   3 |     GAC   7   7   7   7   6   7 |     GGC   1   1   1   1   1   1
    GTA   0   0   0   0   0   0 |     GCA   2   3   2   2   2   2 | Glu GAA   4   3   4   5   5   4 |     GGA   3   3   3   3   3   3
    GTG   1   1   1   1   1   1 |     GCG   1   0   1   1   1   1 |     GAG   8   9   8   7   7   8 |     GGG   1   1   1   1   1   1
--------------------------------------------------------------------------------------------------------------------------------------

--------------------------------------------------------------------------------------------------------------------------------------
Phe TTT   2   2   2   3   2   2 | Ser TCT   2   2   2   2   2   2 | Tyr TAT   1   1   1   1   1   0 | Cys TGT   1   1   1   1   1   1
    TTC   1   1   1   0   1   1 |     TCC   3   3   3   3   3   3 |     TAC   4   4   4   4   4   5 |     TGC   1   1   1   1   1   1
Leu TTA   1   1   1   1   1   1 |     TCA   0   0   0   0   0   0 | *** TAA   0   0   0   0   0   0 | *** TGA   0   0   0   0   0   0
    TTG   0   1   0   0   1   1 |     TCG   0   0   0   0   0   0 |     TAG   0   0   0   0   0   0 | Trp TGG   4   4   4   4   4   4
--------------------------------------------------------------------------------------------------------------------------------------
Leu CTT   0   1   0   0   2   1 | Pro CCT   2   2   2   2   1   2 | His CAT   2   3   3   3   2   3 | Arg CGT   1   1   1   1   1   1
    CTC   5   4   5   5   2   4 |     CCC   2   2   2   2   3   2 |     CAC   4   3   3   3   4   3 |     CGC   1   1   1   1   1   1
    CTA   0   0   0   0   0   0 |     CCA   5   5   5   5   5   5 | Gln CAA   0   0   0   0   0   0 |     CGA   1   1   1   1   1   1
    CTG   7   6   7   7   7   6 |     CCG   0   0   0   0   0   0 |     CAG   3   3   3   3   3   3 |     CGG   6   6   6   6   6   6
--------------------------------------------------------------------------------------------------------------------------------------
Ile ATT   2   2   2   2   2   2 | Thr ACT   0   0   0   1   0   0 | Asn AAT   1   1   1   1   1   1 | Ser AGT   0   0   0   0   0   0
    ATC   3   3   3   3   3   3 |     ACC   3   3   3   3   3   2 |     AAC   2   2   2   2   2   2 |     AGC   1   1   1   1   1   1
    ATA   0   0   0   0   0   0 |     ACA   3   3   3   2   3   4 | Lys AAA   3   2   3   3   3   3 | Arg AGA   1   1   1   1   1   1
Met ATG   5   5   5   5   5   5 |     ACG   0   0   0   0   0   0 |     AAG   7   8   7   7   7   7 |     AGG   0   0   0   0   0   0
--------------------------------------------------------------------------------------------------------------------------------------
Val GTT   1   1   1   1   1   1 | Ala GCT   4   4   4   4   5   4 | Asp GAT   1   1   1   1   1   1 | Gly GGT   0   0   0   0   0   0
    GTC   1   2   2   2   2   2 |     GCC   5   4   4   4   3   4 |     GAC   7   7   7   7   7   7 |     GGC   1   1   1   1   1   1
    GTA   0   0   0   0   0   0 |     GCA   2   2   2   2   3   2 | Glu GAA   4   4   4   4   3   4 |     GGA   3   3   3   3   3   3
    GTG   1   1   1   1   1   1 |     GCG   1   1   1   1   0   1 |     GAG   8   8   8   8   9   8 |     GGG   1   1   1   1   1   1
--------------------------------------------------------------------------------------------------------------------------------------

--------------------------------------------------------------------------------------------------------------------------------------
Phe TTT   2   2   2   2   2   2 | Ser TCT   2   3   2   2   2   2 | Tyr TAT   1   1   1   1   1   1 | Cys TGT   1   1   1   1   1   1
    TTC   1   1   1   1   1   1 |     TCC   3   2   3   3   3   3 |     TAC   4   4   4   4   4   4 |     TGC   1   1   1   1   1   1
Leu TTA   1   1   1   1   1   1 |     TCA   0   0   0   0   0   0 | *** TAA   0   0   0   0   0   0 | *** TGA   0   0   0   0   0   0
    TTG   1   0   1   2   1   1 |     TCG   0   0   0   0   0   0 |     TAG   0   0   0   0   0   0 | Trp TGG   4   4   4   4   4   4
--------------------------------------------------------------------------------------------------------------------------------------
Leu CTT   1   1   1   0   2   2 | Pro CCT   2   3   2   2   2   2 | His CAT   3   3   3   3   3   3 | Arg CGT   1   1   1   1   1   1
    CTC   4   4   4   5   2   2 |     CCC   2   1   2   2   2   2 |     CAC   3   3   3   3   3   3 |     CGC   1   1   1   1   1   1
    CTA   0   1   0   0   0   0 |     CCA   5   5   5   5   5   5 | Gln CAA   0   0   0   0   0   0 |     CGA   2   1   1   1   1   1
    CTG   6   6   6   5   7   7 |     CCG   0   0   0   0   0   0 |     CAG   3   3   3   3   3   3 |     CGG   5   6   6   6   6   6
--------------------------------------------------------------------------------------------------------------------------------------
Ile ATT   2   2   2   2   2   2 | Thr ACT   0   1   0   0   0   0 | Asn AAT   1   1   1   1   1   1 | Ser AGT   0   0   0   0   0   0
    ATC   3   3   3   3   3   3 |     ACC   3   3   3   3   3   3 |     AAC   2   2   2   2   2   2 |     AGC   1   1   1   1   1   1
    ATA   0   0   0   0   0   0 |     ACA   3   1   3   3   3   3 | Lys AAA   3   3   3   3   3   3 | Arg AGA   1   1   1   1   1   1
Met ATG   5   5   5   5   5   5 |     ACG   0   1   0   0   0   0 |     AAG   7   7   7   7   7   7 |     AGG   0   0   0   0   0   0
--------------------------------------------------------------------------------------------------------------------------------------
Val GTT   1   2   1   2   1   1 | Ala GCT   4   4   4   5   4   4 | Asp GAT   1   1   1   1   1   1 | Gly GGT   0   0   0   0   0   0
    GTC   2   1   2   1   2   2 |     GCC   4   4   4   3   4   4 |     GAC   7   7   7   7   7   7 |     GGC   1   1   1   1   1   1
    GTA   0   0   0   0   0   0 |     GCA   2   2   2   2   3   3 | Glu GAA   4   4   4   4   4   4 |     GGA   3   3   3   3   3   3
    GTG   1   1   1   1   1   1 |     GCG   1   1   1   1   0   0 |     GAG   8   8   8   8   8   8 |     GGG   1   1   1   1   1   1
--------------------------------------------------------------------------------------------------------------------------------------

Codon position x base (3x4) table for each sequence.

#1: Argali         
position  1:    T:0.16154    C:0.29231    A:0.23846    G:0.30769
position  2:    T:0.23077    C:0.23846    A:0.36154    G:0.16923
position  3:    T:0.16923    C:0.32308    A:0.18462    G:0.32308
Average         T:0.18718    C:0.28462    A:0.26154    G:0.26667

#2: LesserMouseDeer
position  1:    T:0.16154    C:0.29231    A:0.23846    G:0.30769
position  2:    T:0.23077    C:0.23846    A:0.36154    G:0.16923
position  3:    T:0.17692    C:0.32308    A:0.16154    G:0.33846
Average         T:0.18974    C:0.28462    A:0.25385    G:0.27179

#3: LesserKudu     
position  1:    T:0.16154    C:0.29231    A:0.23846    G:0.30769
position  2:    T:0.23077    C:0.23846    A:0.36154    G:0.16923
position  3:    T:0.18462    C:0.30000    A:0.17692    G:0.33846
Average         T:0.19231    C:0.27692    A:0.25897    G:0.27179

#4: ForestMuskDeer2
position  1:    T:0.16923    C:0.28462    A:0.23846    G:0.30769
position  2:    T:0.23077    C:0.23846    A:0.36154    G:0.16923
position  3:    T:0.17692    C:0.31538    A:0.17692    G:0.33077
Average         T:0.19231    C:0.27949    A:0.25897    G:0.26923

#5: Camel          
position  1:    T:0.16923    C:0.28462    A:0.24615    G:0.30000
position  2:    T:0.23077    C:0.23846    A:0.36154    G:0.16923
position  3:    T:0.19231    C:0.29231    A:0.19231    G:0.32308
Average         T:0.19744    C:0.27179    A:0.26667    G:0.26410

#6: KillerWhale    
position  1:    T:0.16154    C:0.29231    A:0.23846    G:0.30769
position  2:    T:0.23846    C:0.23077    A:0.36154    G:0.16923
position  3:    T:0.19231    C:0.30000    A:0.15385    G:0.35385
Average         T:0.19744    C:0.27436    A:0.25128    G:0.27692

#7: DefassaWaterbuck
position  1:    T:0.16154    C:0.28462    A:0.24615    G:0.30769
position  2:    T:0.23077    C:0.23846    A:0.36154    G:0.16923
position  3:    T:0.16923    C:0.32308    A:0.18462    G:0.32308
Average         T:0.18718    C:0.28205    A:0.26410    G:0.26667

#8: Sheep          
position  1:    T:0.16154    C:0.29231    A:0.23846    G:0.30769
position  2:    T:0.23077    C:0.23846    A:0.36154    G:0.16923
position  3:    T:0.17692    C:0.32308    A:0.17692    G:0.32308
Average         T:0.18974    C:0.28462    A:0.25897    G:0.26667

#9: MaxwellsDuiker 
position  1:    T:0.16154    C:0.29231    A:0.23846    G:0.30769
position  2:    T:0.23077    C:0.23846    A:0.36154    G:0.16923
position  3:    T:0.16923    C:0.32308    A:0.17692    G:0.33077
Average         T:0.18718    C:0.28462    A:0.25897    G:0.26923

#10: GazellaPrzewalskyi
position  1:    T:0.15385    C:0.30000    A:0.23846    G:0.30769
position  2:    T:0.23077    C:0.23846    A:0.36154    G:0.16923
position  3:    T:0.16923    C:0.32308    A:0.16923    G:0.33846
Average         T:0.18462    C:0.28718    A:0.25641    G:0.27179

#11: MountainNyala  
position  1:    T:0.16154    C:0.28462    A:0.23846    G:0.31538
position  2:    T:0.23077    C:0.23846    A:0.36154    G:0.16923
position  3:    T:0.17692    C:0.30769    A:0.18462    G:0.33077
Average         T:0.18974    C:0.27692    A:0.26154    G:0.27179

#12: MuntiacusMuntjak
position  1:    T:0.15385    C:0.30000    A:0.23846    G:0.30769
position  2:    T:0.23077    C:0.23846    A:0.36154    G:0.16923
position  3:    T:0.16154    C:0.33077    A:0.17692    G:0.33077
Average         T:0.18205    C:0.28974    A:0.25897    G:0.26923

#13: goat           
position  1:    T:0.16154    C:0.29231    A:0.23846    G:0.30769
position  2:    T:0.23077    C:0.23846    A:0.36154    G:0.16923
position  3:    T:0.16923    C:0.32308    A:0.18462    G:0.32308
Average         T:0.18718    C:0.28462    A:0.26154    G:0.26667

#14: AfricanBuffalo 
position  1:    T:0.16154    C:0.29231    A:0.23846    G:0.30769
position  2:    T:0.23077    C:0.23846    A:0.36154    G:0.16923
position  3:    T:0.17692    C:0.30000    A:0.17692    G:0.34615
Average         T:0.18974    C:0.27692    A:0.25897    G:0.27436

#15: Topi           
position  1:    T:0.15385    C:0.30000    A:0.23846    G:0.30769
position  2:    T:0.23077    C:0.23846    A:0.36154    G:0.16923
position  3:    T:0.18462    C:0.30769    A:0.18462    G:0.32308
Average         T:0.18974    C:0.28205    A:0.26154    G:0.26667

#16: CommonDuiker   
position  1:    T:0.16154    C:0.29231    A:0.23846    G:0.30769
position  2:    T:0.23077    C:0.23846    A:0.36154    G:0.16923
position  3:    T:0.18462    C:0.31538    A:0.16923    G:0.33077
Average         T:0.19231    C:0.28205    A:0.25641    G:0.26923

#17: Suni           
position  1:    T:0.16154    C:0.29231    A:0.23846    G:0.30769
position  2:    T:0.23077    C:0.23846    A:0.36154    G:0.16923
position  3:    T:0.17692    C:0.32308    A:0.17692    G:0.32308
Average         T:0.18974    C:0.28462    A:0.25897    G:0.26667

#18: Springbuck     
position  1:    T:0.16923    C:0.28462    A:0.23846    G:0.30769
position  2:    T:0.23077    C:0.23846    A:0.36154    G:0.16923
position  3:    T:0.16923    C:0.32308    A:0.17692    G:0.33077
Average         T:0.18974    C:0.28205    A:0.25897    G:0.26923

#19: Okapi          
position  1:    T:0.16154    C:0.30000    A:0.23846    G:0.30000
position  2:    T:0.23077    C:0.23846    A:0.36154    G:0.16923
position  3:    T:0.16923    C:0.32308    A:0.19231    G:0.31538
Average         T:0.18718    C:0.28718    A:0.26410    G:0.26154

#20: Giraffe        
position  1:    T:0.15385    C:0.30000    A:0.24615    G:0.30000
position  2:    T:0.23077    C:0.23846    A:0.36154    G:0.16923
position  3:    T:0.17692    C:0.32308    A:0.18462    G:0.31538
Average         T:0.18718    C:0.28718    A:0.26410    G:0.26154

#21: TibetanAntelope
position  1:    T:0.16154    C:0.29231    A:0.23846    G:0.30769
position  2:    T:0.23077    C:0.23846    A:0.36154    G:0.16923
position  3:    T:0.16154    C:0.33077    A:0.18462    G:0.32308
Average         T:0.18462    C:0.28718    A:0.26154    G:0.26667

#22: Sitatunga      
position  1:    T:0.16154    C:0.29231    A:0.23846    G:0.30769
position  2:    T:0.23077    C:0.23846    A:0.36154    G:0.16923
position  3:    T:0.17692    C:0.30769    A:0.17692    G:0.33846
Average         T:0.18974    C:0.27949    A:0.25897    G:0.27179

#23: Oribi          
position  1:    T:0.16154    C:0.29231    A:0.23846    G:0.30769
position  2:    T:0.23077    C:0.23846    A:0.36154    G:0.16923
position  3:    T:0.16923    C:0.32308    A:0.17692    G:0.33077
Average         T:0.18718    C:0.28462    A:0.25897    G:0.26923

#24: BarbarySheep   
position  1:    T:0.16154    C:0.29231    A:0.23846    G:0.30769
position  2:    T:0.23077    C:0.23846    A:0.36154    G:0.16923
position  3:    T:0.16923    C:0.33077    A:0.17692    G:0.32308
Average         T:0.18718    C:0.28718    A:0.25897    G:0.26667

#25: Daviddeer      
position  1:    T:0.15385    C:0.30000    A:0.23846    G:0.30769
position  2:    T:0.22308    C:0.24615    A:0.36154    G:0.16923
position  3:    T:0.16154    C:0.33077    A:0.17692    G:0.33077
Average         T:0.17949    C:0.29231    A:0.25897    G:0.26923

#26: Reindeer       
position  1:    T:0.15385    C:0.30000    A:0.23846    G:0.30769
position  2:    T:0.23077    C:0.23846    A:0.36923    G:0.16154
position  3:    T:0.18462    C:0.31538    A:0.17692    G:0.32308
Average         T:0.18974    C:0.28462    A:0.26154    G:0.26410

#27: Ibex           
position  1:    T:0.16154    C:0.29231    A:0.23846    G:0.30769
position  2:    T:0.23077    C:0.23846    A:0.36154    G:0.16923
position  3:    T:0.16923    C:0.32308    A:0.18462    G:0.32308
Average         T:0.18718    C:0.28462    A:0.26154    G:0.26667

#28: GyrantGazelle  
position  1:    T:0.16154    C:0.29231    A:0.23846    G:0.30769
position  2:    T:0.23077    C:0.23846    A:0.36154    G:0.16923
position  3:    T:0.16923    C:0.32308    A:0.16923    G:0.33846
Average         T:0.18718    C:0.28462    A:0.25641    G:0.27179

#29: Hartebeest     
position  1:    T:0.16154    C:0.29231    A:0.23846    G:0.30769
position  2:    T:0.23077    C:0.23846    A:0.36154    G:0.16923
position  3:    T:0.16923    C:0.32308    A:0.18462    G:0.32308
Average         T:0.18718    C:0.28462    A:0.26154    G:0.26667

#30: Bongo          
position  1:    T:0.16154    C:0.29231    A:0.23846    G:0.30769
position  2:    T:0.23077    C:0.23846    A:0.36154    G:0.16923
position  3:    T:0.17692    C:0.30769    A:0.18462    G:0.33077
Average         T:0.18974    C:0.27949    A:0.26154    G:0.26923

#31: Gerenuk        
position  1:    T:0.16923    C:0.28462    A:0.23846    G:0.30769
position  2:    T:0.23077    C:0.23846    A:0.36154    G:0.16923
position  3:    T:0.17692    C:0.31538    A:0.17692    G:0.33077
Average         T:0.19231    C:0.27949    A:0.25897    G:0.26923

#32: CommonEland    
position  1:    T:0.16154    C:0.29231    A:0.23846    G:0.30769
position  2:    T:0.23077    C:0.23846    A:0.36154    G:0.16923
position  3:    T:0.17692    C:0.30769    A:0.17692    G:0.33846
Average         T:0.18974    C:0.27949    A:0.25897    G:0.27179

#33: MuntiacusReevesi
position  1:    T:0.15385    C:0.30000    A:0.23846    G:0.30769
position  2:    T:0.23077    C:0.23846    A:0.36154    G:0.16923
position  3:    T:0.16923    C:0.32308    A:0.18462    G:0.32308
Average         T:0.18462    C:0.28718    A:0.26154    G:0.26667

#34: HarveysDuiker  
position  1:    T:0.16154    C:0.29231    A:0.23846    G:0.30769
position  2:    T:0.23077    C:0.23846    A:0.36154    G:0.16923
position  3:    T:0.17692    C:0.32308    A:0.16923    G:0.33077
Average         T:0.18974    C:0.28462    A:0.25641    G:0.26923

#35: Pronghorn      
position  1:    T:0.16154    C:0.29231    A:0.23077    G:0.31538
position  2:    T:0.23077    C:0.23846    A:0.36154    G:0.16923
position  3:    T:0.19231    C:0.30000    A:0.17692    G:0.33077
Average         T:0.19487    C:0.27692    A:0.25641    G:0.27179

#36: BlueWildebeest 
position  1:    T:0.16154    C:0.29231    A:0.23846    G:0.30769
position  2:    T:0.23077    C:0.23846    A:0.36154    G:0.16923
position  3:    T:0.17692    C:0.31538    A:0.18462    G:0.32308
Average         T:0.18974    C:0.28205    A:0.26154    G:0.26667

#37: Gemsbok        
position  1:    T:0.16154    C:0.29231    A:0.23846    G:0.30769
position  2:    T:0.23077    C:0.23846    A:0.36154    G:0.16923
position  3:    T:0.16923    C:0.32308    A:0.17692    G:0.33077
Average         T:0.18718    C:0.28462    A:0.25897    G:0.26923

#38: Yak            
position  1:    T:0.16154    C:0.29231    A:0.23846    G:0.30769
position  2:    T:0.23077    C:0.23846    A:0.36154    G:0.16923
position  3:    T:0.16154    C:0.32308    A:0.18462    G:0.33077
Average         T:0.18462    C:0.28462    A:0.26154    G:0.26923

#39: BlueSheep      
position  1:    T:0.16154    C:0.29231    A:0.23846    G:0.30769
position  2:    T:0.23077    C:0.23846    A:0.36154    G:0.16923
position  3:    T:0.16923    C:0.32308    A:0.18462    G:0.32308
Average         T:0.18718    C:0.28462    A:0.26154    G:0.26667

#40: BohorReedbuck  
position  1:    T:0.16154    C:0.28462    A:0.24615    G:0.30769
position  2:    T:0.23077    C:0.23846    A:0.36154    G:0.16923
position  3:    T:0.16923    C:0.32308    A:0.18462    G:0.32308
Average         T:0.18718    C:0.28205    A:0.26410    G:0.26667

#41: KirksDik       
position  1:    T:0.16154    C:0.29231    A:0.23846    G:0.30769
position  2:    T:0.23077    C:0.23846    A:0.36154    G:0.16923
position  3:    T:0.17692    C:0.31538    A:0.16923    G:0.33846
Average         T:0.18974    C:0.28205    A:0.25641    G:0.27179

#42: RoeDeer        
position  1:    T:0.15385    C:0.30000    A:0.23846    G:0.30769
position  2:    T:0.23077    C:0.23846    A:0.36154    G:0.16923
position  3:    T:0.18462    C:0.30769    A:0.17692    G:0.33077
Average         T:0.18974    C:0.28205    A:0.25897    G:0.26923

#43: WhiteLippedDeer
position  1:    T:0.15385    C:0.30000    A:0.23846    G:0.30769
position  2:    T:0.22308    C:0.24615    A:0.36154    G:0.16923
position  3:    T:0.15385    C:0.33846    A:0.17692    G:0.33077
Average         T:0.17692    C:0.29487    A:0.25897    G:0.26923

#44: ThomsonGazelle 
position  1:    T:0.16154    C:0.29231    A:0.23846    G:0.30769
position  2:    T:0.23077    C:0.23846    A:0.36154    G:0.16923
position  3:    T:0.16923    C:0.32308    A:0.16923    G:0.33846
Average         T:0.18718    C:0.28462    A:0.25641    G:0.27179

#45: MuntiacusCrinifrons
position  1:    T:0.15385    C:0.30000    A:0.23846    G:0.30769
position  2:    T:0.23077    C:0.23846    A:0.36154    G:0.16923
position  3:    T:0.16154    C:0.33077    A:0.17692    G:0.33077
Average         T:0.18205    C:0.28974    A:0.25897    G:0.26923

#46: WhiteTailedDeer
position  1:    T:0.15385    C:0.30000    A:0.23846    G:0.30769
position  2:    T:0.23077    C:0.23846    A:0.36154    G:0.16923
position  3:    T:0.17692    C:0.32308    A:0.16923    G:0.33077
Average         T:0.18718    C:0.28718    A:0.25641    G:0.26923

#47: Cattle         
position  1:    T:0.16154    C:0.29231    A:0.23846    G:0.30769
position  2:    T:0.23077    C:0.23846    A:0.36154    G:0.16923
position  3:    T:0.16923    C:0.31538    A:0.17692    G:0.33846
Average         T:0.18718    C:0.28205    A:0.25897    G:0.27179

#48: RoyalAntelope  
position  1:    T:0.16154    C:0.29231    A:0.23846    G:0.30769
position  2:    T:0.23077    C:0.23846    A:0.36154    G:0.16923
position  3:    T:0.16154    C:0.32308    A:0.18462    G:0.33077
Average         T:0.18462    C:0.28462    A:0.26154    G:0.26923

#49: Steenbok       
position  1:    T:0.16154    C:0.29231    A:0.23846    G:0.30769
position  2:    T:0.23077    C:0.23846    A:0.36154    G:0.16923
position  3:    T:0.16923    C:0.32308    A:0.18462    G:0.32308
Average         T:0.18718    C:0.28462    A:0.26154    G:0.26667

#50: Impala         
position  1:    T:0.15385    C:0.30000    A:0.23846    G:0.30769
position  2:    T:0.23077    C:0.23846    A:0.36154    G:0.16923
position  3:    T:0.20000    C:0.30000    A:0.16923    G:0.33077
Average         T:0.19487    C:0.27949    A:0.25641    G:0.26923

#51: Klipspringer   
position  1:    T:0.16154    C:0.29231    A:0.23846    G:0.30769
position  2:    T:0.23077    C:0.23846    A:0.36154    G:0.16923
