1
52 1
Argali 0.000000 0.241500 0.052000 0.415000 0.033800 0.000000 0.035700 0.052100 0.051900 0.095200 0.017500 0.053600 0.052200 0.052100 0.051600 0.052000 0.131900 0.114000 0.017000 0.089100 0.052000 0.000000 0.129600 0.111400 0.035100 0.034800 0.034800 0.053300 0.053800 0.034900 0.094400 0.071900 0.139500 0.000000 0.034100 0.055200 0.053500 0.017000 0.088600 0.110900 0.129700 0.035600 0.094400 0.128300 0.035800 0.052300 0.070400 0.052000 0.034800 0.145600 0.070400 0.070800
LesserMous 0.241500 0.000000 0.257400 0.446300 0.277900 0.241500 0.244600 0.258000 0.258800 0.276900 0.270100 0.289200 0.258400 0.259200 0.256400 0.210800 0.312900 0.295500 0.213600 0.308700 0.212000 0.241500 0.310100 0.292500 0.292200 0.238400 0.240000 0.266600 0.173700 0.239100 0.274500 0.288900 0.314400 0.241500 0.245800 0.275300 0.320800 0.258400 0.258200 0.290900 0.312200 0.243700 0.274500 0.309600 0.296800 0.258400 0.235600 0.257400 0.238400 0.333900 0.284000 0.237200
LesserKudu 0.052000 0.257400 0.000000 0.429200 0.085000 0.052000 0.052700 0.104600 0.033200 0.153600 0.071000 0.070300 0.033500 0.068500 0.067700 0.068200 0.148000 0.129900 0.069000 0.105000 0.032300 0.052000 0.186700 0.168700 0.088900 0.051200 0.016900 0.069600 0.070200 0.016300 0.152400 0.088500 0.154700 0.052000 0.052800 0.072400 0.108600 0.068600 0.104100 0.167900 0.186900 0.052300 0.152400 0.185100 0.090200 0.068600 0.086100 0.032400 0.051200 0.161400 0.050600 0.050900
KillerWhal 0.415000 0.446300 0.429200 0.000000 0.415300 0.415000 0.488800 0.371800 0.433200 0.377100 0.454900 0.444200 0.442100 0.497300 0.519800 0.475900 0.495500 0.532800 0.416300 0.497400 0.431400 0.415000 0.482800 0.448500 0.417400 0.475500 0.411700 0.448900 0.428400 0.410700 0.383900 0.541100 0.578000 0.415000 0.431100 0.367900 0.522000 0.393400 0.547900 0.446900 0.487000 0.485500 0.383900 0.438600 0.388500 0.527300 0.468700 0.429200 0.475500 0.526800 0.402100 0.385600
DefassaWat 0.033800 0.277900 0.085000 0.415300 0.000000 0.033800 0.070000 0.050100 0.049700 0.130500 0.051800 0.087500 0.085200 0.049900 0.049400 0.085000 0.166100 0.148800 0.050400 0.085100 0.084900 0.033800 0.163000 0.106200 0.034000 0.068300 0.068600 0.050900 0.087800 0.068400 0.129400 0.105600 0.171200 0.033800 0.070100 0.090100 0.088100 0.016000 0.084700 0.105800 0.123600 0.069700 0.129400 0.122400 0.070100 0.085400 0.103500 0.085000 0.068300 0.139000 0.103500 0.104200
Sheep 0.000000 0.241500 0.052000 0.415000 0.033800 0.000000 0.035700 0.052100 0.051900 0.095200 0.017100 0.053600 0.052200 0.052100 0.051600 0.052000 0.131900 0.114000 0.017000 0.089100 0.052000 0.000000 0.129600 0.111400 0.034900 0.034800 0.034800 0.053300 0.053800 0.034900 0.094400 0.071900 0.139500 0.000000 0.035600 0.055300 0.053500 0.017000 0.088600 0.110900 0.129700 0.035600 0.094400 0.128300 0.035800 0.052300 0.070400 0.052000 0.034800 0.145600 0.070400 0.070800
MaxwellsDu 0.035700 0.244600 0.052700 0.488800 0.070000 0.035700 0.000000 0.090200 0.052600 0.138900 0.054900 0.054300 0.052900 0.052500 0.052200 0.052700 0.093400 0.115600 0.053300 0.090300 0.052700 0.035700 0.173400 0.154600 0.073400 0.035300 0.035500 0.054000 0.054500 0.035400 0.137600 0.072000 0.141300 0.035700 0.036300 0.056000 0.093400 0.053000 0.089800 0.153900 0.173600 0.036100 0.137600 0.171700 0.074400 0.017300 0.071400 0.052700 0.035300 0.108200 0.071300 0.071800
GazellaPrz 0.052100 0.258000 0.104600 0.371800 0.050100 0.052100 0.090200 0.000000 0.104500 0.154300 0.071200 0.108300 0.105400 0.105300 0.104200 0.105100 0.191000 0.172300 0.069200 0.143300 0.104500 0.052100 0.187500 0.169300 0.052400 0.087500 0.088400 0.107100 0.108200 0.087700 0.153000 0.127200 0.155700 0.052100 0.090400 0.111700 0.109000 0.033700 0.142700 0.168500 0.187700 0.089300 0.153000 0.185800 0.090400 0.105700 0.123800 0.104600 0.087500 0.203300 0.124000 0.124800
MountainNy 0.051900 0.258800 0.033200 0.433200 0.049700 0.051900 0.052600 0.104500 0.000000 0.153500 0.070900 0.070200 0.033500 0.033400 0.033000 0.068100 0.147900 0.129800 0.068900 0.068000 0.033200 0.051900 0.186600 0.127500 0.088800 0.051100 0.016800 0.033900 0.070100 0.016700 0.152200 0.088400 0.154600 0.051900 0.052700 0.072300 0.108500 0.068400 0.067600 0.126900 0.145300 0.052200 0.152200 0.143900 0.090100 0.068500 0.086000 0.033200 0.051100 0.122000 0.050500 0.050800
MuntiacusM 0.095200 0.276900 0.153600 0.377100 0.130500 0.095200 0.138900 0.154300 0.153500 0.000000 0.117400 0.115900 0.154300 0.153800 0.152100 0.153800 0.114800 0.096500 0.113600 0.154300 0.153700 0.095200 0.073800 0.055500 0.137400 0.135100 0.135900 0.115300 0.159800 0.135500 0.000100 0.179600 0.187200 0.095200 0.139300 0.120000 0.160100 0.112900 0.174800 0.055300 0.073800 0.138100 0.000100 0.073200 0.096900 0.154500 0.175800 0.153600 0.135100 0.218500 0.133400 0.134300
goat 0.017500 0.270100 0.071000 0.454900 0.051800 0.017100 0.054900 0.071200 0.070900 0.117400 0.000000 0.073200 0.071200 0.071100 0.070400 0.071000 0.154900 0.136600 0.034800 0.109500 0.071000 0.017200 0.152000 0.133400 0.017100 0.053500 0.053300 0.072800 0.073500 0.053600 0.116400 0.092000 0.160900 0.017500 0.054600 0.075600 0.035800 0.034900 0.109000 0.132800 0.152200 0.054700 0.116400 0.150500 0.055000 0.071400 0.090200 0.071000 0.053500 0.127400 0.090100 0.090700
AfricanBuf 0.053600 0.289200 0.070300 0.444200 0.087500 0.053600 0.054300 0.108300 0.070200 0.115900 0.073200 0.000000 0.070600 0.070400 0.069600 0.070200 0.111700 0.093900 0.071000 0.070700 0.070200 0.053600 0.150300 0.131100 0.091700 0.052900 0.053200 0.035200 0.072700 0.053100 0.115000 0.091100 0.159000 0.053600 0.054400 0.036500 0.112000 0.070600 0.107800 0.131400 0.150400 0.054100 0.115000 0.148800 0.054500 0.070600 0.089200 0.070300 0.052900 0.126000 0.052300 0.052700
Topi 0.052200 0.258400 0.033500 0.442100 0.085200 0.052200 0.052900 0.105400 0.033500 0.154300 0.071200 0.070600 0.000000 0.068700 0.068000 0.068500 0.148600 0.131200 0.069300 0.105600 0.033500 0.052200 0.187300 0.169200 0.088900 0.051700 0.016900 0.070200 0.070900 0.016800 0.153000 0.088800 0.155100 0.052200 0.053000 0.072700 0.108800 0.068700 0.105100 0.168500 0.187500 0.052800 0.153000 0.186200 0.090500 0.068800 0.086900 0.033500 0.051700 0.161900 0.051000 0.051300
CommonDuik 0.052100 0.259200 0.068500 0.497300 0.049900 0.052100 0.052500 0.105300 0.033400 0.153800 0.071100 0.070400 0.068700 0.000000 0.000100 0.068300 0.148200 0.130800 0.069100 0.068600 0.068400 0.052100 0.145500 0.089000 0.089000 0.051500 0.051800 0.034200 0.070700 0.051700 0.152500 0.051600 0.117500 0.052100 0.052900 0.072500 0.108700 0.068600 0.068200 0.127200 0.145700 0.052600 0.152500 0.105400 0.052900 0.068600 0.086700 0.068500 0.051500 0.122300 0.086900 0.087400
Suni 0.051600 0.256400 0.067700 0.519800 0.049400 0.051600 0.052200 0.104200 0.033000 0.152100 0.070400 0.069600 0.068000 0.000100 0.000000 0.067600 0.146500 0.129400 0.068400 0.067900 0.067700 0.051600 0.144000 0.088100 0.088100 0.051000 0.051200 0.033800 0.070000 0.051100 0.150800 0.051400 0.116300 0.051600 0.052300 0.071700 0.107600 0.067900 0.067500 0.125900 0.144100 0.052100 0.150800 0.104300 0.052300 0.067900 0.085800 0.067700 0.051000 0.121100 0.086000 0.086500
Springbuck 0.052000 0.210800 0.068200 0.475900 0.085000 0.052000 0.052700 0.105100 0.068100 0.153800 0.071000 0.070200 0.068500 0.068300 0.067600 0.000000 0.148200 0.130700 0.033700 0.105100 0.068200 0.052000 0.186800 0.168600 0.088900 0.051400 0.051600 0.069800 0.034400 0.051500 0.152500 0.088300 0.117300 0.052000 0.052800 0.072400 0.108600 0.068500 0.068100 0.167900 0.187100 0.052500 0.152500 0.185100 0.090100 0.068600 0.086600 0.068200 0.051400 0.161200 0.086600 0.051100
Okapi 0.131900 0.312900 0.148000 0.495500 0.166100 0.131900 0.093400 0.191000 0.147900 0.114800 0.154900 0.111700 0.148600 0.148200 0.146500 0.148200 0.000000 0.054300 0.150000 0.108500 0.148000 0.131900 0.108600 0.130500 0.174900 0.130100 0.130800 0.111100 0.153500 0.130500 0.113800 0.172800 0.200500 0.131900 0.134000 0.075300 0.198100 0.149000 0.168300 0.130000 0.108600 0.132900 0.113800 0.147700 0.134100 0.070900 0.169400 0.148000 0.130100 0.167500 0.128500 0.129300
Giraffe 0.114000 0.295500 0.129900 0.532800 0.148800 0.114000 0.115600 0.172300 0.129800 0.096500 0.136600 0.093900 0.131200 0.130800 0.129400 0.130700 0.054300 0.000000 0.132300 0.090700 0.129900 0.114000 0.091300 0.113000 0.156600 0.111800 0.113100 0.092900 0.134800 0.112100 0.095800 0.155100 0.183800 0.114000 0.115800 0.097000 0.179700 0.131400 0.150000 0.112500 0.091300 0.114300 0.095800 0.130100 0.116000 0.091200 0.150800 0.129900 0.111800 0.192000 0.110500 0.111200
TibetanAnt 0.017000 0.213600 0.069000 0.416300 0.050400 0.017000 0.053300 0.069200 0.068900 0.113600 0.034800 0.071000 0.069300 0.069100 0.068400 0.033700 0.150000 0.132300 0.000000 0.106400 0.069000 0.016600 0.147400 0.129300 0.052300 0.052000 0.051900 0.070700 0.034800 0.052100 0.112700 0.089400 0.118700 0.017000 0.053100 0.073200 0.070900 0.033900 0.068900 0.128800 0.147500 0.053100 0.112700 0.146000 0.053400 0.069300 0.087600 0.069000 0.052000 0.163200 0.087600 0.051600
Sitatunga 0.089100 0.308700 0.105000 0.497400 0.085100 0.089100 0.090300 0.143300 0.068000 0.154300 0.109500 0.070700 0.105600 0.068600 0.067900 0.105100 0.108500 0.090700 0.106400 0.000000 0.104600 0.089100 0.145900 0.128200 0.128000 0.087600 0.088500 0.034100 0.108300 0.087800 0.153000 0.127300 0.194400 0.089100 0.090400 0.072800 0.149000 0.105600 0.104800 0.127600 0.106700 0.089400 0.153000 0.144600 0.090600 0.068600 0.123800 0.104700 0.087600 0.122600 0.086600 0.087200
Oribi 0.052000 0.212000 0.032300 0.431400 0.084900 0.052000 0.052700 0.104500 0.033200 0.153700 0.071000 0.070200 0.033500 0.068400 0.067700 0.068200 0.148000 0.129900 0.069000 0.104600 0.000000 0.052000 0.186900 0.168800 0.088900 0.051100 0.016800 0.069500 0.070200 0.016300 0.152500 0.088400 0.154700 0.052000 0.052800 0.072300 0.108600 0.068500 0.104100 0.168000 0.187100 0.052200 0.152500 0.185200 0.090100 0.068500 0.086000 0.033200 0.051100 0.161300 0.050500 0.050800
BarbaryShe 0.000000 0.241500 0.052000 0.415000 0.033800 0.000000 0.035700 0.052100 0.051900 0.095200 0.017200 0.053600 0.052200 0.052100 0.051600 0.052000 0.131900 0.114000 0.016600 0.089100 0.052000 0.000000 0.129600 0.111400 0.034000 0.034800 0.033500 0.053300 0.053800 0.034900 0.094400 0.071900 0.139500 0.000000 0.035600 0.055200 0.053500 0.017000 0.088600 0.110900 0.129700 0.035600 0.094400 0.128300 0.035800 0.052300 0.070400 0.052000 0.034800 0.145600 0.070400 0.070800
Daviddeer 0.129600 0.310100 0.186700 0.482800 0.163000 0.129600 0.173400 0.187500 0.186600 0.073800 0.152000 0.150300 0.187300 0.145500 0.144000 0.186800 0.108600 0.091300 0.147400 0.145900 0.186900 0.129600 0.000000 0.052800 0.171500 0.169000 0.169900 0.149600 0.194000 0.169300 0.072800 0.169600 0.197000 0.129600 0.173800 0.155300 0.194200 0.146200 0.207600 0.089700 0.034400 0.172500 0.072800 0.069600 0.091700 0.145800 0.208600 0.186700 0.169000 0.250900 0.166900 0.168000
Reindeer 0.111400 0.292500 0.168700 0.448500 0.106200 0.111400 0.154600 0.169300 0.127500 0.055500 0.133400 0.131100 0.169200 0.089000 0.088100 0.168600 0.130500 0.113000 0.129300 0.128200 0.168800 0.111400 0.052800 0.000000 0.152800 0.150700 0.151500 0.091400 0.175300 0.151000 0.055100 0.151400 0.179700 0.111400 0.155000 0.136300 0.175200 0.128300 0.147300 0.035200 0.052800 0.153900 0.055100 0.017000 0.073600 0.169200 0.190200 0.168700 0.150700 0.187700 0.148900 0.149900
Ibex 0.035100 0.292200 0.088900 0.417400 0.034000 0.034900 0.073400 0.052400 0.088800 0.137400 0.017100 0.091700 0.088900 0.089000 0.088100 0.088900 0.174900 0.156600 0.052300 0.128000 0.088900 0.034000 0.171500 0.152800 0.000000 0.071500 0.071200 0.091100 0.092000 0.071600 0.136200 0.110600 0.179300 0.035100 0.072900 0.094700 0.053700 0.017100 0.127500 0.152100 0.171700 0.073000 0.136200 0.169800 0.073500 0.089500 0.108500 0.088900 0.071500 0.146000 0.108300 0.109100
GyrantGaze 0.034800 0.238400 0.051200 0.475500 0.068300 0.034800 0.035300 0.087500 0.051100 0.135100 0.053500 0.052900 0.051700 0.051500 0.051000 0.051400 0.130100 0.111800 0.052000 0.087600 0.051100 0.034800 0.169000 0.150700 0.071500 0.000000 0.034600 0.050800 0.052900 0.034300 0.134100 0.071100 0.138000 0.034800 0.035400 0.054600 0.091000 0.051700 0.087100 0.150000 0.169100 0.033500 0.134100 0.167400 0.072500 0.051700 0.069200 0.051200 0.034300 0.143900 0.069300 0.069700
Hartebeest 0.034800 0.240000 0.016900 0.411700 0.068600 0.034800 0.035500 0.088400 0.016800 0.135900 0.053300 0.053200 0.016900 0.051800 0.051200 0.051600 0.130800 0.113100 0.051900 0.088500 0.016800 0.033500 0.169900 0.151500 0.071200 0.034600 0.000000 0.052900 0.053400 0.000000 0.134800 0.071400 0.138700 0.034800 0.035300 0.054800 0.090600 0.051900 0.088000 0.150800 0.170000 0.035300 0.134800 0.168300 0.072800 0.051900 0.069900 0.016900 0.034600 0.144600 0.034200 0.034400
Bongo 0.053300 0.266600 0.069600 0.448900 0.050900 0.053300 0.054000 0.107100 0.033900 0.115300 0.072800 0.035200 0.070200 0.034200 0.033800 0.069800 0.111100 0.092900 0.070700 0.034100 0.069500 0.053300 0.149600 0.091400 0.091100 0.050800 0.052900 0.000000 0.072000 0.052500 0.114400 0.090600 0.158400 0.053300 0.054100 0.036300 0.111400 0.070200 0.069300 0.091000 0.109300 0.053500 0.114400 0.108100 0.054200 0.070200 0.088200 0.069600 0.052400 0.087300 0.051800 0.052200
Gerenuk 0.053800 0.173700 0.070200 0.428400 0.087800 0.053800 0.054500 0.108200 0.070100 0.159800 0.073500 0.072700 0.070900 0.070700 0.070000 0.034400 0.153500 0.134800 0.034800 0.108300 0.070200 0.053800 0.194000 0.175300 0.092000 0.052900 0.053400 0.072000 0.000000 0.053000 0.158400 0.091500 0.121400 0.053800 0.054600 0.075000 0.112600 0.070900 0.070100 0.174500 0.194200 0.054000 0.158400 0.192200 0.093400 0.070900 0.089000 0.070200 0.052900 0.167200 0.089200 0.052600
CommonElan 0.034900 0.239100 0.016300 0.410700 0.068400 0.034900 0.035400 0.087700 0.016700 0.135500 0.053600 0.053100 0.016800 0.051700 0.051100 0.051500 0.130500 0.112100 0.052100 0.087800 0.016300 0.034900 0.169300 0.151000 0.071600 0.034300 0.000000 0.052500 0.053000 0.000000 0.134400 0.071200 0.138300 0.034900 0.035400 0.054700 0.091200 0.051800 0.087300 0.150400 0.169500 0.034300 0.134400 0.167800 0.072700 0.051800 0.069400 0.016700 0.034300 0.144300 0.033900 0.033200
MuntiacusR 0.094400 0.274500 0.152400 0.383900 0.129400 0.094400 0.137600 0.153000 0.152200 0.000100 0.116400 0.115000 0.153000 0.152500 0.150800 0.152500 0.113800 0.095800 0.112700 0.153000 0.152500 0.094400 0.072800 0.055100 0.136200 0.134100 0.134800 0.114400 0.158400 0.134400 0.000000 0.177900 0.185700 0.094400 0.138200 0.119000 0.158700 0.111900 0.173300 0.054900 0.073200 0.136900 0.000000 0.072700 0.096100 0.153200 0.174300 0.152400 0.134100 0.216600 0.132300 0.133200
HarveysDui 0.071900 0.288900 0.088500 0.541100 0.105600 0.071900 0.072000 0.127200 0.088400 0.179600 0.092000 0.091100 0.088800 0.051600 0.051400 0.088300 0.172800 0.155100 0.089400 0.127300 0.088400 0.071900 0.169600 0.151400 0.110600 0.071100 0.071400 0.090600 0.091500 0.071200 0.177900 0.000000 0.138800 0.071900 0.072900 0.093800 0.131400 0.088700 0.126600 0.193700 0.213500 0.072600 0.177900 0.168000 0.072900 0.088700 0.107600 0.088500 0.071100 0.186000 0.107900 0.108500
Pronghorn 0.139500 0.314400 0.154700 0.578000 0.171200 0.139500 0.141300 0.155700 0.154600 0.187200 0.160900 0.159000 0.155100 0.117500 0.116300 0.117300 0.200500 0.183800 0.118700 0.194400 0.154700 0.139500 0.197000 0.179700 0.179300 0.138000 0.138700 0.158400 0.121400 0.138300 0.185700 0.138800 0.000000 0.139500 0.141500 0.163900 0.200900 0.155200 0.135500 0.220700 0.240000 0.140800 0.185700 0.195300 0.141500 0.155100 0.136500 0.154700 0.138000 0.254600 0.174800 0.137200
BlueWildeb 0.000000 0.241500 0.052000 0.415000 0.033800 0.000000 0.035700 0.052100 0.051900 0.095200 0.017500 0.053600 0.052200 0.052100 0.051600 0.052000 0.131900 0.114000 0.017000 0.089100 0.052000 0.000000 0.129600 0.111400 0.035100 0.034800 0.034800 0.053300 0.053800 0.034900 0.094400 0.071900 0.139500 0.000000 0.035600 0.055200 0.053500 0.017000 0.088600 0.110900 0.129700 0.035600 0.094400 0.128300 0.035800 0.052300 0.070400 0.052000 0.034800 0.145600 0.070400 0.070800
Gemsbok 0.034100 0.245800 0.052800 0.431100 0.070100 0.035600 0.036300 0.090400 0.052700 0.139300 0.054600 0.054400 0.053000 0.052900 0.052300 0.052800 0.134000 0.115800 0.053100 0.090400 0.052800 0.035600 0.173800 0.155000 0.072900 0.035400 0.035300 0.054100 0.054600 0.035400 0.138200 0.072900 0.141500 0.035600 0.000000 0.036700 0.091800 0.053100 0.089900 0.154300 0.174000 0.036100 0.138200 0.172200 0.054800 0.053100 0.071400 0.052800 0.035400 0.147300 0.071500 0.071900
Yak 0.055200 0.275300 0.072400 0.367900 0.090100 0.055300 0.056000 0.111700 0.072300 0.120000 0.075600 0.036500 0.072700 0.072500 0.071700 0.072400 0.075300 0.097000 0.073200 0.072800 0.072300 0.055200 0.155300 0.136300 0.094700 0.054600 0.054800 0.036300 0.075000 0.054700 0.119000 0.093800 0.163900 0.055200 0.036700 0.000000 0.115700 0.072800 0.111100 0.135700 0.155400 0.055700 0.119000 0.153700 0.054500 0.072800 0.091900 0.072400 0.054600 0.129500 0.053900 0.054300
BlueSheep 0.053500 0.320800 0.108600 0.522000 0.088100 0.053500 0.093400 0.109000 0.108500 0.160100 0.035800 0.112000 0.108800 0.108700 0.107600 0.108600 0.198100 0.179700 0.070900 0.149000 0.108600 0.053500 0.194200 0.175200 0.053700 0.091000 0.090600 0.111400 0.112600 0.091200 0.158700 0.131400 0.200900 0.053500 0.091800 0.115700 0.000000 0.071100 0.108200 0.174300 0.194400 0.092900 0.158700 0.192300 0.093600 0.109300 0.089600 0.108600 0.091000 0.167500 0.128800 0.129700
BohorReedb 0.017000 0.258400 0.068600 0.393400 0.016000 0.017000 0.053000 0.033700 0.068400 0.112900 0.034900 0.070600 0.068700 0.068600 0.067900 0.068500 0.149000 0.131400 0.033900 0.105600 0.068500 0.017000 0.146200 0.128300 0.017100 0.051700 0.051900 0.070200 0.070900 0.051800 0.111900 0.088700 0.155200 0.017000 0.053100 0.072800 0.071100 0.000000 0.105100 0.127800 0.146400 0.052700 0.111900 0.144900 0.053000 0.068900 0.087000 0.068600 0.051700 0.162000 0.087000 0.087500
KirksDik 0.088600 0.258200 0.104100 0.547900 0.084700 0.088600 0.089800 0.142700 0.067600 0.174800 0.109000 0.107800 0.105100 0.068200 0.067500 0.068100 0.168300 0.150000 0.068900 0.104800 0.104100 0.088600 0.207600 0.147300 0.127500 0.087100 0.088000 0.069300 0.070100 0.087300 0.173300 0.126600 0.135500 0.088600 0.089900 0.111100 0.108200 0.105100 0.000000 0.146600 0.165300 0.088900 0.173300 0.163600 0.129200 0.105100 0.085800 0.104100 0.087100 0.160800 0.123400 0.086600
RoeDeer 0.110900 0.290900 0.167900 0.446900 0.105800 0.110900 0.153900 0.168500 0.126900 0.055300 0.132800 0.131400 0.168500 0.127200 0.125900 0.167900 0.130000 0.112500 0.128800 0.127600 0.168000 0.110900 0.089700 0.035200 0.152100 0.150000 0.150800 0.091000 0.174500 0.150400 0.054900 0.193700 0.220700 0.110900 0.154300 0.135700 0.174300 0.127800 0.146600 0.000000 0.052600 0.153200 0.054900 0.052000 0.112900 0.168600 0.189300 0.167900 0.150000 0.186700 0.148300 0.149200
WhiteLippe 0.129700 0.312200 0.186900 0.487000 0.123600 0.129700 0.173600 0.187700 0.145300 0.073800 0.152200 0.150400 0.187500 0.145700 0.144100 0.187100 0.108600 0.091300 0.147500 0.106700 0.187100 0.129700 0.034400 0.052800 0.171700 0.169100 0.170000 0.109300 0.194200 0.169500 0.073200 0.213500 0.240000 0.129700 0.174000 0.155400 0.194400 0.146400 0.165300 0.052600 0.000000 0.172600 0.073200 0.069600 0.132000 0.145900 0.208900 0.186900 0.169100 0.206200 0.167000 0.168200
ThomsonGaz 0.035600 0.243700 0.052300 0.485500 0.069700 0.035600 0.036100 0.089300 0.052200 0.138100 0.054700 0.054100 0.052800 0.052600 0.052100 0.052500 0.132900 0.114300 0.053100 0.089400 0.052200 0.035600 0.172500 0.153900 0.073000 0.033500 0.035300 0.053500 0.054000 0.034300 0.136900 0.072600 0.140800 0.035600 0.036100 0.055700 0.092900 0.052700 0.088900 0.153200 0.172600 0.000000 0.136900 0.170900 0.074100 0.052700 0.070700 0.052300 0.034400 0.147000 0.070700 0.071200
MuntiacusC 0.094400 0.274500 0.152400 0.383900 0.129400 0.094400 0.137600 0.153000 0.152200 0.000100 0.116400 0.115000 0.153000 0.152500 0.150800 0.152500 0.113800 0.095800 0.112700 0.153000 0.152500 0.094400 0.072800 0.055100 0.136200 0.134100 0.134800 0.114400 0.158400 0.134400 0.000000 0.177900 0.185700 0.094400 0.138200 0.119000 0.158700 0.111900 0.173300 0.054900 0.073200 0.136900 0.000000 0.072700 0.096100 0.153200 0.174300 0.152400 0.134100 0.216600 0.132300 0.133200
WhiteTaile 0.128300 0.309600 0.185100 0.438600 0.122400 0.128300 0.171700 0.185800 0.143900 0.073200 0.150500 0.148800 0.186200 0.105400 0.104300 0.185100 0.147700 0.130100 0.146000 0.144600 0.185200 0.128300 0.069600 0.017000 0.169800 0.167400 0.168300 0.108100 0.192200 0.167800 0.072700 0.168000 0.195300 0.128300 0.172200 0.153700 0.192300 0.144900 0.163600 0.052000 0.069600 0.170900 0.072700 0.000000 0.090800 0.185800 0.206700 0.185100 0.167400 0.204000 0.165400 0.166500
Cattle 0.035800 0.296800 0.090200 0.388500 0.070100 0.035800 0.074400 0.090400 0.090100 0.096900 0.055000 0.054500 0.090500 0.052900 0.052300 0.090100 0.134100 0.116000 0.053400 0.090600 0.090100 0.035800 0.091700 0.073600 0.073500 0.072500 0.072800 0.054200 0.093400 0.072700 0.096100 0.072900 0.141500 0.035800 0.054800 0.054500 0.093600 0.053000 0.129200 0.112900 0.132000 0.074100 0.096100 0.090800 0.000000 0.090600 0.109900 0.090200 0.072500 0.147600 0.071600 0.072100
RoyalAntel 0.052300 0.258400 0.068600 0.527300 0.085400 0.052300 0.017300 0.105700 0.068500 0.154500 0.071400 0.070600 0.068800 0.068600 0.067900 0.068600 0.070900 0.091200 0.069300 0.068600 0.068500 0.052300 0.145800 0.169200 0.089500 0.051700 0.051900 0.070200 0.070900 0.051800 0.153200 0.088700 0.155100 0.052300 0.053100 0.072800 0.109300 0.068900 0.105100 0.168600 0.145900 0.052700 0.153200 0.185800 0.090600 0.000000 0.087100 0.068600 0.051700 0.123200 0.087000 0.087500
Steenbok 0.070400 0.235600 0.086100 0.468700 0.103500 0.070400 0.071400 0.123800 0.086000 0.175800 0.090200 0.089200 0.086900 0.086700 0.085800 0.086600 0.169400 0.150800 0.087600 0.123800 0.086000 0.070400 0.208600 0.190200 0.108500 0.069200 0.069900 0.088200 0.089000 0.069400 0.174300 0.107600 0.136500 0.070400 0.071400 0.091900 0.089600 0.087000 0.085800 0.189300 0.208900 0.070700 0.174300 0.206700 0.109900 0.087100 0.000000 0.086100 0.067100 0.181900 0.104900 0.105500
Impala 0.052000 0.257400 0.032400 0.429200 0.085000 0.052000 0.052700 0.104600 0.033200 0.153600 0.071000 0.070300 0.033500 0.068500 0.067700 0.068200 0.148000 0.129900 0.069000 0.104700 0.033200 0.052000 0.186700 0.168700 0.088900 0.051200 0.016900 0.069600 0.070200 0.016700 0.152400 0.088500 0.154700 0.052000 0.052800 0.072400 0.108600 0.068600 0.104100 0.167900 0.186900 0.052300 0.152400 0.185100 0.090200 0.068600 0.086100 0.000000 0.049800 0.161400 0.049600 0.050900
Klipspring 0.034800 0.238400 0.051200 0.475500 0.068300 0.034800 0.035300 0.087500 0.051100 0.135100 0.053500 0.052900 0.051700 0.051500 0.051000 0.051400 0.130100 0.111800 0.052000 0.087600 0.051100 0.034800 0.169000 0.150700 0.071500 0.034300 0.034600 0.052400 0.052900 0.034300 0.134100 0.071100 0.138000 0.034800 0.035400 0.054600 0.091000 0.051700 0.087100 0.150000 0.169100 0.034400 0.134100 0.167400 0.072500 0.051700 0.067100 0.049800 0.000000 0.143900 0.069300 0.069700
ForestMusk 0.145600 0.333900 0.161400 0.526800 0.139000 0.145600 0.108200 0.203300 0.122000 0.218500 0.127400 0.126000 0.161900 0.122300 0.121100 0.161200 0.167500 0.192000 0.163200 0.122600 0.161300 0.145600 0.250900 0.187700 0.146000 0.143900 0.144600 0.087300 0.167200 0.144300 0.216600 0.186000 0.254600 0.145600 0.147300 0.129500 0.167500 0.162000 0.160800 0.186700 0.206200 0.147000 0.216600 0.204000 0.147600 0.123200 0.181900 0.161400 0.143900 0.000000 0.142300 0.143300
Bushbuck 0.070400 0.284000 0.050600 0.402100 0.103500 0.070400 0.071300 0.124000 0.050500 0.133400 0.090100 0.052300 0.051000 0.086900 0.086000 0.086600 0.128500 0.110500 0.087600 0.086600 0.050500 0.070400 0.166900 0.148900 0.108300 0.069300 0.034200 0.051800 0.089200 0.033900 0.132300 0.107900 0.174800 0.070400 0.071500 0.053900 0.128800 0.087000 0.123400 0.148300 0.167000 0.070700 0.132300 0.165400 0.071600 0.087000 0.104900 0.049600 0.069300 0.142300 0.000000 0.033700
GreaterKud 0.070800 0.237200 0.050900 0.385600 0.104200 0.070800 0.071800 0.124800 0.050800 0.134300 0.090700 0.052700 0.051300 0.087400 0.086500 0.051100 0.129300 0.111200 0.051600 0.087200 0.050800 0.070800 0.168000 0.149900 0.109100 0.069700 0.034400 0.052200 0.052600 0.033200 0.133200 0.108500 0.137200 0.070800 0.071900 0.054300 0.129700 0.087500 0.086600 0.149200 0.168200 0.071200 0.133200 0.166500 0.072100 0.087500 0.105500 0.050900 0.069700 0.143300 0.033700 0.000000
