CODONML (in paml version 4.10.7, June 2023)  /home/rachel/ruminants_paml/6406-phy-tree/ENSBTAT00000064986.fasta.phy
Model: free dN/dS Ratios for branches,  kappa = 2.000 fixed

Codon frequency model: F3x4
ns =  54  ls =  52

Codon usage in sequences
--------------------------------------------------------------------------------------------------------------------------------------
Phe TTT   1   1   1   1   1   1 | Ser TCT   0   0   0   0   0   0 | Tyr TAT   1   1   1   1   1   1 | Cys TGT   0   0   0   0   0   0
    TTC   0   0   0   0   0   0 |     TCC   1   1   1   1   1   1 |     TAC   0   0   0   0   0   0 |     TGC   0   0   0   0   0   0
Leu TTA   0   0   0   0   0   0 |     TCA   0   0   0   0   0   0 | *** TAA   0   0   0   0   0   0 | *** TGA   0   0   0   0   0   0
    TTG   1   2   1   2   2   2 |     TCG   0   0   0   0   0   0 |     TAG   0   0   0   0   0   0 | Trp TGG   1   1   1   1   1   1
--------------------------------------------------------------------------------------------------------------------------------------
Leu CTT   2   1   1   2   1   2 | Pro CCT   2   1   2   2   1   2 | His CAT   0   0   0   0   0   0 | Arg CGT   0   0   0   0   0   0
    CTC   1   3   2   1   2   1 |     CCC   1   2   1   1   2   1 |     CAC   0   0   0   0   0   0 |     CGC   0   0   0   0   0   0
    CTA   1   0   1   1   1   1 |     CCA   0   0   0   0   0   0 | Gln CAA   1   1   1   1   1   1 |     CGA   0   0   0   0   0   0
    CTG   2   1   2   1   1   1 |     CCG   1   1   1   1   1   1 |     CAG   2   2   2   2   2   2 |     CGG   1   1   1   1   1   1
--------------------------------------------------------------------------------------------------------------------------------------
Ile ATT   1   1   1   1   1   1 | Thr ACT   2   2   2   2   1   2 | Asn AAT   0   0   0   0   0   0 | Ser AGT   0   0   0   0   0   0
    ATC   1   1   1   1   1   1 |     ACC   1   1   1   1   1   1 |     AAC   0   0   0   0   0   0 |     AGC   0   0   0   0   0   0
    ATA   0   0   0   0   0   0 |     ACA   1   1   1   1   0   0 | Lys AAA   5   5   5   5   6   5 | Arg AGA   1   1   1   1   2   2
Met ATG   3   3   3   3   3   3 |     ACG   0   0   0   0   2   1 |     AAG   3   3   3   3   2   3 |     AGG   1   1   1   1   0   0
--------------------------------------------------------------------------------------------------------------------------------------
Val GTT   0   0   0   0   0   0 | Ala GCT   0   0   0   0   0   0 | Asp GAT   1   1   1   1   1   1 | Gly GGT   1   1   1   1   0   1
    GTC   2   3   2   2   2   2 |     GCC   1   1   1   1   1   1 |     GAC   1   1   1   1   1   1 |     GGC   1   1   1   1   3   1
    GTA   0   0   0   0   0   0 |     GCA   0   0   0   0   0   0 | Glu GAA   2   2   2   2   2   2 |     GGA   1   1   1   1   0   1
    GTG   1   0   1   1   1   1 |     GCG   0   0   0   0   0   0 |     GAG   3   3   3   3   3   3 |     GGG   0   0   0   0   0   0
--------------------------------------------------------------------------------------------------------------------------------------

--------------------------------------------------------------------------------------------------------------------------------------
Phe TTT   1   1   1   1   1   1 | Ser TCT   0   0   0   0   0   0 | Tyr TAT   1   1   1   1   1   1 | Cys TGT   0   0   0   0   0   0
    TTC   0   0   0   0   0   0 |     TCC   1   1   1   1   1   1 |     TAC   0   0   0   0   0   0 |     TGC   0   0   0   0   0   0
Leu TTA   1   0   1   0   0   0 |     TCA   0   0   0   0   0   0 | *** TAA   0   0   0   0   0   0 | *** TGA   0   0   0   0   0   0
    TTG   0   1   0   1   1   2 |     TCG   0   0   0   0   0   0 |     TAG   0   0   0   0   0   0 | Trp TGG   1   1   1   1   1   1
--------------------------------------------------------------------------------------------------------------------------------------
Leu CTT   2   2   2   2   1   2 | Pro CCT   2   2   2   2   2   2 | His CAT   0   0   0   0   0   0 | Arg CGT   0   0   0   0   0   0
    CTC   1   1   1   1   2   1 |     CCC   1   1   1   1   1   1 |     CAC   0   0   0   0   0   0 |     CGC   0   0   0   0   0   0
    CTA   1   1   0   1   1   1 |     CCA   0   0   0   0   0   0 | Gln CAA   1   1   1   1   1   1 |     CGA   0   0   0   0   0   0
    CTG   2   2   3   2   2   1 |     CCG   1   1   1   1   1   1 |     CAG   2   2   2   2   2   2 |     CGG   1   1   1   1   1   1
--------------------------------------------------------------------------------------------------------------------------------------
Ile ATT   1   1   1   1   1   1 | Thr ACT   2   2   2   2   2   2 | Asn AAT   0   0   0   0   0   0 | Ser AGT   0   0   0   0   0   0
    ATC   1   1   1   1   1   1 |     ACC   1   1   1   1   1   1 |     AAC   0   0   0   0   0   0 |     AGC   0   0   0   0   0   0
    ATA   0   0   0   0   0   0 |     ACA   1   1   1   1   1   1 | Lys AAA   5   5   5   5   5   5 | Arg AGA   1   1   1   1   1   1
Met ATG   3   3   3   3   3   3 |     ACG   0   0   0   0   0   0 |     AAG   3   3   3   3   3   3 |     AGG   1   1   1   1   1   1
--------------------------------------------------------------------------------------------------------------------------------------
Val GTT   0   0   0   0   0   0 | Ala GCT   0   0   0   0   0   0 | Asp GAT   1   1   1   1   1   1 | Gly GGT   1   1   1   1   1   1
    GTC   2   2   2   2   2   2 |     GCC   1   1   1   1   1   1 |     GAC   1   1   1   1   1   1 |     GGC   1   1   1   1   1   1
    GTA   0   0   0   0   0   0 |     GCA   0   0   0   0   0   0 | Glu GAA   2   2   3   2   2   1 |     GGA   1   1   1   1   1   1
    GTG   1   1   1   1   1   1 |     GCG   0   0   0   0   0   0 |     GAG   3   3   2   3   3   4 |     GGG   0   0   0   0   0   0
--------------------------------------------------------------------------------------------------------------------------------------

--------------------------------------------------------------------------------------------------------------------------------------
Phe TTT   1   1   1   1   1   1 | Ser TCT   0   0   0   0   0   0 | Tyr TAT   1   1   1   1   1   1 | Cys TGT   0   0   0   0   0   0
    TTC   0   0   0   0   0   0 |     TCC   1   1   1   1   1   1 |     TAC   0   0   0   0   0   0 |     TGC   0   0   0   0   0   0
Leu TTA   0   0   0   0   0   0 |     TCA   0   0   0   0   0   0 | *** TAA   0   0   0   0   0   0 | *** TGA   0   0   0   0   0   0
    TTG   1   1   1   1   1   1 |     TCG   0   0   0   0   0   0 |     TAG   0   0   0   0   0   0 | Trp TGG   1   1   1   1   1   1
--------------------------------------------------------------------------------------------------------------------------------------
Leu CTT   2   2   2   2   1   2 | Pro CCT   2   2   2   2   2   2 | His CAT   0   0   0   0   0   0 | Arg CGT   0   0   0   0   0   0
    CTC   1   1   1   1   2   1 |     CCC   1   1   1   1   1   1 |     CAC   0   0   0   0   0   0 |     CGC   0   0   0   0   0   0
    CTA   1   2   1   1   1   2 |     CCA   0   0   0   0   0   0 | Gln CAA   1   1   1   1   1   1 |     CGA   0   0   0   0   1   0
    CTG   2   1   2   2   2   1 |     CCG   1   1   1   1   1   1 |     CAG   2   2   2   2   2   2 |     CGG   1   1   1   1   0   1
--------------------------------------------------------------------------------------------------------------------------------------
Ile ATT   1   1   1   1   1   2 | Thr ACT   2   2   2   2   2   2 | Asn AAT   0   0   0   0   0   0 | Ser AGT   0   0   0   0   0   0
    ATC   1   1   1   1   1   0 |     ACC   1   1   1   1   1   1 |     AAC   0   0   0   0   0   0 |     AGC   0   0   0   0   0   0
    ATA   0   0   0   0   0   0 |     ACA   1   1   1   1   1   1 | Lys AAA   5   5   5   5   5   5 | Arg AGA   1   1   1   1   1   1
Met ATG   3   3   3   3   3   3 |     ACG   0   0   0   0   0   0 |     AAG   3   3   3   3   3   3 |     AGG   1   1   1   1   1   1
--------------------------------------------------------------------------------------------------------------------------------------
Val GTT   0   0   0   0   0   0 | Ala GCT   0   0   0   0   0   0 | Asp GAT   1   1   1   1   1   1 | Gly GGT   1   1   1   1   1   1
    GTC   2   2   2   2   2   2 |     GCC   1   1   1   1   1   1 |     GAC   1   1   1   1   1   1 |     GGC   1   1   1   1   1   1
    GTA   1   0   0   0   0   0 |     GCA   0   0   0   0   0   0 | Glu GAA   2   2   2   3   2   2 |     GGA   1   1   1   1   1   1
    GTG   0   1   1   1   1   1 |     GCG   0   0   0   0   0   0 |     GAG   3   3   3   2   3   3 |     GGG   0   0   0   0   0   0
--------------------------------------------------------------------------------------------------------------------------------------

--------------------------------------------------------------------------------------------------------------------------------------
Phe TTT   1   1   1   1   1   1 | Ser TCT   0   0   0   0   0   0 | Tyr TAT   1   1   1   1   1   1 | Cys TGT   0   0   0   0   0   0
    TTC   0   0   0   0   0   0 |     TCC   1   1   1   1   1   1 |     TAC   0   0   0   0   0   0 |     TGC   0   0   0   0   0   0
Leu TTA   0   0   0   0   0   0 |     TCA   0   0   0   0   0   0 | *** TAA   0   0   0   0   0   0 | *** TGA   0   0   0   0   0   0
    TTG   2   2   1   1   1   1 |     TCG   0   0   0   0   0   0 |     TAG   0   0   0   0   0   0 | Trp TGG   1   1   1   1   1   1
--------------------------------------------------------------------------------------------------------------------------------------
Leu CTT   2   2   2   1   1   2 | Pro CCT   2   2   2   2   2   2 | His CAT   0   0   0   0   0   0 | Arg CGT   0   0   0   0   0   0
    CTC   1   1   1   2   2   1 |     CCC   1   1   1   1   1   1 |     CAC   0   0   0   0   0   0 |     CGC   0   0   0   0   0   0
    CTA   1   1   1   1   2   1 |     CCA   0   0   0   0   0   0 | Gln CAA   1   1   1   1   1   1 |     CGA   0   0   0   0   0   0
    CTG   1   1   2   2   1   2 |     CCG   1   1   1   1   1   1 |     CAG   2   2   2   2   2   2 |     CGG   1   1   1   1   1   1
--------------------------------------------------------------------------------------------------------------------------------------
Ile ATT   1   1   1   1   1   1 | Thr ACT   2   2   2   2   2   2 | Asn AAT   0   0   0   0   0   0 | Ser AGT   0   0   0   0   0   0
    ATC   1   1   1   1   1   1 |     ACC   1   1   1   1   1   1 |     AAC   0   0   0   0   0   0 |     AGC   0   0   0   0   0   0
    ATA   0   0   0   0   0   0 |     ACA   1   1   1   1   1   1 | Lys AAA   5   5   5   5   5   5 | Arg AGA   2   1   1   1   1   1
Met ATG   3   3   3   3   3   3 |     ACG   0   0   0   0   0   0 |     AAG   3   3   3   3   3   3 |     AGG   0   1   1   1   1   1
--------------------------------------------------------------------------------------------------------------------------------------
Val GTT   0   0   0   0   0   0 | Ala GCT   0   0   0   0   0   0 | Asp GAT   1   1   1   1   1   1 | Gly GGT   1   1   1   1   1   1
    GTC   2   2   2   2   2   2 |     GCC   1   1   1   1   1   1 |     GAC   1   1   1   1   1   1 |     GGC   1   1   1   1   1   1
    GTA   0   0   0   0   0   0 |     GCA   0   0   0   0   0   0 | Glu GAA   2   2   2   2   2   2 |     GGA   1   1   1   1   1   1
    GTG   1   1   1   1   1   1 |     GCG   0   0   0   0   0   0 |     GAG   3   3   3   3   3   3 |     GGG   0   0   0   0   0   0
--------------------------------------------------------------------------------------------------------------------------------------

--------------------------------------------------------------------------------------------------------------------------------------
Phe TTT   1   1   1   1   1   1 | Ser TCT   0   0   0   0   0   0 | Tyr TAT   1   1   1   1   1   1 | Cys TGT   0   0   0   0   0   0
    TTC   0   0   0   0   0   0 |     TCC   1   1   1   1   1   1 |     TAC   0   0   0   0   0   0 |     TGC   0   0   0   0   0   0
Leu TTA   0   0   0   0   0   0 |     TCA   0   0   0   0   0   0 | *** TAA   0   0   0   0   0   0 | *** TGA   0   0   0   0   0   0
    TTG   2   2   1   1   1   0 |     TCG   0   0   0   0   0   0 |     TAG   0   0   0   0   0   0 | Trp TGG   1   1   1   1   1   1
--------------------------------------------------------------------------------------------------------------------------------------
Leu CTT   2   2   2   2   2   1 | Pro CCT   2   2   2   2   2   2 | His CAT   0   0   0   0   0   0 | Arg CGT   0   0   0   0   0   0
    CTC   1   1   1   1   1   2 |     CCC   1   1   1   1   1   1 |     CAC   0   0   0   0   0   0 |     CGC   0   0   0   0   0   0
    CTA   1   1   1   1   1   2 |     CCA   0   0   0   0   0   0 | Gln CAA   1   1   1   1   1   1 |     CGA   0   0   0   0   0   0
    CTG   1   1   2   2   2   2 |     CCG   1   1   1   1   1   1 |     CAG   2   2   2   2   2   2 |     CGG   1   1   1   1   1   1
--------------------------------------------------------------------------------------------------------------------------------------
Ile ATT   1   1   1   1   1   1 | Thr ACT   2   2   2   2   2   2 | Asn AAT   0   0   0   0   0   0 | Ser AGT   0   0   0   0   0   0
    ATC   1   1   1   1   1   1 |     ACC   1   1   1   1   1   1 |     AAC   0   0   0   0   0   0 |     AGC   0   0   0   0   0   0
    ATA   0   0   0   0   0   0 |     ACA   1   1   1   1   1   1 | Lys AAA   4   5   5   5   5   5 | Arg AGA   1   1   1   1   1   1
Met ATG   3   3   3   3   3   3 |     ACG   0   0   0   0   0   0 |     AAG   4   3   3   3   3   3 |     AGG   1   1   1   1   1   1
--------------------------------------------------------------------------------------------------------------------------------------
Val GTT   0   0   0   0   0   0 | Ala GCT   0   0   0   0   0   0 | Asp GAT   1   1   1   1   1   1 | Gly GGT   1   1   1   1   1   1
    GTC   2   2   2   2   2   2 |     GCC   1   1   1   1   1   1 |     GAC   1   1   1   1   1   1 |     GGC   1   1   1   1   1   1
    GTA   0   0   0   0   0   0 |     GCA   0   0   0   0   0   0 | Glu GAA   1   0   2   2   2   2 |     GGA   1   1   1   1   1   1
    GTG   1   1   1   1   1   1 |     GCG   0   0   0   0   0   0 |     GAG   4   5   3   3   3   3 |     GGG   0   0   0   0   0   0
--------------------------------------------------------------------------------------------------------------------------------------

--------------------------------------------------------------------------------------------------------------------------------------
Phe TTT   1   1   1   1   1   1 | Ser TCT   0   0   0   0   0   0 | Tyr TAT   1   1   1   1   1   1 | Cys TGT   0   0   0   0   0   0
    TTC   0   0   0   0   0   0 |     TCC   1   1   1   1   1   1 |     TAC   0   0   0   0   0   0 |     TGC   0   0   0   0   0   0
Leu TTA   0   0   0   0   0   0 |     TCA   0   0   0   0   0   0 | *** TAA   0   0   0   0   0   0 | *** TGA   0   0   0   0   0   0
    TTG   1   1   2   1   2   1 |     TCG   0   0   0   0   0   0 |     TAG   0   0   0   0   0   0 | Trp TGG   1   1   1   1   1   1
--------------------------------------------------------------------------------------------------------------------------------------
Leu CTT   2   2   2   2   2   2 | Pro CCT   2   2   2   2   2   2 | His CAT   0   0   0   0   0   0 | Arg CGT   0   0   0   0   0   0
    CTC   1   2   1   1   1   0 |     CCC   1   1   1   1   1   1 |     CAC   0   0   0   0   0   0 |     CGC   0   0   0   0   0   0
    CTA   1   1   1   1   1   1 |     CCA   0   0   0   1   0   0 | Gln CAA   1   1   1   1   1   1 |     CGA   0   0   0   0   0   0
    CTG   2   1   1   2   1   3 |     CCG   1   1   1   0   1   1 |     CAG   2   2   2   2   2   2 |     CGG   1   1   1   1   1   1
--------------------------------------------------------------------------------------------------------------------------------------
Ile ATT   2   1   1   1   1   1 | Thr ACT   2   2   2   2   2   2 | Asn AAT   0   0   0   0   0   0 | Ser AGT   0   0   0   0   0   0
    ATC   0   1   1   1   1   1 |     ACC   1   1   1   1   1   1 |     AAC   0   0   0   0   0   0 |     AGC   0   0   0   0   0   0
    ATA   0   0   0   0   0   0 |     ACA   1   1   1   1   1   0 | Lys AAA   5   5   5   5   5   5 | Arg AGA   1   1   1   1   1   1
Met ATG   3   3   3   3   3   3 |     ACG   0   0   0   0   0   1 |     AAG   3   3   3   3   3   3 |     AGG   1   1   1   1   1   1
--------------------------------------------------------------------------------------------------------------------------------------
Val GTT   1   0   0   0   0   0 | Ala GCT   0   0   0   0   0   0 | Asp GAT   1   1   1   1   1   1 | Gly GGT   1   1   1   1   1   1
    GTC   1   2   2   2   2   2 |     GCC   1   1   1   1   1   1 |     GAC   1   1   1   1   1   1 |     GGC   1   1   1   1   1   1
    GTA   0   0   0   0   0   0 |     GCA   0   0   0   0   0   0 | Glu GAA   2   2   1   2   2   2 |     GGA   1   1   1   1   1   1
    GTG   1   1   1   1   1   1 |     GCG   0   0   0   0   0   0 |     GAG   3   3   4   3   3   3 |     GGG   0   0   0   0   0   0
--------------------------------------------------------------------------------------------------------------------------------------

--------------------------------------------------------------------------------------------------------------------------------------
Phe TTT   1   1   1   1   1   1 | Ser TCT   0   0   0   0   0   0 | Tyr TAT   1   1   1   1   1   1 | Cys TGT   0   0   0   0   0   0
    TTC   0   0   0   0   0   0 |     TCC   1   1   1   1   1   1 |     TAC   0   0   0   0   0   0 |     TGC   0   0   0   0   0   0
Leu TTA   0   0   0   0   0   0 |     TCA   0   0   0   0   0   0 | *** TAA   0   0   0   0   0   0 | *** TGA   0   0   0   0   0   0
    TTG   1   1   1   1   1   1 |     TCG   0   0   0   0   0   0 |     TAG   0   0   0   0   0   0 | Trp TGG   1   1   1   1   1   1
--------------------------------------------------------------------------------------------------------------------------------------
Leu CTT   2   2   2   2   2   2 | Pro CCT   2   2   2   2   2   2 | His CAT   0   0   0   0   0   0 | Arg CGT   0   0   0   0   0   0
    CTC   1   1   1   1   1   1 |     CCC   1   1   1   1   1   1 |     CAC   0   0   0   0   0   0 |     CGC   0   0   0   0   0   0
    CTA   1   1   1   1   1   1 |     CCA   0   0   1   0   0   0 | Gln CAA   1   1   1   1   1   1 |     CGA   0   0   0   0   0   0
    CTG   2   2   2   2   2   2 |     CCG   1   1   0   1   1   1 |     CAG   2   2   2   2   2   2 |     CGG   1   1   1   1   1   1
--------------------------------------------------------------------------------------------------------------------------------------
Ile ATT   1   1   1   1   1   1 | Thr ACT   2   2   2   2   2   2 | Asn AAT   0   0   0   0   0   0 | Ser AGT   0   0   0   0   0   0
    ATC   1   1   1   1   1   1 |     ACC   1   1   1   1   1   1 |     AAC   0   0   0   0   0   0 |     AGC   0   0   0   0   0   0
    ATA   0   0   0   0   0   0 |     ACA   1   1   1   1   1   1 | Lys AAA   4   5   5   5   5   4 | Arg AGA   1   1   1   1   1   1
Met ATG   3   3   3   3   3   3 |     ACG   0   0   0   0   0   0 |     AAG   4   3   3   3   3   4 |     AGG   1   1   1   1   1   1
--------------------------------------------------------------------------------------------------------------------------------------
Val GTT   0   0   0   0   0   0 | Ala GCT   0   0   1   0   0   0 | Asp GAT   1   1   1   1   1   1 | Gly GGT   1   1   1   1   1   0
    GTC   2   2   2   2   2   2 |     GCC   1   1   0   1   1   1 |     GAC   1   1   1   1   1   1 |     GGC   1   1   1   1   1   2
    GTA   0   0   0   0   0   0 |     GCA   0   0   0   0   0   0 | Glu GAA   2   2   2   2   2   0 |     GGA   1   1   1   1   1   1
    GTG   1   1   1   1   1   1 |     GCG   0   0   0   0   0   0 |     GAG   3   3   3   3   3   5 |     GGG   0   0   0   0   0   0
--------------------------------------------------------------------------------------------------------------------------------------

--------------------------------------------------------------------------------------------------------------------------------------
Phe TTT   1   1   1   1   1   1 | Ser TCT   0   0   0   0   0   0 | Tyr TAT   1   1   1   1   1   1 | Cys TGT   0   0   0   0   0   0
    TTC   0   0   0   0   0   0 |     TCC   1   1   1   1   1   1 |     TAC   0   0   0   0   0   0 |     TGC   0   0   0   0   0   0
Leu TTA   0   0   0   0   0   0 |     TCA   0   0   0   0   0   0 | *** TAA   0   0   0   0   0   0 | *** TGA   0   0   0   0   0   0
    TTG   2   1   2   2   1   1 |     TCG   0   0   0   0   0   0 |     TAG   0   0   0   0   0   0 | Trp TGG   1   1   1   1   1   1
--------------------------------------------------------------------------------------------------------------------------------------
Leu CTT   2   2   2   2   2   2 | Pro CCT   2   2   2   2   2   2 | His CAT   0   0   0   0   0   0 | Arg CGT   0   0   0   0   0   0
    CTC   1   1   1   1   1   1 |     CCC   1   1   1   1   1   1 |     CAC   0   0   0   0   0   0 |     CGC   0   0   0   0   0   0
    CTA   1   1   1   1   1   1 |     CCA   0   0   0   0   0   0 | Gln CAA   1   1   1   1   2   1 |     CGA   0   0   0   0   0   0
    CTG   1   2   1   1   2   2 |     CCG   1   1   1   1   1   1 |     CAG   2   2   2   2   2   2 |     CGG   1   1   1   1   1   1
--------------------------------------------------------------------------------------------------------------------------------------
Ile ATT   1   1   1   1   1   1 | Thr ACT   2   1   2   2   2   2 | Asn AAT   0   0   0   0   0   0 | Ser AGT   0   0   0   0   0   0
    ATC   1   1   1   1   1   1 |     ACC   1   2   1   1   1   1 |     AAC   0   0   0   0   0   0 |     AGC   0   0   0   0   0   0
    ATA   0   0   0   0   0   0 |     ACA   1   1   1   1   1   1 | Lys AAA   4   5   5   5   4   5 | Arg AGA   1   1   1   1   1   1
Met ATG   3   3   3   3   3   3 |     ACG   0   0   0   0   0   0 |     AAG   4   3   3   3   3   3 |     AGG   1   1   1   1   1   1
--------------------------------------------------------------------------------------------------------------------------------------
Val GTT   0   0   0   0   0   0 | Ala GCT   0   0   0   0   0   0 | Asp GAT   1   1   1   1   1   1 | Gly GGT   1   1   1   1   1   1
    GTC   2   2   2   2   2   2 |     GCC   1   1   1   1   1   1 |     GAC   1   1   1   1   1   1 |     GGC   1   1   1   1   1   1
    GTA   0   0   0   0   0   0 |     GCA   0   0   0   0   0   0 | Glu GAA   1   3   1   0   2   2 |     GGA   1   1   1   1   1   1
    GTG   1   1   1   1   1   1 |     GCG   0   0   0   0   0   0 |     GAG   4   2   4   5   3   3 |     GGG   0   0   0   0   0   0
--------------------------------------------------------------------------------------------------------------------------------------

--------------------------------------------------------------------------------------------------------------------------------------
Phe TTT   1   1   1   1   1   1 | Ser TCT   0   0   0   0   0   0 | Tyr TAT   1   1   1   1   1   1 | Cys TGT   0   0   0   0   0   0
    TTC   0   0   0   0   0   0 |     TCC   1   1   1   1   1   1 |     TAC   0   0   0   0   0   0 |     TGC   0   0   0   0   0   0
Leu TTA   0   0   0   0   0   0 |     TCA   0   0   0   0   0   0 | *** TAA   0   0   0   0   0   0 | *** TGA   0   0   0   0   0   0
    TTG   1   1   1   2   1   1 |     TCG   0   0   0   0   0   0 |     TAG   0   0   0   0   0   0 | Trp TGG   1   1   1   1   1   1
--------------------------------------------------------------------------------------------------------------------------------------
Leu CTT   2   2   2   2   1   1 | Pro CCT   2   2   2   2   2   2 | His CAT   0   0   0   0   0   0 | Arg CGT   0   0   0   0   0   0
    CTC   1   1   1   1   2   2 |     CCC   1   1   1   1   1   1 |     CAC   0   0   0   0   0   0 |     CGC   0   0   0   0   0   0
    CTA   1   1   1   1   1   1 |     CCA   0   0   0   0   0   0 | Gln CAA   1   1   1   1   1   1 |     CGA   0   0   0   0   0   0
    CTG   2   2   2   1   2   2 |     CCG   1   1   1   1   1   1 |     CAG   2   2   2   2   2   2 |     CGG   1   1   1   1   1   1
--------------------------------------------------------------------------------------------------------------------------------------
Ile ATT   1   1   1   1   1   1 | Thr ACT   2   2   2   2   2   2 | Asn AAT   0   0   0   0   0   0 | Ser AGT   0   0   0   0   0   0
    ATC   1   1   1   1   1   1 |     ACC   1   1   1   1   1   1 |     AAC   0   0   0   0   0   0 |     AGC   0   0   0   0   0   0
    ATA   0   0   0   0   0   0 |     ACA   1   1   1   1   1   1 | Lys AAA   5   5   5   5   5   5 | Arg AGA   1   1   1   1   1   1
Met ATG   3   3   3   3   3   3 |     ACG   0   0   0   0   0   0 |     AAG   3   3   3   3   3   3 |     AGG   1   1   1   1   1   1
--------------------------------------------------------------------------------------------------------------------------------------
Val GTT   0   0   0   0   0   0 | Ala GCT   0   0   0   0   0   0 | Asp GAT   1   1   1   1   1   1 | Gly GGT   1   1   1   1   1   1
    GTC   2   2   2   2   2   2 |     GCC   1   1   1   1   1   1 |     GAC   1   1   1   1   1   1 |     GGC   1   1   1   1   1   1
    GTA   0   0   0   0   0   0 |     GCA   0   0   0   0   0   0 | Glu GAA   2   2   2   2   2   2 |     GGA   1   1   1   1   1   1
    GTG   1   1   1   1   1   1 |     GCG   0   0   0   0   0   0 |     GAG   3   3   3   3   3   3 |     GGG   0   0   0   0   0   0
--------------------------------------------------------------------------------------------------------------------------------------

Codon position x base (3x4) table for each sequence.

#1: Argali         
position  1:    T:0.09615    C:0.26923    A:0.36538    G:0.26923
position  2:    T:0.30769    C:0.19231    A:0.36538    G:0.13462
position  3:    T:0.21154    C:0.19231    A:0.23077    G:0.36538
Average         T:0.20513    C:0.21795    A:0.32051    G:0.25641

#2: LesserMouseDeer
position  1:    T:0.11538    C:0.25000    A:0.36538    G:0.26923
position  2:    T:0.30769    C:0.19231    A:0.36538    G:0.13462
position  3:    T:0.17308    C:0.26923    A:0.21154    G:0.34615
Average         T:0.19872    C:0.23718    A:0.31410    G:0.25000

#3: LesserKudu     
position  1:    T:0.09615    C:0.26923    A:0.36538    G:0.26923
position  2:    T:0.30769    C:0.19231    A:0.36538    G:0.13462
position  3:    T:0.19231    C:0.21154    A:0.23077    G:0.36538
Average         T:0.19872    C:0.22436    A:0.32051    G:0.25641

#4: ForestMuskDeer2
position  1:    T:0.11538    C:0.25000    A:0.36538    G:0.26923
position  2:    T:0.30769    C:0.19231    A:0.36538    G:0.13462
position  3:    T:0.21154    C:0.19231    A:0.23077    G:0.36538
Average         T:0.21154    C:0.21154    A:0.32051    G:0.25641

#5: Camel          
position  1:    T:0.11538    C:0.25000    A:0.36538    G:0.26923
position  2:    T:0.30769    C:0.19231    A:0.36538    G:0.13462
position  3:    T:0.13462    C:0.26923    A:0.23077    G:0.36538
Average         T:0.18590    C:0.23718    A:0.32051    G:0.25641

#6: KillerWhale    
position  1:    T:0.11538    C:0.25000    A:0.36538    G:0.26923
position  2:    T:0.30769    C:0.19231    A:0.36538    G:0.13462
position  3:    T:0.21154    C:0.19231    A:0.23077    G:0.36538
Average         T:0.21154    C:0.21154    A:0.32051    G:0.25641

#7: DefassaWaterbuck
position  1:    T:0.09615    C:0.26923    A:0.36538    G:0.26923
position  2:    T:0.30769    C:0.19231    A:0.36538    G:0.13462
position  3:    T:0.21154    C:0.19231    A:0.25000    G:0.34615
Average         T:0.20513    C:0.21795    A:0.32692    G:0.25000

#8: Sheep          
position  1:    T:0.09615    C:0.26923    A:0.36538    G:0.26923
position  2:    T:0.30769    C:0.19231    A:0.36538    G:0.13462
position  3:    T:0.21154    C:0.19231    A:0.23077    G:0.36538
Average         T:0.20513    C:0.21795    A:0.32051    G:0.25641

#9: MaxwellsDuiker 
position  1:    T:0.09615    C:0.26923    A:0.36538    G:0.26923
position  2:    T:0.30769    C:0.19231    A:0.36538    G:0.13462
position  3:    T:0.21154    C:0.19231    A:0.25000    G:0.34615
Average         T:0.20513    C:0.21795    A:0.32692    G:0.25000

#10: GazellaPrzewalskyi
position  1:    T:0.09615    C:0.26923    A:0.36538    G:0.26923
position  2:    T:0.30769    C:0.19231    A:0.36538    G:0.13462
position  3:    T:0.21154    C:0.19231    A:0.23077    G:0.36538
Average         T:0.20513    C:0.21795    A:0.32051    G:0.25641

#11: MountainNyala  
position  1:    T:0.09615    C:0.26923    A:0.36538    G:0.26923
position  2:    T:0.30769    C:0.19231    A:0.36538    G:0.13462
position  3:    T:0.19231    C:0.21154    A:0.23077    G:0.36538
Average         T:0.19872    C:0.22436    A:0.32051    G:0.25641

#12: MuntiacusMuntjak
position  1:    T:0.11538    C:0.25000    A:0.36538    G:0.26923
position  2:    T:0.30769    C:0.19231    A:0.36538    G:0.13462
position  3:    T:0.21154    C:0.19231    A:0.21154    G:0.38462
Average         T:0.21154    C:0.21154    A:0.31410    G:0.26282

#13: goat           
position  1:    T:0.09615    C:0.26923    A:0.36538    G:0.26923
position  2:    T:0.30769    C:0.19231    A:0.36538    G:0.13462
position  3:    T:0.21154    C:0.19231    A:0.25000    G:0.34615
Average         T:0.20513    C:0.21795    A:0.32692    G:0.25000

#14: AfricanBuffalo 
position  1:    T:0.09615    C:0.26923    A:0.36538    G:0.26923
position  2:    T:0.30769    C:0.19231    A:0.36538    G:0.13462
position  3:    T:0.21154    C:0.19231    A:0.25000    G:0.34615
Average         T:0.20513    C:0.21795    A:0.32692    G:0.25000

#15: Topi           
position  1:    T:0.09615    C:0.26923    A:0.36538    G:0.26923
position  2:    T:0.30769    C:0.19231    A:0.36538    G:0.13462
position  3:    T:0.21154    C:0.19231    A:0.23077    G:0.36538
Average         T:0.20513    C:0.21795    A:0.32051    G:0.25641

#16: CommonDuiker   
position  1:    T:0.09615    C:0.26923    A:0.36538    G:0.26923
position  2:    T:0.30769    C:0.19231    A:0.36538    G:0.13462
position  3:    T:0.21154    C:0.19231    A:0.25000    G:0.34615
Average         T:0.20513    C:0.21795    A:0.32692    G:0.25000

#17: Suni           
position  1:    T:0.09615    C:0.26923    A:0.36538    G:0.26923
position  2:    T:0.30769    C:0.19231    A:0.36538    G:0.13462
position  3:    T:0.19231    C:0.21154    A:0.25000    G:0.34615
Average         T:0.19872    C:0.22436    A:0.32692    G:0.25000

#18: Springbuck     
position  1:    T:0.09615    C:0.26923    A:0.36538    G:0.26923
position  2:    T:0.30769    C:0.19231    A:0.36538    G:0.13462
position  3:    T:0.23077    C:0.17308    A:0.25000    G:0.34615
Average         T:0.21154    C:0.21154    A:0.32692    G:0.25000

#19: Okapi          
position  1:    T:0.11538    C:0.25000    A:0.36538    G:0.26923
position  2:    T:0.30769    C:0.19231    A:0.36538    G:0.13462
position  3:    T:0.21154    C:0.19231    A:0.25000    G:0.34615
Average         T:0.21154    C:0.21154    A:0.32692    G:0.25000

#20: Giraffe        
position  1:    T:0.11538    C:0.25000    A:0.36538    G:0.26923
position  2:    T:0.30769    C:0.19231    A:0.36538    G:0.13462
position  3:    T:0.21154    C:0.19231    A:0.23077    G:0.36538
Average         T:0.21154    C:0.21154    A:0.32051    G:0.25641

#21: TibetanAntelope
position  1:    T:0.09615    C:0.26923    A:0.36538    G:0.26923
position  2:    T:0.30769    C:0.19231    A:0.36538    G:0.13462
position  3:    T:0.21154    C:0.19231    A:0.23077    G:0.36538
Average         T:0.20513    C:0.21795    A:0.32051    G:0.25641

#22: Sitatunga      
position  1:    T:0.09615    C:0.26923    A:0.36538    G:0.26923
position  2:    T:0.30769    C:0.19231    A:0.36538    G:0.13462
position  3:    T:0.19231    C:0.21154    A:0.23077    G:0.36538
Average         T:0.19872    C:0.22436    A:0.32051    G:0.25641

#23: Oribi          
position  1:    T:0.09615    C:0.26923    A:0.36538    G:0.26923
position  2:    T:0.30769    C:0.19231    A:0.36538    G:0.13462
position  3:    T:0.19231    C:0.21154    A:0.25000    G:0.34615
Average         T:0.19872    C:0.22436    A:0.32692    G:0.25000

#24: BarbarySheep   
position  1:    T:0.09615    C:0.26923    A:0.36538    G:0.26923
position  2:    T:0.30769    C:0.19231    A:0.36538    G:0.13462
position  3:    T:0.21154    C:0.19231    A:0.23077    G:0.36538
Average         T:0.20513    C:0.21795    A:0.32051    G:0.25641

#25: Daviddeer      
position  1:    T:0.11538    C:0.25000    A:0.36538    G:0.26923
position  2:    T:0.30769    C:0.19231    A:0.36538    G:0.13462
position  3:    T:0.21154    C:0.19231    A:0.19231    G:0.40385
Average         T:0.21154    C:0.21154    A:0.30769    G:0.26923

#26: Reindeer       
position  1:    T:0.11538    C:0.25000    A:0.36538    G:0.26923
position  2:    T:0.30769    C:0.19231    A:0.36538    G:0.13462
position  3:    T:0.21154    C:0.19231    A:0.19231    G:0.40385
Average         T:0.21154    C:0.21154    A:0.30769    G:0.26923

#27: Ibex           
position  1:    T:0.09615    C:0.26923    A:0.36538    G:0.26923
position  2:    T:0.30769    C:0.19231    A:0.36538    G:0.13462
position  3:    T:0.21154    C:0.19231    A:0.23077    G:0.36538
Average         T:0.20513    C:0.21795    A:0.32051    G:0.25641

#28: GyrantGazelle  
position  1:    T:0.09615    C:0.26923    A:0.36538    G:0.26923
position  2:    T:0.30769    C:0.19231    A:0.36538    G:0.13462
position  3:    T:0.21154    C:0.19231    A:0.23077    G:0.36538
Average         T:0.20513    C:0.21795    A:0.32051    G:0.25641

#29: Hartebeest     
position  1:    T:0.09615    C:0.26923    A:0.36538    G:0.26923
position  2:    T:0.30769    C:0.19231    A:0.36538    G:0.13462
position  3:    T:0.21154    C:0.19231    A:0.23077    G:0.36538
Average         T:0.20513    C:0.21795    A:0.32051    G:0.25641

#30: Bongo          
position  1:    T:0.07692    C:0.28846    A:0.36538    G:0.26923
position  2:    T:0.30769    C:0.19231    A:0.36538    G:0.13462
position  3:    T:0.19231    C:0.21154    A:0.25000    G:0.34615
Average         T:0.19231    C:0.23077    A:0.32692    G:0.25000

#31: Gerenuk        
position  1:    T:0.09615    C:0.26923    A:0.36538    G:0.26923
position  2:    T:0.30769    C:0.19231    A:0.36538    G:0.13462
position  3:    T:0.25000    C:0.15385    A:0.23077    G:0.36538
Average         T:0.21795    C:0.20513    A:0.32051    G:0.25641

#32: CommonEland    
position  1:    T:0.09615    C:0.26923    A:0.36538    G:0.26923
position  2:    T:0.30769    C:0.19231    A:0.36538    G:0.13462
position  3:    T:0.21154    C:0.21154    A:0.23077    G:0.34615
Average         T:0.20513    C:0.22436    A:0.32051    G:0.25000

#33: MuntiacusReevesi
position  1:    T:0.11538    C:0.25000    A:0.36538    G:0.26923
position  2:    T:0.30769    C:0.19231    A:0.36538    G:0.13462
position  3:    T:0.21154    C:0.19231    A:0.21154    G:0.38462
Average         T:0.21154    C:0.21154    A:0.31410    G:0.26282

#34: HarveysDuiker  
position  1:    T:0.09615    C:0.26923    A:0.36538    G:0.26923
position  2:    T:0.30769    C:0.19231    A:0.36538    G:0.13462
position  3:    T:0.21154    C:0.19231    A:0.25000    G:0.34615
Average         T:0.20513    C:0.21795    A:0.32692    G:0.25000

#35: Pronghorn      
position  1:    T:0.11538    C:0.25000    A:0.36538    G:0.26923
position  2:    T:0.30769    C:0.19231    A:0.36538    G:0.13462
position  3:    T:0.21154    C:0.19231    A:0.23077    G:0.36538
Average         T:0.21154    C:0.21154    A:0.32051    G:0.25641

#36: BlueWildebeest 
position  1:    T:0.09615    C:0.26923    A:0.36538    G:0.26923
position  2:    T:0.30769    C:0.19231    A:0.36538    G:0.13462
position  3:    T:0.21154    C:0.17308    A:0.21154    G:0.40385
Average         T:0.20513    C:0.21154    A:0.31410    G:0.26923

#37: Gemsbok        
position  1:    T:0.09615    C:0.26923    A:0.36538    G:0.26923
position  2:    T:0.30769    C:0.19231    A:0.36538    G:0.13462
position  3:    T:0.21154    C:0.19231    A:0.21154    G:0.38462
Average         T:0.20513    C:0.21795    A:0.31410    G:0.26282

#38: Yak            
position  1:    T:0.09615    C:0.26923    A:0.36538    G:0.26923
position  2:    T:0.30769    C:0.19231    A:0.36538    G:0.13462
position  3:    T:0.21154    C:0.19231    A:0.23077    G:0.36538
Average         T:0.20513    C:0.21795    A:0.32051    G:0.25641

#39: BlueSheep      
position  1:    T:0.09615    C:0.26923    A:0.36538    G:0.26923
position  2:    T:0.30769    C:0.19231    A:0.36538    G:0.13462
position  3:    T:0.23077    C:0.17308    A:0.25000    G:0.34615
Average         T:0.21154    C:0.21154    A:0.32692    G:0.25000

#40: BohorReedbuck  
position  1:    T:0.09615    C:0.26923    A:0.36538    G:0.26923
position  2:    T:0.30769    C:0.19231    A:0.36538    G:0.13462
position  3:    T:0.21154    C:0.19231    A:0.23077    G:0.36538
Average         T:0.20513    C:0.21795    A:0.32051    G:0.25641

#41: KirksDik       
position  1:    T:0.09615    C:0.26923    A:0.36538    G:0.26923
position  2:    T:0.30769    C:0.19231    A:0.36538    G:0.13462
position  3:    T:0.21154    C:0.19231    A:0.23077    G:0.36538
Average         T:0.20513    C:0.21795    A:0.32051    G:0.25641

#42: RoeDeer        
position  1:    T:0.09615    C:0.26923    A:0.36538    G:0.26923
position  2:    T:0.30769    C:0.19231    A:0.36538    G:0.13462
position  3:    T:0.19231    C:0.21154    A:0.17308    G:0.42308
Average         T:0.19872    C:0.22436    A:0.30128    G:0.27564

#43: WhiteLippedDeer
position  1:    T:0.11538    C:0.25000    A:0.36538    G:0.26923
position  2:    T:0.30769    C:0.19231    A:0.36538    G:0.13462
position  3:    T:0.21154    C:0.19231    A:0.19231    G:0.40385
Average         T:0.21154    C:0.21154    A:0.30769    G:0.26923

#44: ThomsonGazelle 
position  1:    T:0.09615    C:0.26923    A:0.36538    G:0.26923
position  2:    T:0.30769    C:0.19231    A:0.36538    G:0.13462
position  3:    T:0.19231    C:0.21154    A:0.25000    G:0.34615
Average         T:0.19872    C:0.22436    A:0.32692    G:0.25000

#45: MuntiacusCrinifrons
position  1:    T:0.11538    C:0.25000    A:0.36538    G:0.26923
position  2:    T:0.30769    C:0.19231    A:0.36538    G:0.13462
position  3:    T:0.21154    C:0.19231    A:0.21154    G:0.38462
Average         T:0.21154    C:0.21154    A:0.31410    G:0.26282

#46: WhiteTailedDeer
position  1:    T:0.11538    C:0.25000    A:0.36538    G:0.26923
position  2:    T:0.30769    C:0.19231    A:0.36538    G:0.13462
position  3:    T:0.21154    C:0.19231    A:0.19231    G:0.40385
Average         T:0.21154    C:0.21154    A:0.30769    G:0.26923

#47: Cattle         
position  1:    T:0.09615    C:0.28846    A:0.34615    G:0.26923
position  2:    T:0.30769    C:0.19231    A:0.36538    G:0.13462
position  3:    T:0.21154    C:0.19231    A:0.23077    G:0.36538
Average         T:0.20513    C:0.22436    A:0.31410    G:0.25641

#48: RoyalAntelope  
position  1:    T:0.09615    C:0.26923    A:0.36538    G:0.26923
position  2:    T:0.30769    C:0.19231    A:0.36538    G:0.13462
position  3:    T:0.21154    C:0.19231    A:0.23077    G:0.36538
Average         T:0.20513    C:0.21795    A:0.32051    G:0.25641

#49: Steenbok       
position  1:    T:0.09615    C:0.26923    A:0.36538    G:0.26923
position  2:    T:0.30769    C:0.19231    A:0.36538    G:0.13462
position  3:    T:0.21154    C:0.19231    A:0.23077    G:0.36538
Average         T:0.20513    C:0.21795    A:0.32051    G:0.25641

#50: Impala         
position  1:    T:0.09615    C:0.26923    A:0.36538    G:0.26923
position  2:    T:0.30769    C:0.19231    A:0.36538    G:0.13462
position  3:    T:0.21154    C:0.19231    A:0.23077    G:0.36538
Average         T:0.20513    C:0.21795    A:0.32051    G:0.25641

#51: Klipspringer   
position  1:    T:0.09615    C:0.26923    A:0.36538    G:0.26923
position  2:    T:0.30769    C:0.19231    A:0.36538    G:0.13462
