CODONML (in paml version 4.10.7, June 2023)  /home/rachel/ruminants_paml/6406-phy-tree/ENSBTAT00000001099.fasta.phy
Model: free dN/dS Ratios for branches,  kappa = 2.000 fixed

Codon frequency model: F3x4
ns =  54  ls =  92

Codon usage in sequences
--------------------------------------------------------------------------------------------------------------------------------------
Phe TTT   1   0   1   2   0   0 | Ser TCT   2   2   2   2   2   2 | Tyr TAT   4   4   4   4   3   4 | Cys TGT   1   2   2   2   2   3
    TTC   5   6   5   4   6   6 |     TCC   1   1   1   1   1   1 |     TAC   1   1   1   1   2   1 |     TGC   4   3   3   3   3   2
Leu TTA   3   6   3   4   4   3 |     TCA   0   0   0   0   0   0 | *** TAA   0   0   0   0   0   0 | *** TGA   0   0   0   0   0   0
    TTG   2   1   2   2   1   3 |     TCG   0   0   0   0   0   0 |     TAG   0   0   0   0   0   0 | Trp TGG   1   1   1   1   1   1
--------------------------------------------------------------------------------------------------------------------------------------
Leu CTT   0   0   0   0   0   1 | Pro CCT   3   3   3   3   2   3 | His CAT   1   1   1   1   1   1 | Arg CGT   3   3   3   3   3   3
    CTC   0   0   0   0   0   0 |     CCC   2   2   2   2   3   2 |     CAC   0   0   0   0   0   0 |     CGC   0   0   0   0   0   0
    CTA   1   1   1   0   0   0 |     CCA   1   1   1   1   1   1 | Gln CAA   1   2   1   1   1   1 |     CGA   3   3   3   3   3   3
    CTG   4   2   4   4   5   3 |     CCG   0   0   0   0   0   0 |     CAG   2   1   2   2   2   2 |     CGG   1   1   1   1   1   1
--------------------------------------------------------------------------------------------------------------------------------------
Ile ATT   1   2   1   1   0   0 | Thr ACT   0   0   1   0   0   0 | Asn AAT   1   2   2   2   2   2 | Ser AGT   0   0   0   0   0   0
    ATC   3   2   3   3   3   3 |     ACC   0   0   0   0   0   0 |     AAC   3   2   2   2   2   2 |     AGC   2   2   2   2   1   2
    ATA   2   2   2   2   2   2 |     ACA   0   0   0   0   0   0 | Lys AAA   3   3   5   4   5   5 | Arg AGA   1   1   1   1   1   1
Met ATG   1   1   1   1   1   1 |     ACG   0   0   0   0   0   0 |     AAG   5   5   3   4   3   3 |     AGG   0   0   0   0   0   0
--------------------------------------------------------------------------------------------------------------------------------------
Val GTT   1   2   1   1   3   3 | Ala GCT   2   2   1   2   1   2 | Asp GAT   3   4   3   3   5   4 | Gly GGT   0   0   0   0   0   1
    GTC   1   1   1   1   1   1 |     GCC   0   1   0   0   1   0 |     GAC   6   5   6   6   4   5 |     GGC   0   0   0   0   1   0
    GTA   1   1   1   1   1   1 |     GCA   1   0   1   1   1   1 | Glu GAA   2   2   2   2   2   2 |     GGA   2   2   2   2   2   1
    GTG   1   0   1   1   0   0 |     GCG   0   0   0   0   0   0 |     GAG   2   2   2   2   2   2 |     GGG   1   1   1   1   1   1
--------------------------------------------------------------------------------------------------------------------------------------

--------------------------------------------------------------------------------------------------------------------------------------
Phe TTT   1   1   1   1   1   1 | Ser TCT   3   2   2   2   2   2 | Tyr TAT   4   4   4   4   4   4 | Cys TGT   2   1   2   2   2   3
    TTC   5   5   5   5   5   5 |     TCC   0   1   1   1   1   1 |     TAC   1   1   1   1   1   1 |     TGC   3   4   3   3   3   2
Leu TTA   4   3   4   4   2   4 |     TCA   0   0   0   0   0   0 | *** TAA   0   0   0   0   0   0 | *** TGA   0   0   0   0   0   0
    TTG   2   2   2   2   3   2 |     TCG   0   0   0   0   0   0 |     TAG   0   0   0   0   0   0 | Trp TGG   1   1   1   1   1   1
--------------------------------------------------------------------------------------------------------------------------------------
Leu CTT   0   0   0   0   0   0 | Pro CCT   3   3   3   3   3   3 | His CAT   1   1   1   1   1   1 | Arg CGT   2   3   3   3   3   3
    CTC   0   0   0   0   0   0 |     CCC   2   2   2   2   2   2 |     CAC   0   0   0   0   0   0 |     CGC   0   0   1   0   0   0
    CTA   0   1   0   0   0   0 |     CCA   1   1   1   1   1   1 | Gln CAA   1   1   1   1   1   1 |     CGA   4   3   3   3   3   3
    CTG   4   4   4   4   5   4 |     CCG   0   0   0   0   0   0 |     CAG   2   2   2   2   2   2 |     CGG   1   1   0   1   1   2
--------------------------------------------------------------------------------------------------------------------------------------
Ile ATT   1   1   1   1   1   1 | Thr ACT   0   0   0   0   0   0 | Asn AAT   2   1   2   2   2   2 | Ser AGT   0   0   0   0   0   0
    ATC   3   3   3   4   3   3 |     ACC   0   0   0   0   0   0 |     AAC   2   3   2   2   2   2 |     AGC   2   2   2   1   2   2
    ATA   2   2   2   2   2   2 |     ACA   0   0   0   0   0   0 | Lys AAA   3   3   3   3   4   4 | Arg AGA   1   1   1   1   1   0
Met ATG   1   1   1   1   1   1 |     ACG   0   0   0   0   0   0 |     AAG   5   5   5   5   4   4 |     AGG   0   0   0   0   0   0
--------------------------------------------------------------------------------------------------------------------------------------
Val GTT   1   1   1   1   1   1 | Ala GCT   2   2   2   2   2   1 | Asp GAT   3   3   3   3   3   3 | Gly GGT   0   0   0   0   0   0
    GTC   1   1   1   1   1   1 |     GCC   0   0   0   0   0   1 |     GAC   6   6   6   6   6   6 |     GGC   0   0   0   0   0   0
    GTA   1   1   1   1   1   1 |     GCA   1   1   1   1   1   1 | Glu GAA   2   2   2   2   2   2 |     GGA   2   2   2   2   2   2
    GTG   1   1   1   1   1   1 |     GCG   0   0   0   0   0   0 |     GAG   2   2   2   2   2   2 |     GGG   1   1   1   1   1   1
--------------------------------------------------------------------------------------------------------------------------------------

--------------------------------------------------------------------------------------------------------------------------------------
Phe TTT   1   1   1   1   1   1 | Ser TCT   2   2   2   2   2   2 | Tyr TAT   4   4   3   4   3   4 | Cys TGT   1   2   2   2   2   2
    TTC   5   5   5   5   5   5 |     TCC   1   1   1   1   1   1 |     TAC   1   1   2   1   2   1 |     TGC   4   3   3   3   3   3
Leu TTA   3   4   4   4   4   4 |     TCA   0   0   0   0   0   0 | *** TAA   0   0   0   0   0   0 | *** TGA   0   0   0   0   0   0
    TTG   2   2   2   2   2   2 |     TCG   0   0   0   0   0   0 |     TAG   0   0   0   0   0   0 | Trp TGG   1   1   1   1   1   1
--------------------------------------------------------------------------------------------------------------------------------------
Leu CTT   0   0   0   0   0   0 | Pro CCT   3   3   3   3   3   3 | His CAT   1   1   1   1   1   1 | Arg CGT   3   3   3   3   3   3
    CTC   0   0   0   0   0   0 |     CCC   2   2   2   2   2   2 |     CAC   0   0   0   0   0   0 |     CGC   0   0   0   0   0   0
    CTA   1   0   1   0   0   0 |     CCA   1   1   1   1   1   1 | Gln CAA   1   1   1   1   1   1 |     CGA   3   3   3   3   3   3
    CTG   4   4   3   4   4   4 |     CCG   0   0   0   0   0   0 |     CAG   2   2   2   2   2   2 |     CGG   1   1   1   1   1   1
--------------------------------------------------------------------------------------------------------------------------------------
Ile ATT   1   0   1   2   1   1 | Thr ACT   0   0   0   0   0   0 | Asn AAT   1   2   2   2   2   2 | Ser AGT   0   0   0   0   0   0
    ATC   3   3   3   2   3   3 |     ACC   0   0   0   0   0   0 |     AAC   3   2   2   2   2   2 |     AGC   2   2   2   2   2   2
    ATA   2   3   2   2   2   2 |     ACA   0   0   0   0   0   0 | Lys AAA   3   4   3   3   3   4 | Arg AGA   1   1   1   1   1   1
Met ATG   1   1   1   1   1   1 |     ACG   0   0   0   0   0   0 |     AAG   5   4   5   5   5   4 |     AGG   0   0   0   0   0   0
--------------------------------------------------------------------------------------------------------------------------------------
Val GTT   1   1   1   1   1   1 | Ala GCT   2   2   2   2   2   2 | Asp GAT   3   3   3   3   3   3 | Gly GGT   0   0   0   0   0   0
    GTC   1   1   1   1   1   1 |     GCC   0   0   0   0   0   0 |     GAC   6   6   6   6   6   6 |     GGC   0   0   0   0   1   0
    GTA   1   1   1   1   1   1 |     GCA   1   1   1   1   1   1 | Glu GAA   1   2   2   2   2   2 |     GGA   2   2   2   2   2   2
    GTG   1   1   1   1   1   1 |     GCG   0   0   0   0   0   0 |     GAG   3   2   2   2   2   2 |     GGG   1   1   1   1   0   1
--------------------------------------------------------------------------------------------------------------------------------------

--------------------------------------------------------------------------------------------------------------------------------------
Phe TTT   1   1   1   1   2   1 | Ser TCT   2   2   1   2   2   3 | Tyr TAT   4   4   4   4   4   4 | Cys TGT   2   2   1   3   2   1
    TTC   5   5   5   5   4   5 |     TCC   1   1   1   1   1   0 |     TAC   1   1   1   1   1   1 |     TGC   3   3   4   2   3   4
Leu TTA   4   4   3   3   4   2 |     TCA   0   0   0   0   0   0 | *** TAA   0   0   0   0   0   0 | *** TGA   0   0   0   0   0   0
    TTG   2   2   2   2   2   2 |     TCG   0   0   1   0   0   0 |     TAG   0   0   0   0   0   0 | Trp TGG   1   1   1   1   1   1
--------------------------------------------------------------------------------------------------------------------------------------
Leu CTT   0   0   0   0   0   0 | Pro CCT   3   3   3   3   3   3 | His CAT   1   1   1   1   1   1 | Arg CGT   3   3   3   3   3   3
    CTC   0   0   0   0   0   0 |     CCC   2   2   2   2   2   2 |     CAC   0   0   0   0   0   0 |     CGC   0   0   0   0   0   0
    CTA   0   0   1   0   0   2 |     CCA   1   1   1   1   1   1 | Gln CAA   1   1   1   1   1   1 |     CGA   3   3   3   3   3   3
    CTG   4   4   4   5   4   4 |     CCG   0   0   0   0   0   0 |     CAG   2   2   2   2   2   2 |     CGG   1   1   1   1   1   1
--------------------------------------------------------------------------------------------------------------------------------------
Ile ATT   2   1   1   1   1   1 | Thr ACT   0   0   0   0   0   0 | Asn AAT   2   2   2   2   2   1 | Ser AGT   0   0   0   0   0   0
    ATC   2   3   3   3   3   3 |     ACC   0   0   0   0   0   0 |     AAC   2   2   2   2   2   3 |     AGC   2   2   2   2   2   2
    ATA   2   2   2   2   2   2 |     ACA   0   0   0   0   0   0 | Lys AAA   4   4   3   4   3   4 | Arg AGA   1   1   1   1   1   1
Met ATG   1   1   1   1   1   1 |     ACG   0   0   0   0   0   0 |     AAG   4   4   5   4   5   4 |     AGG   0   0   0   0   0   0
--------------------------------------------------------------------------------------------------------------------------------------
Val GTT   1   1   1   1   1   1 | Ala GCT   2   2   2   2   2   2 | Asp GAT   3   3   3   3   3   3 | Gly GGT   0   0   0   0   0   0
    GTC   1   1   1   1   1   1 |     GCC   0   0   0   0   0   0 |     GAC   6   6   6   6   6   6 |     GGC   0   0   0   0   1   0
    GTA   1   1   1   1   1   1 |     GCA   1   1   1   1   1   1 | Glu GAA   1   1   2   2   2   2 |     GGA   2   2   2   2   2   2
    GTG   1   1   1   1   1   1 |     GCG   0   0   0   0   0   0 |     GAG   3   3   2   2   2   2 |     GGG   1   1   1   1   0   1
--------------------------------------------------------------------------------------------------------------------------------------

--------------------------------------------------------------------------------------------------------------------------------------
Phe TTT   1   1   1   1   1   1 | Ser TCT   2   2   2   2   2   2 | Tyr TAT   4   3   4   4   4   4 | Cys TGT   2   2   1   2   2   3
    TTC   5   5   5   5   5   5 |     TCC   1   1   1   1   1   1 |     TAC   1   2   1   1   1   1 |     TGC   3   3   4   3   3   2
Leu TTA   4   4   3   4   4   4 |     TCA   0   0   0   0   0   0 | *** TAA   0   0   0   0   0   0 | *** TGA   0   0   0   0   0   0
    TTG   2   2   2   2   2   1 |     TCG   0   0   0   0   0   0 |     TAG   0   0   0   0   0   0 | Trp TGG   1   1   1   1   1   1
--------------------------------------------------------------------------------------------------------------------------------------
Leu CTT   0   0   0   0   0   0 | Pro CCT   3   3   3   3   3   3 | His CAT   1   1   1   1   1   1 | Arg CGT   3   3   3   3   3   3
    CTC   0   0   0   0   0   0 |     CCC   2   2   2   2   2   2 |     CAC   0   0   0   0   0   0 |     CGC   0   0   0   0   0   0
    CTA   0   0   1   0   1   0 |     CCA   1   1   1   1   1   1 | Gln CAA   2   1   1   1   1   1 |     CGA   3   3   3   3   3   3
    CTG   4   4   4   4   3   5 |     CCG   0   0   0   0   0   0 |     CAG   1   2   2   2   2   2 |     CGG   2   2   1   1   1   1
--------------------------------------------------------------------------------------------------------------------------------------
Ile ATT   1   2   1   1   1   1 | Thr ACT   0   0   0   0   0   0 | Asn AAT   2   2   1   2   2   2 | Ser AGT   0   0   0   0   0   0
    ATC   3   2   3   3   3   3 |     ACC   0   0   0   0   0   0 |     AAC   2   2   3   2   2   2 |     AGC   2   2   2   2   2   2
    ATA   2   2   2   2   2   2 |     ACA   0   0   0   0   0   0 | Lys AAA   4   4   3   4   3   4 | Arg AGA   0   0   1   1   1   1
Met ATG   1   1   1   1   1   1 |     ACG   0   0   0   0   0   0 |     AAG   4   4   5   4   5   4 |     AGG   0   0   0   0   0   0
--------------------------------------------------------------------------------------------------------------------------------------
Val GTT   1   1   1   1   1   1 | Ala GCT   1   2   2   2   2   2 | Asp GAT   3   3   2   3   3   3 | Gly GGT   0   0   0   0   0   0
    GTC   1   1   1   1   1   1 |     GCC   1   0   0   0   0   0 |     GAC   6   6   7   6   6   6 |     GGC   0   0   0   0   0   0
    GTA   1   1   1   1   1   1 |     GCA   1   1   1   1   1   1 | Glu GAA   2   2   1   2   2   2 |     GGA   2   2   2   2   2   2
    GTG   1   1   1   1   1   1 |     GCG   0   0   0   0   0   0 |     GAG   2   2   3   2   2   2 |     GGG   1   1   1   1   1   1
--------------------------------------------------------------------------------------------------------------------------------------

--------------------------------------------------------------------------------------------------------------------------------------
Phe TTT   1   1   1   1   0   1 | Ser TCT   2   2   2   2   2   2 | Tyr TAT   4   4   4   4   4   4 | Cys TGT   2   2   3   2   3   2
    TTC   5   5   5   5   6   5 |     TCC   1   1   1   1   1   1 |     TAC   1   1   1   1   1   1 |     TGC   3   3   2   3   2   3
Leu TTA   4   3   4   4   4   4 |     TCA   0   0   0   0   0   0 | *** TAA   0   0   0   0   0   0 | *** TGA   0   0   0   0   0   0
    TTG   2   2   2   2   2   2 |     TCG   0   0   0   0   0   0 |     TAG   0   0   0   0   0   0 | Trp TGG   1   1   1   1   1   1
--------------------------------------------------------------------------------------------------------------------------------------
Leu CTT   0   0   0   0   1   0 | Pro CCT   3   3   3   3   3   4 | His CAT   1   1   1   1   1   1 | Arg CGT   3   3   3   3   3   3
    CTC   0   0   0   0   0   0 |     CCC   2   2   2   2   2   2 |     CAC   0   0   0   0   0   0 |     CGC   0   0   0   0   0   0
    CTA   0   0   0   0   1   1 |     CCA   1   1   1   1   1   0 | Gln CAA   1   1   1   1   1   1 |     CGA   3   3   3   3   3   3
    CTG   4   5   4   4   2   3 |     CCG   0   0   0   0   0   0 |     CAG   2   2   2   2   2   2 |     CGG   1   1   2   1   1   1
--------------------------------------------------------------------------------------------------------------------------------------
Ile ATT   1   1   1   1   1   1 | Thr ACT   0   0   0   0   0   0 | Asn AAT   2   2   2   2   2   2 | Ser AGT   0   0   0   0   0   0
    ATC   3   3   3   3   3   3 |     ACC   0   0   0   0   0   0 |     AAC   2   2   2   2   2   2 |     AGC   2   2   2   2   2   2
    ATA   2   2   2   2   2   2 |     ACA   0   0   0   0   0   0 | Lys AAA   4   4   4   3   4   3 | Arg AGA   1   1   0   1   0   1
Met ATG   1   1   1   1   1   1 |     ACG   0   0   0   0   0   0 |     AAG   4   4   4   5   4   5 |     AGG   0   0   0   0   1   0
--------------------------------------------------------------------------------------------------------------------------------------
Val GTT   1   1   1   1   1   1 | Ala GCT   2   2   1   2   2   2 | Asp GAT   3   3   3   3   3   3 | Gly GGT   0   0   0   0   0   0
    GTC   1   1   1   1   1   1 |     GCC   0   0   1   0   0   0 |     GAC   6   6   6   6   6   6 |     GGC   0   1   0   0   0   0
    GTA   1   1   1   1   1   1 |     GCA   1   1   1   1   1   1 | Glu GAA   2   2   2   2   2   2 |     GGA   2   1   2   2   2   2
    GTG   1   1   1   1   1   1 |     GCG   0   0   0   0   0   0 |     GAG   2   2   2   2   2   2 |     GGG   1   1   1   1   1   1
--------------------------------------------------------------------------------------------------------------------------------------

--------------------------------------------------------------------------------------------------------------------------------------
Phe TTT   2   1   1   1   1   1 | Ser TCT   2   2   2   3   2   2 | Tyr TAT   4   4   4   4   4   2 | Cys TGT   2   2   1   2   2   1
    TTC   4   5   5   5   5   5 |     TCC   1   1   1   0   1   1 |     TAC   1   1   1   1   1   3 |     TGC   3   3   4   3   3   4
Leu TTA   4   4   3   4   4   4 |     TCA   0   0   0   0   0   0 | *** TAA   0   0   0   0   0   0 | *** TGA   0   0   0   0   0   0
    TTG   2   2   2   2   2   2 |     TCG   0   0   0   0   0   0 |     TAG   0   0   0   0   0   0 | Trp TGG   1   1   1   1   1   1
--------------------------------------------------------------------------------------------------------------------------------------
Leu CTT   0   0   0   0   0   0 | Pro CCT   3   3   3   3   3   3 | His CAT   1   1   1   1   1   1 | Arg CGT   3   3   3   2   3   3
    CTC   0   0   0   0   0   0 |     CCC   2   2   2   2   2   2 |     CAC   0   0   0   0   0   0 |     CGC   0   0   0   0   0   0
    CTA   0   0   1   0   0   0 |     CCA   1   1   1   1   1   1 | Gln CAA   1   1   1   1   1   1 |     CGA   3   3   3   4   3   3
    CTG   4   4   4   4   4   4 |     CCG   0   0   0   0   0   0 |     CAG   2   2   2   2   2   2 |     CGG   1   1   1   1   1   1
--------------------------------------------------------------------------------------------------------------------------------------
Ile ATT   1   0   1   1   1   1 | Thr ACT   0   0   0   0   0   0 | Asn AAT   2   2   1   2   2   2 | Ser AGT   0   0   0   0   0   0
    ATC   3   3   3   3   3   3 |     ACC   0   0   0   0   0   0 |     AAC   2   2   3   2   2   2 |     AGC   2   2   2   2   2   2
    ATA   2   3   2   2   2   2 |     ACA   0   0   0   0   0   0 | Lys AAA   3   4   3   3   3   4 | Arg AGA   1   1   1   1   1   0
Met ATG   1   1   1   1   1   1 |     ACG   0   0   0   0   0   0 |     AAG   5   4   5   5   5   4 |     AGG   0   0   0   0   0   1
--------------------------------------------------------------------------------------------------------------------------------------
Val GTT   1   1   1   1   1   1 | Ala GCT   2   2   2   2   2   2 | Asp GAT   3   3   3   3   3   3 | Gly GGT   0   0   0   0   0   0
    GTC   1   1   1   1   1   1 |     GCC   0   0   0   0   0   0 |     GAC   6   6   6   6   6   6 |     GGC   0   0   0   0   0   0
    GTA   1   1   1   1   1   1 |     GCA   1   1   1   1   1   1 | Glu GAA   2   2   1   2   2   2 |     GGA   2   2   2   2   2   2
    GTG   1   1   1   1   1   1 |     GCG   0   0   0   0   0   0 |     GAG   2   2   3   2   2   2 |     GGG   1   1   1   1   1   1
--------------------------------------------------------------------------------------------------------------------------------------

--------------------------------------------------------------------------------------------------------------------------------------
Phe TTT   1   1   1   1   1   1 | Ser TCT   2   2   2   2   2   2 | Tyr TAT   4   4   4   3   4   4 | Cys TGT   2   2   3   3   2   3
    TTC   5   5   5   5   5   5 |     TCC   1   1   1   1   1   1 |     TAC   1   1   1   2   1   1 |     TGC   3   3   2   2   3   2
Leu TTA   4   4   4   4   4   4 |     TCA   0   0   0   0   0   0 | *** TAA   0   0   0   0   0   0 | *** TGA   0   0   0   0   0   0
    TTG   2   2   2   2   2   2 |     TCG   0   0   0   0   0   0 |     TAG   0   0   0   0   0   0 | Trp TGG   1   1   1   1   1   1
--------------------------------------------------------------------------------------------------------------------------------------
Leu CTT   0   0   0   0   0   0 | Pro CCT   3   3   3   3   3   3 | His CAT   1   1   1   1   1   1 | Arg CGT   3   3   3   3   3   3
    CTC   0   0   0   0   0   0 |     CCC   2   2   2   2   2   2 |     CAC   0   0   0   0   0   0 |     CGC   0   0   0   0   0   0
    CTA   0   0   0   0   0   0 |     CCA   1   1   1   1   1   1 | Gln CAA   2   1   1   1   1   1 |     CGA   3   3   3   3   3   3
    CTG   4   4   4   4   4   4 |     CCG   0   0   0   0   0   0 |     CAG   1   2   2   2   2   2 |     CGG   2   1   2   2   1   1
--------------------------------------------------------------------------------------------------------------------------------------
Ile ATT   1   1   1   1   0   1 | Thr ACT   0   0   0   0   0   0 | Asn AAT   2   2   2   2   2   2 | Ser AGT   0   0   0   0   0   0
    ATC   3   3   3   3   3   3 |     ACC   0   0   0   0   0   0 |     AAC   2   2   2   2   2   2 |     AGC   2   2   2   2   2   2
    ATA   2   2   2   2   3   2 |     ACA   0   0   0   0   0   0 | Lys AAA   4   4   4   4   4   3 | Arg AGA   0   1   0   0   1   1
Met ATG   1   1   1   1   1   1 |     ACG   0   0   0   0   0   0 |     AAG   4   4   4   4   4   5 |     AGG   0   0   0   0   0   0
--------------------------------------------------------------------------------------------------------------------------------------
Val GTT   1   1   1   1   1   1 | Ala GCT   1   2   1   2   2   2 | Asp GAT   3   3   3   3   3   3 | Gly GGT   0   0   0   0   0   0
    GTC   1   1   1   1   1   1 |     GCC   1   0   1   0   0   0 |     GAC   6   6   6   6   6   6 |     GGC   0   0   0   0   0   0
    GTA   1   1   1   1   1   1 |     GCA   1   1   1   1   1   1 | Glu GAA   2   2   2   2   2   2 |     GGA   2   2   2   2   2   2
    GTG   1   1   1   1   1   1 |     GCG   0   0   0   0   0   0 |     GAG   2   2   2   2   2   2 |     GGG   1   1   1   1   1   1
--------------------------------------------------------------------------------------------------------------------------------------

--------------------------------------------------------------------------------------------------------------------------------------
Phe TTT   1   2   1   2   1   1 | Ser TCT   2   2   2   2   2   2 | Tyr TAT   4   4   4   4   4   4 | Cys TGT   3   2   2   2   2   2
    TTC   5   4   5   4   5   5 |     TCC   1   1   1   1   1   1 |     TAC   1   1   1   1   1   1 |     TGC   2   3   3   3   3   3
Leu TTA   4   4   4   4   3   3 |     TCA   0   0   0   0   0   0 | *** TAA   0   0   0   0   0   0 | *** TGA   0   0   0   0   0   0
    TTG   2   2   2   2   2   2 |     TCG   0   0   0   0   0   0 |     TAG   0   0   0   0   0   0 | Trp TGG   1   1   1   1   1   1
--------------------------------------------------------------------------------------------------------------------------------------
Leu CTT   0   0   0   0   0   0 | Pro CCT   3   3   3   3   3   3 | His CAT   1   1   1   1   1   1 | Arg CGT   3   3   3   3   3   3
    CTC   0   0   0   0   0   0 |     CCC   2   2   2   2   2   2 |     CAC   0   0   0   0   0   0 |     CGC   0   0   0   0   0   0
    CTA   0   0   0   0   0   0 |     CCA   1   1   1   1   1   1 | Gln CAA   1   1   1   1   1   1 |     CGA   3   4   3   3   3   3
    CTG   4   4   4   4   5   5 |     CCG   0   0   0   0   0   0 |     CAG   2   2   2   2   2   2 |     CGG   1   1   1   1   1   1
--------------------------------------------------------------------------------------------------------------------------------------
Ile ATT   1   1   1   1   1   1 | Thr ACT   0   0   0   0   0   0 | Asn AAT   2   3   2   2   2   2 | Ser AGT   0   0   0   0   0   0
    ATC   3   3   3   3   3   3 |     ACC   0   0   0   0   0   0 |     AAC   2   2   2   2   2   2 |     AGC   2   2   2   2   2   2
    ATA   2   2   2   2   2   2 |     ACA   0   0   0   0   0   0 | Lys AAA   3   3   3   4   4   4 | Arg AGA   1   0   1   1   1   1
Met ATG   1   1   1   1   1   1 |     ACG   0   0   0   0   0   0 |     AAG   5   4   5   4   4   4 |     AGG   0   0   0   0   0   0
--------------------------------------------------------------------------------------------------------------------------------------
Val GTT   1   1   1   1   1   1 | Ala GCT   2   2   2   2   2   2 | Asp GAT   3   3   3   3   3   3 | Gly GGT   0   0   0   0   0   0
    GTC   1   1   1   1   1   1 |     GCC   0   0   0   0   0   0 |     GAC   6   6   6   6   6   6 |     GGC   0   1   0   0   1   1
    GTA   1   1   1   1   1   1 |     GCA   1   1   1   1   1   1 | Glu GAA   2   2   2   2   2   2 |     GGA   2   2   2   2   1   1
    GTG   1   1   1   1   1   1 |     GCG   0   0   0   0   0   0 |     GAG   2   2   2   2   2   2 |     GGG   1   0   1   1   1   1
--------------------------------------------------------------------------------------------------------------------------------------

Codon position x base (3x4) table for each sequence.

#1: Argali         
position  1:    T:0.27174    C:0.23913    A:0.23913    G:0.25000
position  2:    T:0.29348    C:0.13043    A:0.36957    G:0.20652
position  3:    T:0.25000    C:0.30435    A:0.22826    G:0.21739
Average         T:0.27174    C:0.22464    A:0.27899    G:0.22464

#2: LesserMouseDeer
position  1:    T:0.29348    C:0.21739    A:0.23913    G:0.25000
position  2:    T:0.29348    C:0.13043    A:0.36957    G:0.20652
position  3:    T:0.29348    C:0.28261    A:0.26087    G:0.16304
Average         T:0.29348    C:0.21014    A:0.28986    G:0.20652

#3: LesserKudu     
position  1:    T:0.27174    C:0.23913    A:0.25000    G:0.23913
position  2:    T:0.29348    C:0.13043    A:0.36957    G:0.20652
position  3:    T:0.27174    C:0.28261    A:0.25000    G:0.19565
Average         T:0.27899    C:0.21739    A:0.28986    G:0.21377

#4: ForestMuskDeer2
position  1:    T:0.28261    C:0.22826    A:0.23913    G:0.25000
position  2:    T:0.29348    C:0.13043    A:0.36957    G:0.20652
position  3:    T:0.28261    C:0.27174    A:0.23913    G:0.20652
Average         T:0.28623    C:0.21014    A:0.28261    G:0.22101

#5: Camel          
position  1:    T:0.27174    C:0.23913    A:0.21739    G:0.27174
position  2:    T:0.29348    C:0.13043    A:0.36957    G:0.20652
position  3:    T:0.26087    C:0.30435    A:0.25000    G:0.18478
Average         T:0.27536    C:0.22464    A:0.27899    G:0.22101

#6: KillerWhale    
position  1:    T:0.28261    C:0.22826    A:0.22826    G:0.26087
position  2:    T:0.29348    C:0.13043    A:0.36957    G:0.20652
position  3:    T:0.31522    C:0.27174    A:0.22826    G:0.18478
Average         T:0.29710    C:0.21014    A:0.27536    G:0.21739

#7: DefassaWaterbuck
position  1:    T:0.28261    C:0.22826    A:0.23913    G:0.25000
position  2:    T:0.29348    C:0.13043    A:0.36957    G:0.20652
position  3:    T:0.27174    C:0.27174    A:0.23913    G:0.21739
Average         T:0.28261    C:0.21014    A:0.28261    G:0.22464

#8: Sheep          
position  1:    T:0.27174    C:0.23913    A:0.23913    G:0.25000
position  2:    T:0.29348    C:0.13043    A:0.36957    G:0.20652
position  3:    T:0.25000    C:0.30435    A:0.22826    G:0.21739
Average         T:0.27174    C:0.22464    A:0.27899    G:0.22464

#9: MaxwellsDuiker 
position  1:    T:0.28261    C:0.22826    A:0.23913    G:0.25000
position  2:    T:0.29348    C:0.13043    A:0.36957    G:0.20652
position  3:    T:0.27174    C:0.29348    A:0.22826    G:0.20652
Average         T:0.28261    C:0.21739    A:0.27899    G:0.22101

#10: GazellaPrzewalskyi
position  1:    T:0.28261    C:0.22826    A:0.23913    G:0.25000
position  2:    T:0.30435    C:0.13043    A:0.36957    G:0.19565
position  3:    T:0.27174    C:0.28261    A:0.22826    G:0.21739
Average         T:0.28623    C:0.21377    A:0.27899    G:0.22101

#11: MountainNyala  
position  1:    T:0.27174    C:0.23913    A:0.23913    G:0.25000
position  2:    T:0.29348    C:0.13043    A:0.36957    G:0.20652
position  3:    T:0.27174    C:0.28261    A:0.21739    G:0.22826
Average         T:0.27899    C:0.21739    A:0.27536    G:0.22826

#12: MuntiacusMuntjak
position  1:    T:0.28261    C:0.23913    A:0.22826    G:0.25000
position  2:    T:0.29348    C:0.13043    A:0.36957    G:0.20652
position  3:    T:0.27174    C:0.28261    A:0.22826    G:0.21739
Average         T:0.28261    C:0.21739    A:0.27536    G:0.22464

#13: goat           
position  1:    T:0.27174    C:0.23913    A:0.23913    G:0.25000
position  2:    T:0.29348    C:0.13043    A:0.36957    G:0.20652
position  3:    T:0.25000    C:0.30435    A:0.21739    G:0.22826
Average         T:0.27174    C:0.22464    A:0.27536    G:0.22826

#14: AfricanBuffalo 
position  1:    T:0.28261    C:0.22826    A:0.23913    G:0.25000
position  2:    T:0.29348    C:0.13043    A:0.36957    G:0.20652
position  3:    T:0.26087    C:0.28261    A:0.25000    G:0.20652
Average         T:0.27899    C:0.21377    A:0.28623    G:0.22101

#15: Topi           
position  1:    T:0.28261    C:0.22826    A:0.23913    G:0.25000
position  2:    T:0.29348    C:0.13043    A:0.36957    G:0.20652
position  3:    T:0.26087    C:0.29348    A:0.23913    G:0.20652
Average         T:0.27899    C:0.21739    A:0.28261    G:0.22101

#16: CommonDuiker   
position  1:    T:0.28261    C:0.22826    A:0.23913    G:0.25000
position  2:    T:0.29348    C:0.13043    A:0.36957    G:0.20652
position  3:    T:0.28261    C:0.27174    A:0.22826    G:0.21739
Average         T:0.28623    C:0.21014    A:0.27899    G:0.22464

#17: Suni           
position  1:    T:0.28261    C:0.22826    A:0.23913    G:0.25000
position  2:    T:0.29348    C:0.13043    A:0.36957    G:0.20652
position  3:    T:0.26087    C:0.30435    A:0.22826    G:0.20652
Average         T:0.27899    C:0.22101    A:0.27899    G:0.22101

#18: Springbuck     
position  1:    T:0.28261    C:0.22826    A:0.23913    G:0.25000
position  2:    T:0.29348    C:0.13043    A:0.36957    G:0.20652
position  3:    T:0.27174    C:0.28261    A:0.23913    G:0.20652
Average         T:0.28261    C:0.21377    A:0.28261    G:0.22101

#19: Okapi          
position  1:    T:0.28261    C:0.22826    A:0.23913    G:0.25000
position  2:    T:0.29348    C:0.13043    A:0.36957    G:0.20652
position  3:    T:0.28261    C:0.27174    A:0.22826    G:0.21739
Average         T:0.28623    C:0.21014    A:0.27899    G:0.22464

#20: Giraffe        
position  1:    T:0.28261    C:0.22826    A:0.23913    G:0.25000
position  2:    T:0.29348    C:0.13043    A:0.36957    G:0.20652
position  3:    T:0.27174    C:0.28261    A:0.22826    G:0.21739
Average         T:0.28261    C:0.21377    A:0.27899    G:0.22464

#21: TibetanAntelope
position  1:    T:0.27174    C:0.23913    A:0.23913    G:0.25000
position  2:    T:0.29348    C:0.13043    A:0.36957    G:0.20652
position  3:    T:0.25000    C:0.29348    A:0.22826    G:0.22826
Average         T:0.27174    C:0.22101    A:0.27899    G:0.22826

#22: Sitatunga      
position  1:    T:0.27174    C:0.23913    A:0.23913    G:0.25000
position  2:    T:0.29348    C:0.13043    A:0.36957    G:0.20652
position  3:    T:0.28261    C:0.27174    A:0.22826    G:0.21739
Average         T:0.28261    C:0.21377    A:0.27899    G:0.22464

#23: Oribi          
position  1:    T:0.28261    C:0.22826    A:0.23913    G:0.25000
position  2:    T:0.29348    C:0.13043    A:0.36957    G:0.20652
position  3:    T:0.28261    C:0.28261    A:0.22826    G:0.20652
Average         T:0.28623    C:0.21377    A:0.27899    G:0.22101

#24: BarbarySheep   
position  1:    T:0.26087    C:0.25000    A:0.23913    G:0.25000
position  2:    T:0.29348    C:0.13043    A:0.36957    G:0.20652
position  3:    T:0.26087    C:0.29348    A:0.23913    G:0.20652
Average         T:0.27174    C:0.22464    A:0.28261    G:0.22101

#25: Daviddeer      
position  1:    T:0.28261    C:0.23913    A:0.22826    G:0.25000
position  2:    T:0.29348    C:0.13043    A:0.36957    G:0.20652
position  3:    T:0.26087    C:0.29348    A:0.23913    G:0.20652
Average         T:0.27899    C:0.22101    A:0.27899    G:0.22101

#26: Reindeer       
position  1:    T:0.28261    C:0.23913    A:0.22826    G:0.25000
position  2:    T:0.29348    C:0.13043    A:0.36957    G:0.20652
position  3:    T:0.27174    C:0.28261    A:0.22826    G:0.21739
Average         T:0.28261    C:0.21739    A:0.27536    G:0.22464

#27: Ibex           
position  1:    T:0.27174    C:0.23913    A:0.23913    G:0.25000
position  2:    T:0.29348    C:0.13043    A:0.36957    G:0.20652
position  3:    T:0.23913    C:0.31522    A:0.21739    G:0.22826
Average         T:0.26812    C:0.22826    A:0.27536    G:0.22826

#28: GyrantGazelle  
position  1:    T:0.28261    C:0.22826    A:0.23913    G:0.25000
position  2:    T:0.29348    C:0.13043    A:0.36957    G:0.20652
position  3:    T:0.27174    C:0.28261    A:0.23913    G:0.20652
Average         T:0.28261    C:0.21377    A:0.28261    G:0.22101

#29: Hartebeest     
position  1:    T:0.28261    C:0.22826    A:0.23913    G:0.25000
position  2:    T:0.29348    C:0.13043    A:0.36957    G:0.20652
position  3:    T:0.27174    C:0.28261    A:0.23913    G:0.20652
Average         T:0.28261    C:0.21377    A:0.28261    G:0.22101

#30: Bongo          
position  1:    T:0.27174    C:0.23913    A:0.23913    G:0.25000
position  2:    T:0.29348    C:0.13043    A:0.36957    G:0.20652
position  3:    T:0.28261    C:0.27174    A:0.23913    G:0.20652
Average         T:0.28261    C:0.21377    A:0.28261    G:0.22101

#31: Gerenuk        
position  1:    T:0.28261    C:0.22826    A:0.23913    G:0.25000
position  2:    T:0.29348    C:0.13043    A:0.36957    G:0.20652
position  3:    T:0.27174    C:0.28261    A:0.23913    G:0.20652
Average         T:0.28261    C:0.21377    A:0.28261    G:0.22101

#32: CommonEland    
position  1:    T:0.27174    C:0.23913    A:0.23913    G:0.25000
position  2:    T:0.29348    C:0.13043    A:0.36957    G:0.20652
position  3:    T:0.27174    C:0.29348    A:0.21739    G:0.21739
Average         T:0.27899    C:0.22101    A:0.27536    G:0.22464

#33: MuntiacusReevesi
position  1:    T:0.28261    C:0.23913    A:0.22826    G:0.25000
position  2:    T:0.29348    C:0.13043    A:0.36957    G:0.20652
position  3:    T:0.27174    C:0.28261    A:0.22826    G:0.21739
Average         T:0.28261    C:0.21739    A:0.27536    G:0.22464

#34: HarveysDuiker  
position  1:    T:0.28261    C:0.22826    A:0.23913    G:0.25000
position  2:    T:0.29348    C:0.13043    A:0.36957    G:0.20652
position  3:    T:0.27174    C:0.28261    A:0.22826    G:0.21739
Average         T:0.28261    C:0.21377    A:0.27899    G:0.22464

#35: Pronghorn      
position  1:    T:0.28261    C:0.22826    A:0.23913    G:0.25000
position  2:    T:0.29348    C:0.13043    A:0.36957    G:0.20652
position  3:    T:0.28261    C:0.28261    A:0.23913    G:0.19565
Average         T:0.28623    C:0.21377    A:0.28261    G:0.21739

#36: BlueWildebeest 
position  1:    T:0.28261    C:0.22826    A:0.23913    G:0.25000
position  2:    T:0.29348    C:0.13043    A:0.36957    G:0.20652
position  3:    T:0.28261    C:0.28261    A:0.22826    G:0.20652
Average         T:0.28623    C:0.21377    A:0.27899    G:0.22101

#37: Gemsbok        
position  1:    T:0.28261    C:0.22826    A:0.23913    G:0.25000
position  2:    T:0.29348    C:0.13043    A:0.36957    G:0.20652
position  3:    T:0.28261    C:0.27174    A:0.22826    G:0.21739
Average         T:0.28623    C:0.21014    A:0.27899    G:0.22464

#38: Yak            
position  1:    T:0.28261    C:0.22826    A:0.23913    G:0.25000
position  2:    T:0.29348    C:0.13043    A:0.36957    G:0.20652
position  3:    T:0.26087    C:0.28261    A:0.25000    G:0.20652
Average         T:0.27899    C:0.21377    A:0.28623    G:0.22101

#39: BlueSheep      
position  1:    T:0.27174    C:0.23913    A:0.23913    G:0.25000
position  2:    T:0.29348    C:0.13043    A:0.36957    G:0.20652
position  3:    T:0.25000    C:0.30435    A:0.21739    G:0.22826
Average         T:0.27174    C:0.22464    A:0.27536    G:0.22826

#40: BohorReedbuck  
position  1:    T:0.28261    C:0.22826    A:0.23913    G:0.25000
position  2:    T:0.29348    C:0.13043    A:0.36957    G:0.20652
position  3:    T:0.27174    C:0.27174    A:0.23913    G:0.21739
Average         T:0.28261    C:0.21014    A:0.28261    G:0.22464

#41: KirksDik       
position  1:    T:0.28261    C:0.22826    A:0.23913    G:0.25000
position  2:    T:0.29348    C:0.13043    A:0.36957    G:0.20652
position  3:    T:0.27174    C:0.28261    A:0.22826    G:0.21739
Average         T:0.28261    C:0.21377    A:0.27899    G:0.22464

#42: RoeDeer        
position  1:    T:0.28261    C:0.22826    A:0.23913    G:0.25000
position  2:    T:0.29348    C:0.13043    A:0.36957    G:0.20652
position  3:    T:0.23913    C:0.31522    A:0.22826    G:0.21739
Average         T:0.27174    C:0.22464    A:0.27899    G:0.22464

#43: WhiteLippedDeer
position  1:    T:0.28261    C:0.23913    A:0.22826    G:0.25000
position  2:    T:0.29348    C:0.13043    A:0.36957    G:0.20652
position  3:    T:0.26087    C:0.29348    A:0.23913    G:0.20652
Average         T:0.27899    C:0.22101    A:0.27899    G:0.22101

#44: ThomsonGazelle 
position  1:    T:0.28261    C:0.22826    A:0.23913    G:0.25000
position  2:    T:0.29348    C:0.13043    A:0.36957    G:0.20652
position  3:    T:0.27174    C:0.28261    A:0.23913    G:0.20652
Average         T:0.28261    C:0.21377    A:0.28261    G:0.22101

#45: MuntiacusCrinifrons
position  1:    T:0.28261    C:0.23913    A:0.22826    G:0.25000
position  2:    T:0.29348    C:0.13043    A:0.36957    G:0.20652
position  3:    T:0.27174    C:0.28261    A:0.22826    G:0.21739
Average         T:0.28261    C:0.21739    A:0.27536    G:0.22464

#46: WhiteTailedDeer
position  1:    T:0.28261    C:0.23913    A:0.22826    G:0.25000
position  2:    T:0.29348    C:0.13043    A:0.36957    G:0.20652
position  3:    T:0.27174    C:0.28261    A:0.22826    G:0.21739
Average         T:0.28261    C:0.21739    A:0.27536    G:0.22464

#47: Cattle         
position  1:    T:0.28261    C:0.22826    A:0.23913    G:0.25000
position  2:    T:0.29348    C:0.13043    A:0.36957    G:0.20652
position  3:    T:0.26087    C:0.28261    A:0.25000    G:0.20652
Average         T:0.27899    C:0.21377    A:0.28623    G:0.22101

#48: RoyalAntelope  
position  1:    T:0.28261    C:0.22826    A:0.23913    G:0.25000
position  2:    T:0.29348    C:0.13043    A:0.36957    G:0.20652
position  3:    T:0.28261    C:0.27174    A:0.22826    G:0.21739
Average         T:0.28623    C:0.21014    A:0.27899    G:0.22464

#49: Steenbok       
position  1:    T:0.28261    C:0.22826    A:0.23913    G:0.25000
position  2:    T:0.29348    C:0.13043    A:0.36957    G:0.20652
position  3:    T:0.28261    C:0.27174    A:0.22826    G:0.21739
Average         T:0.28623    C:0.21014    A:0.27899    G:0.22464

#50: Impala         
position  1:    T:0.28261    C:0.23913    A:0.22826    G:0.25000
position  2:    T:0.29348    C:0.13043    A:0.36957    G:0.20652
position  3:    T:0.29348    C:0.28261    A:0.22826    G:0.19565
Average         T:0.28986    C:0.21739    A:0.27536    G:0.21739

#51: Klipspringer   
position  1:    T:0.28261    C:0.22826    A:0.23913    G:0.25000
position  2:    T:0.29348    C:0.13043    A:0.36957    G:0.20652
