1
52 1
Argali 0.000000 0.182700 0.067900 0.121800 0.067900 0.000000 0.085400 0.049700 0.069100 0.166400 0.032600 0.149100 0.049700 0.067700 0.049700 0.032600 0.126800 0.147500 0.049600 0.069100 0.066600 0.032400 0.168800 0.125100 0.049600 0.050100 0.049700 0.069100 0.067400 0.069100 0.166400 0.067300 0.167600 0.085600 0.085200 0.106300 0.032600 0.086800 0.085400 0.214600 0.168800 0.032600 0.188500 0.146100 0.106300 0.049700 0.085600 0.124000 0.104300 0.086500 0.088200 0.069100
LesserMous 0.182700 0.000000 0.179900 0.227800 0.229400 0.182700 0.252500 0.205800 0.183400 0.198400 0.183300 0.282000 0.205800 0.230800 0.205800 0.183000 0.203300 0.225300 0.206100 0.183400 0.227900 0.139800 0.250700 0.201300 0.204900 0.137500 0.205900 0.183400 0.230200 0.183400 0.198400 0.230000 0.177700 0.254600 0.252200 0.227700 0.183300 0.256900 0.252700 0.249300 0.250700 0.183000 0.221300 0.224700 0.227700 0.205800 0.204800 0.307300 0.280200 0.157100 0.207300 0.183400
LesserKudu 0.067900 0.179900 0.000000 0.125700 0.033000 0.067900 0.049900 0.016100 0.000100 0.122600 0.032800 0.068100 0.016100 0.033000 0.016100 0.032800 0.049800 0.067400 0.049800 0.000100 0.032500 0.067200 0.085200 0.084700 0.049800 0.087100 0.016100 0.000100 0.032800 0.000100 0.122600 0.032800 0.083000 0.050000 0.049700 0.032600 0.032800 0.050700 0.049900 0.123500 0.085200 0.032800 0.142500 0.066700 0.032600 0.016100 0.050100 0.086000 0.067600 0.015900 0.016200 0.000100
KillerWhal 0.121800 0.227800 0.125700 0.000000 0.165900 0.121800 0.189500 0.143900 0.128200 0.211800 0.122200 0.220700 0.143900 0.167800 0.143900 0.122000 0.169000 0.192000 0.143700 0.128200 0.164700 0.121100 0.216100 0.167300 0.142500 0.119000 0.143500 0.128200 0.167100 0.128200 0.211800 0.165900 0.211000 0.190800 0.188500 0.169800 0.122200 0.192300 0.189600 0.265400 0.216100 0.122000 0.236600 0.190300 0.169800 0.143900 0.189000 0.241000 0.215500 0.125300 0.150100 0.128200
DefassaWat 0.067900 0.229400 0.033000 0.165900 0.000000 0.067900 0.049900 0.016200 0.033500 0.167300 0.032800 0.108000 0.016200 0.033000 0.016200 0.032800 0.087600 0.106900 0.049900 0.033500 0.032500 0.067200 0.126500 0.125700 0.049900 0.087100 0.016200 0.033500 0.000100 0.033500 0.167300 0.032800 0.125800 0.050000 0.016000 0.068700 0.032800 0.016300 0.049900 0.168900 0.126500 0.032800 0.189500 0.105800 0.068700 0.016200 0.050100 0.086000 0.067600 0.050400 0.033600 0.033500
Sheep 0.000000 0.182700 0.067900 0.121800 0.067900 0.000000 0.085400 0.049700 0.069100 0.166400 0.032600 0.149100 0.049700 0.067700 0.049700 0.032600 0.126800 0.147500 0.049600 0.069100 0.066600 0.032400 0.168800 0.125100 0.049600 0.050100 0.049700 0.069100 0.067400 0.069100 0.166400 0.067300 0.167600 0.085600 0.085200 0.106300 0.032600 0.086800 0.085400 0.214600 0.168800 0.032600 0.188500 0.146100 0.106300 0.049700 0.085600 0.124000 0.104300 0.086500 0.088200 0.069100
MaxwellsDu 0.085400 0.252500 0.049900 0.189500 0.049900 0.085400 0.000000 0.032400 0.050700 0.187700 0.049400 0.127200 0.032400 0.049700 0.032400 0.049400 0.106100 0.126000 0.066000 0.050700 0.049100 0.084400 0.146000 0.144500 0.066900 0.105500 0.032500 0.050700 0.049400 0.050700 0.187700 0.049600 0.145800 0.066900 0.066800 0.086400 0.049400 0.068000 0.066900 0.188300 0.146000 0.049400 0.210600 0.124100 0.086400 0.032400 0.067300 0.104100 0.085100 0.067700 0.069000 0.050700
GazellaPrz 0.049700 0.205800 0.016100 0.143900 0.016200 0.049700 0.032400 0.000000 0.016400 0.145000 0.016200 0.087700 0.000000 0.016100 0.000000 0.016000 0.068400 0.086900 0.032300 0.016400 0.015900 0.049100 0.105500 0.104500 0.032400 0.067900 0.000100 0.016400 0.016100 0.016400 0.145000 0.016000 0.104800 0.032400 0.032400 0.050200 0.016000 0.033000 0.032400 0.145300 0.105500 0.016000 0.166200 0.085600 0.050200 0.000000 0.032700 0.067100 0.049500 0.032800 0.033400 0.016400
MountainNy 0.069100 0.183400 0.000100 0.128200 0.033500 0.069100 0.050700 0.016400 0.000000 0.125000 0.033300 0.069300 0.016400 0.033500 0.016400 0.033300 0.050600 0.068600 0.050600 0.000000 0.032900 0.068300 0.086700 0.086200 0.050600 0.088600 0.016400 0.000000 0.033300 0.000000 0.125000 0.033300 0.085200 0.050800 0.050600 0.033200 0.033300 0.051500 0.050700 0.126000 0.086700 0.033300 0.145400 0.067800 0.033200 0.016400 0.050900 0.087500 0.068800 0.016200 0.016100 0.000000
MuntiacusM 0.166400 0.198400 0.122600 0.211800 0.167300 0.166400 0.187700 0.145000 0.125000 0.000000 0.166500 0.167100 0.145000 0.167300 0.145000 0.124500 0.103200 0.122300 0.144500 0.125000 0.165300 0.165400 0.066400 0.032000 0.188600 0.145200 0.145200 0.125000 0.166700 0.125000 0.000000 0.166800 0.182900 0.188900 0.187700 0.123400 0.166500 0.191500 0.187800 0.102800 0.066400 0.124500 0.015800 0.048900 0.123400 0.145000 0.189000 0.236600 0.165400 0.102700 0.146200 0.125000
goat 0.032600 0.183300 0.032800 0.122200 0.032800 0.032600 0.049400 0.016200 0.033300 0.166500 0.000000 0.107400 0.016000 0.032600 0.016100 0.032400 0.087100 0.106300 0.016000 0.033300 0.032200 0.032200 0.125800 0.124500 0.016000 0.050000 0.016000 0.033300 0.032500 0.033300 0.166500 0.032500 0.125000 0.049600 0.049400 0.068100 0.000000 0.050300 0.049400 0.167200 0.125800 0.032400 0.188600 0.104800 0.068100 0.016100 0.049700 0.085400 0.067100 0.050000 0.051000 0.033300
AfricanBuf 0.149100 0.282000 0.068100 0.220700 0.108000 0.149100 0.127200 0.087700 0.069300 0.167100 0.107400 0.000000 0.087700 0.108000 0.087700 0.107200 0.087400 0.106600 0.087400 0.069300 0.106200 0.147500 0.126300 0.125400 0.127400 0.173700 0.087800 0.069300 0.107500 0.069300 0.167100 0.107300 0.169200 0.127800 0.127000 0.033200 0.107400 0.089300 0.127200 0.168700 0.126300 0.107200 0.189300 0.105600 0.033200 0.087700 0.127600 0.170700 0.068800 0.086900 0.088500 0.069300
Topi 0.049700 0.205800 0.016100 0.143900 0.016200 0.049700 0.032400 0.000000 0.016400 0.145000 0.016000 0.087700 0.000000 0.016300 0.000000 0.016000 0.068400 0.086900 0.032300 0.016400 0.015900 0.049100 0.105500 0.104500 0.032400 0.067900 0.000100 0.016400 0.016200 0.016400 0.145000 0.016000 0.104800 0.032400 0.032400 0.050200 0.016000 0.033000 0.032700 0.145300 0.105500 0.016000 0.166200 0.085600 0.050200 0.000000 0.032700 0.067100 0.049500 0.032800 0.033400 0.016400
CommonDuik 0.067700 0.230800 0.033000 0.167800 0.033000 0.067700 0.049700 0.016100 0.033500 0.167300 0.032600 0.108000 0.016300 0.000000 0.016100 0.032600 0.087600 0.106900 0.049500 0.033500 0.032400 0.066800 0.126300 0.125200 0.049600 0.086900 0.016100 0.033500 0.032600 0.033500 0.167300 0.032700 0.125900 0.049700 0.049600 0.068500 0.032600 0.050600 0.049700 0.167900 0.126300 0.032600 0.189500 0.105200 0.068500 0.016100 0.050000 0.085800 0.067500 0.050300 0.051300 0.033500
Suni 0.049700 0.205800 0.016100 0.143900 0.016200 0.049700 0.032400 0.000000 0.016400 0.145000 0.016100 0.087700 0.000000 0.016100 0.000000 0.016200 0.068400 0.086900 0.032300 0.016400 0.015900 0.049100 0.105500 0.104500 0.032400 0.067900 0.000100 0.016400 0.016100 0.016400 0.145000 0.016000 0.104800 0.032400 0.032400 0.050200 0.016000 0.033000 0.032400 0.145300 0.105500 0.016000 0.166200 0.084800 0.050200 0.000000 0.032700 0.067100 0.049500 0.032800 0.033400 0.016400
Springbuck 0.032600 0.183000 0.032800 0.122000 0.032800 0.032600 0.049400 0.016000 0.033300 0.124500 0.032400 0.107200 0.016000 0.032600 0.016200 0.000000 0.087000 0.106200 0.049200 0.033300 0.032200 0.032400 0.125500 0.085300 0.049400 0.050000 0.016000 0.033300 0.032400 0.033300 0.124500 0.032500 0.125200 0.049400 0.049300 0.068000 0.032400 0.050200 0.049500 0.166500 0.125500 0.000000 0.144800 0.104500 0.068000 0.016200 0.049800 0.085400 0.067000 0.050000 0.050900 0.033300
Okapi 0.126800 0.203300 0.049800 0.169000 0.087600 0.126800 0.106100 0.068400 0.050600 0.103200 0.087100 0.087400 0.068400 0.087600 0.068400 0.087000 0.000000 0.016000 0.068100 0.050600 0.086200 0.125500 0.049200 0.066500 0.106200 0.106500 0.068400 0.050600 0.087200 0.050600 0.103200 0.087000 0.102700 0.106500 0.105900 0.050100 0.087100 0.108000 0.106100 0.066700 0.049200 0.087000 0.122400 0.049200 0.050100 0.068400 0.106500 0.147300 0.086700 0.032400 0.068900 0.050600
Giraffe 0.147500 0.225300 0.067400 0.192000 0.106900 0.147500 0.126000 0.086900 0.068600 0.122300 0.106300 0.106600 0.086900 0.106900 0.086900 0.106200 0.016000 0.000000 0.086500 0.068600 0.105300 0.146100 0.066600 0.084500 0.126100 0.126600 0.086900 0.068600 0.106400 0.068600 0.122300 0.106300 0.122700 0.126500 0.125800 0.067800 0.106300 0.128300 0.126100 0.084500 0.066600 0.106200 0.142200 0.066500 0.067800 0.086900 0.086900 0.125800 0.105800 0.049300 0.087500 0.068600
TibetanAnt 0.049600 0.206100 0.049800 0.143700 0.049900 0.049600 0.066000 0.032300 0.050600 0.144500 0.016000 0.087400 0.032300 0.049500 0.032300 0.049200 0.068100 0.086500 0.000000 0.050600 0.049000 0.049000 0.105200 0.104200 0.032400 0.067800 0.032400 0.050600 0.049700 0.050600 0.144500 0.049500 0.145700 0.066800 0.066700 0.049900 0.015900 0.068000 0.066700 0.144900 0.105200 0.049200 0.165700 0.085400 0.049900 0.032300 0.067200 0.104100 0.049300 0.067700 0.068900 0.050600
Sitatunga 0.069100 0.183400 0.000100 0.128200 0.033500 0.069100 0.050700 0.016400 0.000000 0.125000 0.033300 0.069300 0.016400 0.033500 0.016400 0.033300 0.050600 0.068600 0.050600 0.000000 0.032900 0.068300 0.086700 0.086200 0.050600 0.088600 0.016400 0.000000 0.033300 0.000000 0.125000 0.033300 0.085200 0.050800 0.050600 0.033200 0.033300 0.051500 0.050700 0.126000 0.086700 0.033300 0.145400 0.067800 0.033200 0.016400 0.050900 0.087500 0.068800 0.016200 0.016200 0.000000
Oribi 0.066600 0.227900 0.032500 0.164700 0.032500 0.066600 0.049100 0.015900 0.032900 0.165300 0.032200 0.106200 0.015900 0.032400 0.015900 0.032200 0.086200 0.105300 0.049000 0.032900 0.000000 0.066100 0.124700 0.124000 0.048900 0.085600 0.015800 0.032900 0.032300 0.032900 0.165300 0.032200 0.123400 0.049100 0.048900 0.067500 0.032200 0.049700 0.049100 0.166200 0.124700 0.032200 0.187400 0.104400 0.067500 0.015900 0.049200 0.084600 0.066400 0.049500 0.050400 0.032900
BarbaryShe 0.032400 0.139800 0.067200 0.121100 0.067200 0.032400 0.084400 0.049100 0.068300 0.165400 0.032200 0.147500 0.049100 0.066800 0.049100 0.032400 0.125500 0.146100 0.049000 0.068300 0.066100 0.000000 0.167300 0.123300 0.049100 0.049600 0.049200 0.068300 0.066600 0.068300 0.165400 0.066800 0.166400 0.084500 0.084400 0.104800 0.032200 0.085900 0.084400 0.211200 0.167300 0.032200 0.187500 0.144200 0.104800 0.049100 0.085000 0.123000 0.103300 0.085600 0.087200 0.068300
Daviddeer 0.168800 0.250700 0.085200 0.216100 0.126500 0.168800 0.146000 0.105500 0.086700 0.066400 0.125800 0.126300 0.105500 0.126300 0.105500 0.125500 0.049200 0.066600 0.105200 0.086700 0.124700 0.167300 0.000000 0.032100 0.146600 0.146800 0.105600 0.086700 0.125900 0.086700 0.066400 0.125800 0.142700 0.146800 0.145900 0.085700 0.125800 0.149000 0.145900 0.049100 0.000000 0.125500 0.084400 0.015800 0.085700 0.105500 0.146900 0.191500 0.125000 0.066500 0.106400 0.086700
Reindeer 0.125100 0.201300 0.084700 0.167300 0.125700 0.125100 0.144500 0.104500 0.086200 0.032000 0.124500 0.125400 0.104500 0.125200 0.104500 0.085300 0.066500 0.084500 0.104200 0.086200 0.124000 0.123300 0.032100 0.000000 0.145500 0.105100 0.105000 0.086200 0.124600 0.086200 0.032000 0.125100 0.142100 0.145100 0.144900 0.084900 0.124500 0.147800 0.144400 0.066100 0.032100 0.085500 0.048800 0.015800 0.084900 0.104500 0.145900 0.190100 0.124300 0.066200 0.105700 0.086200
Ibex 0.049600 0.204900 0.049800 0.142500 0.049900 0.049600 0.066900 0.032400 0.050600 0.188600 0.016000 0.127400 0.032400 0.049600 0.032400 0.049400 0.106200 0.126100 0.032400 0.050600 0.048900 0.049100 0.146600 0.145500 0.000000 0.067600 0.032400 0.050600 0.049500 0.050600 0.188600 0.049500 0.144200 0.067000 0.066700 0.086600 0.016000 0.067900 0.066900 0.190500 0.146600 0.049400 0.211900 0.125000 0.086600 0.032400 0.067100 0.104000 0.085000 0.067700 0.068900 0.050600
GyrantGaze 0.050100 0.137500 0.087100 0.119000 0.087100 0.050100 0.105500 0.067900 0.088600 0.145200 0.050000 0.173700 0.067900 0.086900 0.067900 0.050000 0.106500 0.126600 0.067800 0.088600 0.085600 0.049600 0.146800 0.105100 0.067600 0.000000 0.067800 0.088600 0.086600 0.088600 0.145200 0.086400 0.104700 0.105700 0.105400 0.127900 0.050000 0.107100 0.105600 0.190700 0.146800 0.050000 0.166700 0.125200 0.127900 0.067900 0.106000 0.146700 0.125400 0.067700 0.108800 0.088600
Hartebeest 0.049700 0.205900 0.016100 0.143500 0.016200 0.049700 0.032500 0.000100 0.016400 0.145200 0.016000 0.087800 0.000100 0.016100 0.000100 0.016000 0.068400 0.086900 0.032400 0.016400 0.015800 0.049200 0.105600 0.105000 0.032400 0.067800 0.000000 0.016400 0.016000 0.016400 0.145200 0.016000 0.104200 0.032500 0.032400 0.050400 0.016000 0.032900 0.032500 0.146000 0.105600 0.016000 0.166500 0.086000 0.050400 0.000100 0.032700 0.067200 0.049500 0.032800 0.033400 0.016400
Bongo 0.069100 0.183400 0.000100 0.128200 0.033500 0.069100 0.050700 0.016400 0.000000 0.125000 0.033300 0.069300 0.016400 0.033500 0.016400 0.033300 0.050600 0.068600 0.050600 0.000000 0.032900 0.068300 0.086700 0.086200 0.050600 0.088600 0.016400 0.000000 0.033300 0.000000 0.125000 0.033300 0.085200 0.050800 0.050600 0.033200 0.033300 0.051500 0.050700 0.126000 0.086700 0.033300 0.145400 0.067800 0.033200 0.016400 0.050900 0.087500 0.068800 0.016200 0.016200 0.000000
Gerenuk 0.067400 0.230200 0.032800 0.167100 0.000100 0.067400 0.049400 0.016100 0.033300 0.166700 0.032500 0.107500 0.016200 0.032600 0.016100 0.032400 0.087200 0.106400 0.049700 0.033300 0.032300 0.066600 0.125900 0.124600 0.049500 0.086600 0.016000 0.033300 0.000000 0.033300 0.166700 0.032600 0.125200 0.049500 0.015900 0.068100 0.032500 0.016200 0.049400 0.167500 0.125900 0.032400 0.189000 0.104900 0.068100 0.016000 0.049800 0.085500 0.067200 0.050100 0.033400 0.033300
CommonElan 0.069100 0.183400 0.000100 0.128200 0.033500 0.069100 0.050700 0.016400 0.000000 0.125000 0.033300 0.069300 0.016400 0.033500 0.016400 0.033300 0.050600 0.068600 0.050600 0.000000 0.032900 0.068300 0.086700 0.086200 0.050600 0.088600 0.016400 0.000000 0.033300 0.000000 0.125000 0.033300 0.085200 0.050800 0.050600 0.033200 0.033300 0.051500 0.050700 0.126000 0.086700 0.033300 0.145400 0.067800 0.033200 0.016400 0.050900 0.087500 0.068800 0.016200 0.016200 0.000000
MuntiacusR 0.166400 0.198400 0.122600 0.211800 0.167300 0.166400 0.187700 0.145000 0.125000 0.000000 0.166500 0.167100 0.145000 0.167300 0.145000 0.124500 0.103200 0.122300 0.144500 0.125000 0.165300 0.165400 0.066400 0.032000 0.188600 0.145200 0.145200 0.125000 0.166700 0.125000 0.000000 0.166800 0.182900 0.188900 0.187700 0.123400 0.166500 0.191500 0.187800 0.102800 0.066400 0.124500 0.015800 0.048900 0.123400 0.145000 0.189000 0.236600 0.165400 0.102700 0.146200 0.125000
HarveysDui 0.067300 0.230000 0.032800 0.165900 0.032800 0.067300 0.049600 0.016000 0.033300 0.166800 0.032500 0.107300 0.016000 0.032700 0.016000 0.032500 0.087000 0.106300 0.049500 0.033300 0.032200 0.066800 0.125800 0.125100 0.049500 0.086400 0.016000 0.033300 0.032600 0.033300 0.166800 0.000000 0.124600 0.049600 0.049400 0.068200 0.032500 0.050300 0.049600 0.167900 0.125800 0.032500 0.189100 0.105200 0.068200 0.016000 0.049800 0.085500 0.067100 0.050000 0.050900 0.033300
Pronghorn 0.167600 0.177700 0.083000 0.211000 0.125800 0.167600 0.145800 0.104800 0.085200 0.182900 0.125000 0.169200 0.104800 0.125900 0.104800 0.125200 0.102700 0.122700 0.145700 0.085200 0.123400 0.166400 0.142700 0.142100 0.144200 0.104700 0.104200 0.085200 0.125200 0.085200 0.182900 0.124600 0.000000 0.146200 0.144600 0.124300 0.125000 0.148900 0.146000 0.142900 0.142700 0.125200 0.205500 0.121800 0.124300 0.104800 0.144600 0.190000 0.167200 0.060600 0.105600 0.085200
BlueWildeb 0.085600 0.254600 0.050000 0.190800 0.050000 0.085600 0.066900 0.032400 0.050800 0.188900 0.049600 0.127800 0.032400 0.049700 0.032400 0.049400 0.106500 0.126500 0.066800 0.050800 0.049100 0.084500 0.146800 0.145100 0.067000 0.105700 0.032500 0.050800 0.049500 0.050800 0.188900 0.049600 0.146200 0.000000 0.066900 0.086600 0.049500 0.068200 0.066900 0.189700 0.146800 0.049400 0.212200 0.124600 0.086600 0.032400 0.067400 0.104300 0.085300 0.067900 0.069100 0.050800
Gemsbok 0.085200 0.252200 0.049700 0.188500 0.016000 0.085200 0.066800 0.032400 0.050600 0.187700 0.049400 0.127000 0.032400 0.049600 0.032400 0.049300 0.105900 0.125800 0.066700 0.050600 0.048900 0.084400 0.145900 0.144900 0.066700 0.105400 0.032400 0.050600 0.015900 0.050600 0.187700 0.049400 0.144600 0.066900 0.000000 0.086500 0.049400 0.032700 0.066900 0.189400 0.145900 0.049300 0.210800 0.124400 0.086500 0.032400 0.049500 0.103800 0.084900 0.067600 0.050700 0.050600
Yak 0.106300 0.227700 0.032600 0.169800 0.068700 0.106300 0.086400 0.050200 0.033200 0.123400 0.068100 0.033200 0.050200 0.068500 0.050200 0.068000 0.050100 0.067800 0.049900 0.033200 0.067500 0.104800 0.085700 0.084900 0.086600 0.127900 0.050400 0.033200 0.068100 0.033200 0.123400 0.068200 0.124300 0.086600 0.086500 0.000000 0.066700 0.051100 0.086400 0.123800 0.085700 0.069000 0.143400 0.066800 0.000000 0.050200 0.086900 0.125900 0.032900 0.049800 0.050700 0.033200
BlueSheep 0.032600 0.183300 0.032800 0.122200 0.032800 0.032600 0.049400 0.016000 0.033300 0.166500 0.000000 0.107400 0.016000 0.032600 0.016000 0.032400 0.087100 0.106300 0.015900 0.033300 0.032200 0.032200 0.125800 0.124500 0.016000 0.050000 0.016000 0.033300 0.032500 0.033300 0.166500 0.032500 0.125000 0.049500 0.049400 0.066700 0.000000 0.050300 0.049400 0.167200 0.125800 0.032400 0.188600 0.104800 0.068100 0.016200 0.049700 0.085400 0.067100 0.050000 0.051000 0.033300
BohorReedb 0.086800 0.256900 0.050700 0.192300 0.016300 0.086800 0.068000 0.033000 0.051500 0.191500 0.050300 0.089300 0.033000 0.050600 0.033000 0.050200 0.108000 0.128300 0.068000 0.051500 0.049700 0.085900 0.149000 0.147800 0.067900 0.107100 0.032900 0.051500 0.016200 0.051500 0.191500 0.050300 0.148900 0.068200 0.032700 0.051100 0.050300 0.000000 0.068000 0.193800 0.149000 0.050200 0.215000 0.126900 0.051100 0.033000 0.068100 0.086600 0.050200 0.068800 0.051600 0.051500
KirksDik 0.085400 0.252700 0.049900 0.189600 0.049900 0.085400 0.066900 0.032400 0.050700 0.187800 0.049400 0.127200 0.032700 0.049700 0.032400 0.049500 0.106100 0.126100 0.066700 0.050700 0.049100 0.084400 0.145900 0.144400 0.066900 0.105600 0.032500 0.050700 0.049400 0.050700 0.187800 0.049600 0.146000 0.066900 0.066900 0.086400 0.049400 0.068000 0.000000 0.187800 0.145900 0.049500 0.210700 0.123900 0.085800 0.032900 0.067500 0.104200 0.085100 0.067700 0.069000 0.050700
RoeDeer 0.214600 0.249300 0.123500 0.265400 0.168900 0.214600 0.188300 0.145300 0.126000 0.102800 0.167200 0.168700 0.145300 0.167900 0.145300 0.166500 0.066700 0.084500 0.144900 0.126000 0.166200 0.211200 0.049100 0.066100 0.190500 0.190700 0.146000 0.126000 0.167500 0.126000 0.102800 0.167900 0.142900 0.189700 0.189400 0.123800 0.167200 0.193800 0.187800 0.000000 0.049100 0.166500 0.122000 0.048900 0.123800 0.145300 0.190000 0.238800 0.166800 0.103400 0.147500 0.126000
WhiteLippe 0.168800 0.250700 0.085200 0.216100 0.126500 0.168800 0.146000 0.105500 0.086700 0.066400 0.125800 0.126300 0.105500 0.126300 0.105500 0.125500 0.049200 0.066600 0.105200 0.086700 0.124700 0.167300 0.000000 0.032100 0.146600 0.146800 0.105600 0.086700 0.125900 0.086700 0.066400 0.125800 0.142700 0.146800 0.145900 0.085700 0.125800 0.149000 0.145900 0.049100 0.000000 0.125500 0.084400 0.015800 0.085700 0.105500 0.146900 0.191500 0.125000 0.066500 0.106400 0.086700
ThomsonGaz 0.032600 0.183000 0.032800 0.122000 0.032800 0.032600 0.049400 0.016000 0.033300 0.124500 0.032400 0.107200 0.016000 0.032600 0.016000 0.000000 0.087000 0.106200 0.049200 0.033300 0.032200 0.032200 0.125500 0.085500 0.049400 0.050000 0.016000 0.033300 0.032400 0.033300 0.124500 0.032500 0.125200 0.049400 0.049300 0.069000 0.032400 0.050200 0.049500 0.166500 0.125500 0.000000 0.144800 0.104500 0.068000 0.016000 0.049800 0.085400 0.067000 0.050000 0.050900 0.033300
MuntiacusC 0.188500 0.221300 0.142500 0.236600 0.189500 0.188500 0.210600 0.166200 0.145400 0.015800 0.188600 0.189300 0.166200 0.189500 0.166200 0.144800 0.122400 0.142200 0.165700 0.145400 0.187400 0.187500 0.084400 0.048800 0.211900 0.166700 0.166500 0.145400 0.189000 0.145400 0.015800 0.189100 0.205500 0.212200 0.210800 0.143400 0.188600 0.215000 0.210700 0.122000 0.084400 0.144800 0.000000 0.066200 0.143400 0.166200 0.212300 0.262600 0.187400 0.121900 0.167600 0.145400
WhiteTaile 0.146100 0.224700 0.066700 0.190300 0.105800 0.146100 0.124100 0.085600 0.067800 0.048900 0.104800 0.105600 0.085600 0.105200 0.084800 0.104500 0.049200 0.066500 0.085400 0.067800 0.104400 0.144200 0.015800 0.015800 0.125000 0.125200 0.086000 0.067800 0.104900 0.067800 0.048900 0.105200 0.121800 0.124600 0.124400 0.066800 0.104800 0.126900 0.123900 0.048900 0.015800 0.104500 0.066200 0.000000 0.066800 0.085600 0.125200 0.167400 0.104600 0.048800 0.086600 0.067800
Cattle 0.106300 0.227700 0.032600 0.169800 0.068700 0.106300 0.086400 0.050200 0.033200 0.123400 0.068100 0.033200 0.050200 0.068500 0.050200 0.068000 0.050100 0.067800 0.049900 0.033200 0.067500 0.104800 0.085700 0.084900 0.086600 0.127900 0.050400 0.033200 0.068100 0.033200 0.123400 0.068200 0.124300 0.086600 0.086500 0.000000 0.068100 0.051100 0.085800 0.123800 0.085700 0.068000 0.143400 0.066800 0.000000 0.050200 0.086900 0.125900 0.032900 0.049800 0.050700 0.033200
RoyalAntel 0.049700 0.205800 0.016100 0.143900 0.016200 0.049700 0.032400 0.000000 0.016400 0.145000 0.016100 0.087700 0.000000 0.016100 0.000000 0.016200 0.068400 0.086900 0.032300 0.016400 0.015900 0.049100 0.105500 0.104500 0.032400 0.067900 0.000100 0.016400 0.016000 0.016400 0.145000 0.016000 0.104800 0.032400 0.032400 0.050200 0.016200 0.033000 0.032900 0.145300 0.105500 0.016000 0.166200 0.085600 0.050200 0.000000 0.032700 0.067100 0.049500 0.032800 0.033400 0.016400
Steenbok 0.085600 0.204800 0.050100 0.189000 0.050100 0.085600 0.067300 0.032700 0.050900 0.189000 0.049700 0.127600 0.032700 0.050000 0.032700 0.049800 0.106500 0.086900 0.067200 0.050900 0.049200 0.085000 0.146900 0.145900 0.067100 0.106000 0.032700 0.050900 0.049800 0.050900 0.189000 0.049800 0.144600 0.067400 0.049500 0.086900 0.049700 0.068100 0.067500 0.190000 0.146900 0.049800 0.212300 0.125200 0.086900 0.032700 0.000000 0.049700 0.085400 0.068000 0.069200 0.050900
Impala 0.124000 0.307300 0.086000 0.241000 0.086000 0.124000 0.104100 0.067100 0.087500 0.236600 0.085400 0.170700 0.067100 0.085800 0.067100 0.085400 0.147300 0.125800 0.104100 0.087500 0.084600 0.123000 0.191500 0.190100 0.104000 0.146700 0.067200 0.087500 0.085500 0.087500 0.236600 0.085500 0.190000 0.104300 0.103800 0.125900 0.085400 0.086600 0.104200 0.238800 0.191500 0.085400 0.262600 0.167400 0.125900 0.067100 0.049700 0.000000 0.123500 0.105400 0.107300 0.087500
Klipspring 0.104300 0.280200 0.067600 0.215500 0.067600 0.104300 0.085100 0.049500 0.068800 0.165400 0.067100 0.068800 0.049500 0.067500 0.049500 0.067000 0.086700 0.105800 0.049300 0.068800 0.066400 0.103300 0.125000 0.124300 0.085000 0.125400 0.049500 0.068800 0.067200 0.068800 0.165400 0.067100 0.167200 0.085300 0.084900 0.032900 0.067100 0.050200 0.085100 0.166800 0.125000 0.067000 0.187400 0.104600 0.032900 0.049500 0.085400 0.123500 0.000000 0.086300 0.087800 0.068800
ForestMusk 0.086500 0.157100 0.015900 0.125300 0.050400 0.086500 0.067700 0.032800 0.016200 0.102700 0.050000 0.086900 0.032800 0.050300 0.032800 0.050000 0.032400 0.049300 0.067700 0.016200 0.049500 0.085600 0.066500 0.066200 0.067700 0.067700 0.032800 0.016200 0.050100 0.016200 0.102700 0.050000 0.060600 0.067900 0.067600 0.049800 0.050000 0.068800 0.067700 0.103400 0.066500 0.050000 0.121900 0.048800 0.049800 0.032800 0.068000 0.105400 0.086300 0.000000 0.033000 0.016200
Bushbuck 0.088200 0.207300 0.016200 0.150100 0.033600 0.088200 0.069000 0.033400 0.016100 0.146200 0.051000 0.088500 0.033400 0.051300 0.033400 0.050900 0.068900 0.087500 0.068900 0.016200 0.050400 0.087200 0.106400 0.105700 0.068900 0.108800 0.033400 0.016200 0.033400 0.016200 0.146200 0.050900 0.105600 0.069100 0.050700 0.050700 0.051000 0.051600 0.069000 0.147500 0.106400 0.050900 0.167600 0.086600 0.050700 0.033400 0.069200 0.107300 0.087800 0.033000 0.000000 0.016100
GreaterKud 0.069100 0.183400 0.000100 0.128200 0.033500 0.069100 0.050700 0.016400 0.000000 0.125000 0.033300 0.069300 0.016400 0.033500 0.016400 0.033300 0.050600 0.068600 0.050600 0.000000 0.032900 0.068300 0.086700 0.086200 0.050600 0.088600 0.016400 0.000000 0.033300 0.000000 0.125000 0.033300 0.085200 0.050800 0.050600 0.033200 0.033300 0.051500 0.050700 0.126000 0.086700 0.033300 0.145400 0.067800 0.033200 0.016400 0.050900 0.087500 0.068800 0.016200 0.016100 0.000000
