1
52 1
Argali 0.000000 0.325000 0.114600 0.319200 0.083200 0.013500 0.075200 0.094500 0.110600 0.141200 0.031300 0.097100 0.073300 0.098300 0.113500 0.095600 0.156100 0.146400 0.051200 0.115500 0.087500 0.019000 0.134500 0.142300 0.045200 0.112000 0.070500 0.126600 0.105900 0.119200 0.136600 0.079200 0.172600 0.071500 0.095700 0.105400 0.035400 0.089100 0.097000 0.143900 0.139500 0.109000 0.143800 0.133000 0.105200 0.083800 0.136700 0.106900 0.119500 0.130600 0.115000 0.120700
LesserMous 0.325000 0.000000 0.336700 0.348900 0.324800 0.330100 0.308500 0.291200 0.328700 0.304200 0.333700 0.322800 0.336000 0.338700 0.334200 0.329900 0.294300 0.308300 0.337500 0.333800 0.318000 0.333600 0.299300 0.310300 0.340600 0.329100 0.334500 0.346300 0.330600 0.342800 0.314000 0.323600 0.326900 0.335800 0.343300 0.321100 0.334500 0.326200 0.339300 0.324700 0.313600 0.321600 0.312500 0.303100 0.322600 0.338400 0.376400 0.351600 0.350800 0.343800 0.329900 0.342800
LesserKudu 0.114600 0.336700 0.000000 0.346000 0.122800 0.117400 0.108600 0.125300 0.023300 0.159300 0.121900 0.073700 0.117100 0.127700 0.135800 0.131000 0.156800 0.150300 0.125500 0.024800 0.127300 0.120900 0.157000 0.157000 0.132200 0.143200 0.120400 0.032800 0.127400 0.033000 0.159300 0.108000 0.164000 0.118200 0.138200 0.089000 0.121600 0.127400 0.133000 0.166600 0.165100 0.136900 0.165200 0.152500 0.088800 0.122100 0.181400 0.141100 0.151100 0.157800 0.024700 0.027400
KillerWhal 0.319200 0.348900 0.346000 0.000000 0.329600 0.318600 0.322700 0.344400 0.343200 0.361800 0.331000 0.331300 0.347900 0.342400 0.343100 0.325600 0.330900 0.328600 0.326900 0.340600 0.333100 0.330900 0.340200 0.341200 0.330100 0.349400 0.348400 0.346400 0.330100 0.347300 0.366100 0.317100 0.371100 0.344600 0.363200 0.333000 0.326400 0.334900 0.352800 0.366900 0.333500 0.345400 0.353200 0.345600 0.324900 0.336800 0.392400 0.350900 0.343500 0.352800 0.348400 0.345700
DefassaWat 0.083200 0.324800 0.122800 0.329600 0.000000 0.090400 0.083000 0.110100 0.126500 0.157700 0.088900 0.100500 0.099000 0.109400 0.117100 0.108500 0.160000 0.140800 0.093700 0.125300 0.101700 0.080400 0.149200 0.149200 0.106500 0.125000 0.099200 0.136600 0.117200 0.129100 0.153000 0.090000 0.171800 0.098600 0.117700 0.105800 0.096100 0.031700 0.102400 0.169900 0.154300 0.121900 0.165200 0.143000 0.102600 0.090200 0.167300 0.111900 0.121500 0.146800 0.127800 0.130600
Sheep 0.013500 0.330100 0.117400 0.318600 0.090400 0.000000 0.078000 0.104900 0.113400 0.147200 0.036800 0.102900 0.073100 0.101100 0.116400 0.100300 0.159000 0.149200 0.053900 0.115300 0.092000 0.024500 0.143500 0.148200 0.050700 0.119600 0.070400 0.126400 0.113400 0.122100 0.139400 0.082000 0.181800 0.071400 0.098500 0.111200 0.036800 0.094800 0.104700 0.153000 0.148500 0.116500 0.153000 0.139000 0.111000 0.092600 0.145700 0.109700 0.128500 0.133300 0.117800 0.123500
MaxwellsDu 0.075200 0.308500 0.108600 0.322700 0.083000 0.078000 0.000000 0.078100 0.106000 0.141600 0.079400 0.084900 0.081900 0.055100 0.096600 0.083900 0.145700 0.134500 0.088700 0.107900 0.077100 0.075400 0.133300 0.127100 0.094100 0.095700 0.082000 0.114600 0.085100 0.114800 0.137000 0.036400 0.152900 0.086000 0.100300 0.087000 0.083600 0.084400 0.079100 0.144300 0.144700 0.089700 0.147600 0.124100 0.086900 0.073100 0.123100 0.097800 0.092100 0.137300 0.107400 0.113200
GazellaPrz 0.094500 0.291200 0.125300 0.344400 0.110100 0.104900 0.078100 0.000000 0.128900 0.153800 0.106400 0.109100 0.101500 0.104300 0.113600 0.078300 0.162500 0.152700 0.114400 0.127900 0.068600 0.102300 0.142400 0.145400 0.112100 0.084000 0.101700 0.137400 0.079500 0.133200 0.158700 0.086600 0.169400 0.105600 0.131200 0.111400 0.110600 0.107000 0.076400 0.153300 0.147300 0.078100 0.163000 0.145500 0.114300 0.089800 0.122700 0.134400 0.114800 0.143000 0.130300 0.134600
MountainNy 0.110600 0.328700 0.023300 0.343200 0.126500 0.113400 0.106000 0.128900 0.000000 0.153300 0.117800 0.071100 0.116200 0.125100 0.137800 0.128600 0.154300 0.147800 0.124500 0.012400 0.127900 0.112300 0.151200 0.146500 0.128200 0.142300 0.114800 0.023300 0.124900 0.031600 0.153400 0.105400 0.161500 0.115600 0.134100 0.083400 0.117600 0.131100 0.128900 0.154500 0.159300 0.136000 0.159300 0.143500 0.083300 0.116400 0.180500 0.140100 0.155000 0.156800 0.015100 0.020600
MuntiacusM 0.141200 0.304200 0.159300 0.361800 0.157700 0.147200 0.141600 0.153800 0.153300 0.000000 0.145400 0.134700 0.153700 0.145100 0.155300 0.166300 0.153600 0.145400 0.155500 0.158800 0.157900 0.147700 0.062700 0.074400 0.154500 0.177300 0.153900 0.166900 0.180300 0.157400 0.026000 0.140800 0.172100 0.161000 0.179500 0.150100 0.149700 0.164100 0.168900 0.106900 0.075200 0.174100 0.034300 0.071600 0.146600 0.147700 0.211900 0.162000 0.182200 0.161100 0.161400 0.164100
goat 0.031300 0.333700 0.121900 0.331000 0.088900 0.036800 0.079400 0.106400 0.117800 0.145400 0.000000 0.107300 0.071700 0.105500 0.114700 0.103300 0.165200 0.148900 0.063900 0.122800 0.096500 0.031400 0.141900 0.149700 0.024300 0.115000 0.070300 0.130900 0.111900 0.126500 0.144000 0.086400 0.170500 0.071400 0.099900 0.114200 0.033900 0.097700 0.103100 0.154400 0.150000 0.114900 0.154400 0.140400 0.115500 0.091000 0.144000 0.108200 0.117500 0.141000 0.122300 0.128000
AfricanBuf 0.097100 0.322800 0.073700 0.331300 0.100500 0.102900 0.084900 0.109100 0.071100 0.134700 0.107300 0.000000 0.104100 0.102300 0.117600 0.118100 0.129000 0.121200 0.104700 0.069800 0.109700 0.103300 0.131100 0.135800 0.122300 0.130200 0.104200 0.083900 0.125300 0.081100 0.142600 0.088900 0.145700 0.105100 0.113700 0.061200 0.114700 0.102000 0.119900 0.153100 0.145500 0.124000 0.150100 0.132800 0.058200 0.102800 0.166400 0.111000 0.129800 0.131900 0.072400 0.078100
Topi 0.073300 0.336000 0.117100 0.347900 0.099000 0.073100 0.081900 0.101500 0.116200 0.153700 0.071700 0.104100 0.000000 0.102400 0.119300 0.109000 0.160800 0.153900 0.086700 0.118100 0.108300 0.070500 0.142000 0.143600 0.086100 0.124000 0.022100 0.126300 0.119300 0.121800 0.147400 0.087500 0.176000 0.024700 0.076500 0.118800 0.077400 0.100500 0.108900 0.153000 0.153400 0.117900 0.158100 0.134300 0.118600 0.092100 0.140900 0.105000 0.133000 0.144400 0.120600 0.123300
CommonDuik 0.098300 0.338700 0.127700 0.342400 0.109400 0.101100 0.055100 0.104300 0.125100 0.145100 0.105500 0.102300 0.102400 0.000000 0.108000 0.099600 0.163700 0.155300 0.112000 0.130300 0.098800 0.098500 0.141300 0.136800 0.120400 0.120600 0.102500 0.130600 0.097800 0.134000 0.142000 0.043300 0.161000 0.106400 0.118000 0.104500 0.105300 0.107800 0.102600 0.160500 0.151100 0.108500 0.147700 0.133800 0.110500 0.088900 0.140600 0.109200 0.115600 0.140800 0.129700 0.135500
Suni 0.113500 0.334200 0.135800 0.343100 0.117100 0.116400 0.096600 0.113600 0.137800 0.155300 0.114700 0.117600 0.119300 0.108000 0.000000 0.116400 0.164400 0.163900 0.116700 0.141600 0.115700 0.110600 0.153100 0.154700 0.125300 0.133400 0.116400 0.148200 0.123700 0.138900 0.158500 0.096100 0.186200 0.120300 0.122900 0.128000 0.122200 0.112400 0.124400 0.179200 0.167800 0.127000 0.167700 0.158100 0.124500 0.100800 0.165100 0.112300 0.129900 0.155500 0.142500 0.145300
Springbuck 0.095600 0.329900 0.131000 0.325600 0.108500 0.100300 0.083900 0.078300 0.128600 0.166300 0.103300 0.118100 0.109000 0.099600 0.116400 0.000000 0.160600 0.154000 0.115700 0.124400 0.068400 0.100700 0.159400 0.160700 0.113500 0.072100 0.103000 0.129400 0.046500 0.137400 0.159900 0.087900 0.167300 0.110000 0.112300 0.117300 0.107500 0.112900 0.076200 0.170500 0.161100 0.066400 0.177300 0.159400 0.114000 0.097100 0.117800 0.120400 0.123900 0.145800 0.126900 0.138800
Okapi 0.156100 0.294300 0.156800 0.330900 0.160000 0.159000 0.145700 0.162500 0.154300 0.153600 0.165200 0.129000 0.160800 0.163700 0.164400 0.160600 0.000000 0.058400 0.169200 0.156500 0.160200 0.162800 0.143800 0.159600 0.177700 0.168400 0.157800 0.162900 0.168200 0.161600 0.160300 0.156000 0.153300 0.158500 0.166900 0.135900 0.161700 0.161500 0.177800 0.167900 0.155100 0.168400 0.166000 0.150200 0.129400 0.153100 0.217800 0.161300 0.183000 0.163500 0.158900 0.158500
Giraffe 0.146400 0.308300 0.150300 0.328600 0.140800 0.149200 0.134500 0.152700 0.147800 0.145400 0.148900 0.121200 0.153900 0.155300 0.163900 0.154000 0.058400 0.000000 0.162400 0.146800 0.151900 0.149700 0.135800 0.140300 0.162800 0.166400 0.154200 0.153200 0.163000 0.155000 0.144100 0.141500 0.140500 0.158000 0.169900 0.132900 0.151800 0.151700 0.159500 0.153000 0.145500 0.163200 0.157500 0.134300 0.124800 0.148100 0.203700 0.165800 0.175900 0.158400 0.149200 0.145600
TibetanAnt 0.051200 0.337500 0.125500 0.326900 0.093700 0.053900 0.088700 0.114400 0.124500 0.155500 0.063900 0.104700 0.086700 0.112000 0.116700 0.115700 0.169200 0.162400 0.000000 0.126400 0.111900 0.057000 0.151800 0.150300 0.075200 0.130700 0.083900 0.137600 0.124400 0.130100 0.147700 0.095700 0.187400 0.084800 0.100400 0.111600 0.065200 0.098100 0.108100 0.158200 0.161600 0.127600 0.164600 0.144100 0.114500 0.091400 0.160300 0.117700 0.128900 0.147800 0.128900 0.134700
Sitatunga 0.115500 0.333800 0.024800 0.340600 0.125300 0.115300 0.107900 0.127900 0.012400 0.158800 0.122800 0.069800 0.118100 0.130300 0.141600 0.124400 0.156500 0.146800 0.126400 0.000000 0.123700 0.120300 0.153400 0.151800 0.133200 0.141300 0.119800 0.024700 0.123900 0.033200 0.155700 0.110400 0.163700 0.117500 0.139300 0.088200 0.121100 0.130000 0.127800 0.163100 0.161600 0.135000 0.164800 0.148800 0.088000 0.119900 0.182700 0.142200 0.157200 0.162200 0.016500 0.022000
Oribi 0.087500 0.318000 0.127300 0.333100 0.101700 0.092000 0.077100 0.068600 0.127900 0.157900 0.096500 0.109700 0.108300 0.098800 0.115700 0.068400 0.160200 0.151900 0.111900 0.123700 0.000000 0.090900 0.149400 0.147800 0.108200 0.071200 0.105300 0.127200 0.074000 0.127500 0.159600 0.081100 0.167100 0.104800 0.133600 0.122900 0.102300 0.106100 0.060700 0.165400 0.154400 0.068300 0.167000 0.147900 0.122700 0.082900 0.117200 0.127400 0.115500 0.146900 0.126100 0.130500
BarbaryShe 0.019000 0.333600 0.120900 0.330900 0.080400 0.024500 0.075400 0.102300 0.112300 0.147700 0.031400 0.103300 0.070500 0.098500 0.110600 0.100700 0.162800 0.149700 0.057000 0.120300 0.090900 0.000000 0.140900 0.142500 0.045300 0.117000 0.067700 0.128400 0.110900 0.125600 0.143100 0.079400 0.176100 0.068800 0.095900 0.108600 0.035500 0.090700 0.095900 0.147300 0.149100 0.114000 0.153500 0.133300 0.108400 0.088500 0.143200 0.107100 0.119700 0.130800 0.121300 0.122400
Daviddeer 0.134500 0.299300 0.157000 0.340200 0.149200 0.143500 0.133300 0.142400 0.151200 0.062700 0.141900 0.131100 0.142000 0.141300 0.153100 0.159400 0.143800 0.135800 0.151800 0.153400 0.149400 0.140900 0.000000 0.059700 0.150900 0.168700 0.139100 0.161500 0.163700 0.161800 0.061300 0.137100 0.161900 0.143000 0.170500 0.140000 0.146300 0.150700 0.155500 0.084300 0.023000 0.162300 0.077000 0.056900 0.136600 0.135900 0.194600 0.156600 0.168600 0.157400 0.156000 0.160300
Reindeer 0.142300 0.310300 0.157000 0.341200 0.149200 0.148200 0.127100 0.145400 0.146500 0.074400 0.149700 0.135800 0.143600 0.136800 0.154700 0.160700 0.159600 0.140300 0.150300 0.151800 0.147800 0.142500 0.059700 0.000000 0.158800 0.168500 0.137500 0.160100 0.171400 0.163400 0.064300 0.130900 0.157100 0.144500 0.168800 0.141500 0.152500 0.152300 0.149000 0.072700 0.066400 0.162200 0.087500 0.016300 0.138100 0.129800 0.192900 0.161500 0.175200 0.144700 0.154400 0.155600
Ibex 0.045200 0.340600 0.132200 0.330100 0.106500 0.050700 0.094100 0.112100 0.128200 0.154500 0.024300 0.122300 0.086100 0.120400 0.125300 0.113500 0.177700 0.162800 0.075200 0.133200 0.108200 0.045300 0.150900 0.158800 0.000000 0.123700 0.083300 0.141200 0.120600 0.130700 0.156200 0.101100 0.182900 0.085800 0.118100 0.129400 0.047800 0.112500 0.115000 0.160400 0.152800 0.120700 0.169900 0.149500 0.127500 0.099800 0.157700 0.126100 0.135700 0.157900 0.132600 0.136800
GyrantGaze 0.112000 0.329100 0.143200 0.349400 0.125000 0.119600 0.095700 0.084000 0.142300 0.177300 0.115000 0.130200 0.124000 0.120600 0.133400 0.072100 0.168400 0.166400 0.130700 0.141300 0.071200 0.117000 0.168700 0.168500 0.123700 0.000000 0.121100 0.143100 0.083400 0.148000 0.182300 0.105700 0.175100 0.128100 0.146600 0.140500 0.123900 0.128000 0.087900 0.176600 0.173600 0.024300 0.189800 0.168700 0.138600 0.107600 0.134400 0.133900 0.132700 0.174000 0.137400 0.149500
Hartebeest 0.070500 0.334500 0.120400 0.348400 0.099200 0.070400 0.082000 0.101700 0.114800 0.153900 0.070300 0.104200 0.022100 0.102500 0.116400 0.103000 0.157800 0.154200 0.083900 0.119800 0.105300 0.067700 0.139100 0.137500 0.083300 0.121100 0.000000 0.128000 0.113400 0.126700 0.147600 0.087600 0.173000 0.019200 0.075200 0.115800 0.077500 0.097600 0.107600 0.146900 0.150400 0.115000 0.158300 0.128200 0.112500 0.092300 0.142600 0.106600 0.127000 0.144700 0.122300 0.125000
Bongo 0.126600 0.346300 0.032800 0.346400 0.136600 0.126400 0.114600 0.137400 0.023300 0.166900 0.130900 0.083900 0.126300 0.130600 0.148200 0.129400 0.162900 0.153200 0.137600 0.024700 0.127200 0.128400 0.161500 0.160100 0.141200 0.143100 0.128000 0.000000 0.122700 0.038400 0.167000 0.117000 0.162100 0.125700 0.144300 0.099400 0.124500 0.141200 0.134300 0.174300 0.169600 0.136800 0.172900 0.158600 0.099200 0.126600 0.185800 0.153400 0.162100 0.165400 0.027400 0.024500
Gerenuk 0.105900 0.330600 0.127400 0.330100 0.117200 0.113400 0.085100 0.079500 0.124900 0.180300 0.111900 0.125300 0.119300 0.097800 0.123700 0.046500 0.168200 0.163000 0.124400 0.123900 0.074000 0.110900 0.163700 0.171400 0.120600 0.083400 0.113400 0.122700 0.000000 0.130600 0.183600 0.089100 0.155800 0.120300 0.127400 0.127700 0.116100 0.120100 0.073100 0.178000 0.165400 0.074700 0.189500 0.166900 0.124400 0.101300 0.127900 0.132200 0.124900 0.159400 0.123300 0.135100
CommonElan 0.119200 0.342800 0.033000 0.347300 0.129100 0.122100 0.114800 0.133200 0.031600 0.157400 0.126500 0.081100 0.121800 0.134000 0.138900 0.137400 0.161600 0.155000 0.130100 0.033200 0.127500 0.125600 0.161800 0.163400 0.130700 0.148000 0.126700 0.038400 0.130600 0.000000 0.160900 0.117300 0.168700 0.124400 0.146200 0.096500 0.126300 0.133700 0.142600 0.173000 0.169900 0.141700 0.163300 0.157200 0.099400 0.125300 0.192800 0.142700 0.164000 0.165800 0.033100 0.027400
MuntiacusR 0.136600 0.314000 0.159300 0.366100 0.153000 0.139400 0.137000 0.158700 0.153400 0.026000 0.144000 0.142600 0.147400 0.142000 0.158500 0.159900 0.160300 0.144100 0.147700 0.155700 0.159600 0.143100 0.061300 0.064300 0.156200 0.182300 0.147600 0.167000 0.183600 0.160900 0.000000 0.139400 0.173700 0.154600 0.172900 0.145300 0.146700 0.159400 0.167500 0.099500 0.070900 0.179000 0.041300 0.064400 0.145100 0.141400 0.203600 0.167000 0.184000 0.156300 0.161400 0.164100
HarveysDui 0.079200 0.323600 0.108000 0.317100 0.090000 0.082000 0.036400 0.086600 0.105400 0.140800 0.086400 0.088900 0.087500 0.043300 0.096100 0.087900 0.156000 0.141500 0.095700 0.110400 0.081100 0.079400 0.137100 0.130900 0.101100 0.105700 0.087600 0.117000 0.089100 0.117300 0.139400 0.000000 0.150300 0.088600 0.104300 0.091100 0.092200 0.094500 0.086200 0.151300 0.143800 0.099600 0.143500 0.128000 0.093900 0.075700 0.128600 0.092900 0.099200 0.135000 0.109900 0.115600
Pronghorn 0.172600 0.326900 0.164000 0.371100 0.171800 0.181800 0.152900 0.169400 0.161500 0.172100 0.170500 0.145700 0.176000 0.161000 0.186200 0.167300 0.153300 0.140500 0.187400 0.163700 0.167100 0.176100 0.161900 0.157100 0.182900 0.175100 0.173000 0.162100 0.155800 0.168700 0.173700 0.150300 0.000000 0.180100 0.182300 0.166000 0.181300 0.176600 0.173200 0.182800 0.171700 0.171900 0.174700 0.163700 0.159200 0.164900 0.226100 0.181400 0.191600 0.172200 0.159700 0.168700
BlueWildeb 0.071500 0.335800 0.118200 0.344600 0.098600 0.071400 0.086000 0.105600 0.115600 0.161000 0.071400 0.105100 0.024700 0.106400 0.120300 0.110000 0.158500 0.158000 0.084800 0.117500 0.104800 0.068800 0.143000 0.144500 0.085800 0.128100 0.019200 0.125700 0.120300 0.124400 0.154600 0.088600 0.180100 0.000000 0.077700 0.119700 0.075600 0.101500 0.105400 0.153900 0.154300 0.121900 0.165400 0.135200 0.119500 0.096200 0.148000 0.109000 0.134000 0.145300 0.120100 0.122700
Gemsbok 0.095700 0.343300 0.138200 0.363200 0.117700 0.098500 0.100300 0.131200 0.134100 0.179500 0.099900 0.113700 0.076500 0.118000 0.122900 0.112300 0.166900 0.169900 0.100400 0.139300 0.133600 0.095900 0.170500 0.168800 0.118100 0.146600 0.075200 0.144300 0.127400 0.146200 0.172900 0.104300 0.182300 0.077700 0.000000 0.119300 0.104200 0.119100 0.126500 0.185300 0.182100 0.137100 0.187400 0.162400 0.119000 0.112300 0.163900 0.114500 0.141700 0.163000 0.138600 0.144500
Yak 0.105400 0.321100 0.089000 0.333000 0.105800 0.111200 0.087000 0.111400 0.083400 0.150100 0.114200 0.061200 0.118800 0.104500 0.128000 0.117300 0.135900 0.132900 0.111600 0.088200 0.122900 0.108600 0.140000 0.141500 0.129400 0.140500 0.115800 0.099400 0.127700 0.096500 0.145300 0.091100 0.166000 0.119700 0.119300 0.000000 0.120100 0.110400 0.122300 0.152600 0.146600 0.134200 0.156000 0.138500 0.022500 0.109700 0.172400 0.125700 0.134000 0.147000 0.087800 0.093500
BlueSheep 0.035400 0.334500 0.121600 0.326400 0.096100 0.036800 0.083600 0.110600 0.117600 0.149700 0.033900 0.114700 0.077400 0.105300 0.122200 0.107500 0.161700 0.151800 0.065200 0.121100 0.102300 0.035500 0.146300 0.152500 0.047800 0.123900 0.077500 0.124500 0.116100 0.126300 0.146700 0.092200 0.181300 0.075600 0.104200 0.120100 0.000000 0.105000 0.109000 0.158900 0.154400 0.117800 0.161900 0.143200 0.119900 0.093900 0.148400 0.115300 0.129600 0.140700 0.122000 0.124700
BohorReedb 0.089100 0.326200 0.127400 0.334900 0.031700 0.094800 0.084400 0.107000 0.131100 0.164100 0.097700 0.102000 0.100500 0.107800 0.112400 0.112900 0.161500 0.151700 0.098100 0.130000 0.106100 0.090700 0.150700 0.152300 0.112500 0.128000 0.097600 0.141200 0.120100 0.133700 0.159400 0.094500 0.176600 0.101500 0.119100 0.110400 0.105000 0.000000 0.105400 0.176300 0.155700 0.124900 0.171700 0.149300 0.104000 0.087200 0.164000 0.107300 0.124500 0.145100 0.132500 0.138300
KirksDik 0.097000 0.339300 0.133000 0.352800 0.102400 0.104700 0.079100 0.076400 0.128900 0.168900 0.103100 0.119900 0.108900 0.102600 0.124400 0.076200 0.177800 0.159500 0.108100 0.127800 0.060700 0.095900 0.155500 0.149000 0.115000 0.087900 0.107600 0.134300 0.073100 0.142600 0.167500 0.086200 0.173200 0.105400 0.126500 0.122300 0.109000 0.105400 0.000000 0.160000 0.160400 0.082000 0.178200 0.145900 0.118900 0.086300 0.118100 0.133000 0.119400 0.152700 0.131900 0.139200
RoeDeer 0.143900 0.324700 0.166600 0.366900 0.169900 0.153000 0.144300 0.153300 0.154500 0.106900 0.154400 0.153100 0.153000 0.160500 0.179200 0.170500 0.167900 0.153000 0.158200 0.163100 0.165400 0.147300 0.084300 0.072700 0.160400 0.176600 0.146900 0.174300 0.178000 0.173000 0.099500 0.151300 0.182800 0.153900 0.185300 0.152600 0.158900 0.176300 0.160000 0.000000 0.091000 0.170100 0.123400 0.069900 0.149100 0.143700 0.202900 0.182600 0.181600 0.179800 0.165500 0.171500
WhiteLippe 0.139500 0.313600 0.165100 0.333500 0.154300 0.148500 0.144700 0.147300 0.159300 0.075200 0.150000 0.145500 0.153400 0.151100 0.167800 0.161100 0.155100 0.145500 0.161600 0.161600 0.154400 0.149100 0.023000 0.066400 0.152800 0.173600 0.150400 0.169600 0.165400 0.169900 0.070900 0.143800 0.171700 0.154300 0.182100 0.146600 0.154400 0.155700 0.160400 0.091000 0.000000 0.167200 0.089500 0.063600 0.143200 0.144100 0.199500 0.171200 0.180000 0.171900 0.164100 0.168400
ThomsonGaz 0.109000 0.321600 0.136900 0.345400 0.121900 0.116500 0.089700 0.078100 0.136000 0.174100 0.114900 0.124000 0.117900 0.108500 0.127000 0.066400 0.168400 0.163200 0.127600 0.135000 0.068300 0.114000 0.162300 0.162200 0.120700 0.024300 0.115000 0.136800 0.074700 0.141700 0.179000 0.099600 0.171900 0.121900 0.137100 0.134200 0.117800 0.124900 0.082000 0.170100 0.167200 0.000000 0.186500 0.162300 0.132300 0.101500 0.134300 0.137000 0.122000 0.167600 0.134300 0.146300
MuntiacusC 0.143800 0.312500 0.165200 0.353200 0.165200 0.153000 0.147600 0.163000 0.159300 0.034300 0.154400 0.150100 0.158100 0.147700 0.167700 0.177300 0.166000 0.157500 0.164600 0.164800 0.167000 0.153500 0.077000 0.087500 0.169900 0.189800 0.158300 0.172900 0.189500 0.163300 0.041300 0.143500 0.174700 0.165400 0.187400 0.156000 0.161900 0.171700 0.178200 0.123400 0.089500 0.186500 0.000000 0.084600 0.155800 0.153600 0.216300 0.177600 0.184900 0.165400 0.167400 0.170100
WhiteTaile 0.133000 0.303100 0.152500 0.345600 0.143000 0.139000 0.124100 0.145500 0.143500 0.071600 0.140400 0.132800 0.134300 0.133800 0.158100 0.159400 0.150200 0.134300 0.144100 0.148800 0.147900 0.133300 0.056900 0.016300 0.149500 0.168700 0.128200 0.158600 0.166900 0.157200 0.064400 0.128000 0.163700 0.135200 0.162400 0.138500 0.143200 0.149300 0.145900 0.069900 0.063600 0.162300 0.084600 0.000000 0.135100 0.126800 0.186500 0.155400 0.172100 0.148100 0.151400 0.154100
Cattle 0.105200 0.322600 0.088800 0.324900 0.102600 0.111000 0.086900 0.114300 0.083300 0.146600 0.115500 0.058200 0.118600 0.110500 0.124500 0.114000 0.129400 0.124800 0.114500 0.088000 0.122700 0.108400 0.136600 0.138100 0.127500 0.138600 0.112500 0.099200 0.124400 0.099400 0.145100 0.093900 0.159200 0.119500 0.119000 0.022500 0.119900 0.104000 0.118900 0.149100 0.143200 0.132300 0.155800 0.135100 0.000000 0.109500 0.165600 0.122400 0.129000 0.146700 0.087600 0.093300
RoyalAntel 0.083800 0.338400 0.122100 0.336800 0.090200 0.092600 0.073100 0.089800 0.116400 0.147700 0.091000 0.102800 0.092100 0.088900 0.100800 0.097100 0.153100 0.148100 0.091400 0.119900 0.082900 0.088500 0.135900 0.129800 0.099800 0.107600 0.092300 0.126600 0.101300 0.125300 0.141400 0.075700 0.164900 0.096200 0.112300 0.109700 0.093900 0.087200 0.086300 0.143700 0.144100 0.101500 0.153600 0.126800 0.109500 0.000000 0.133600 0.105100 0.102500 0.132100 0.124000 0.125200
Steenbok 0.136700 0.376400 0.181400 0.392400 0.167300 0.145700 0.123100 0.122700 0.180500 0.211900 0.144000 0.166400 0.140900 0.140600 0.165100 0.117800 0.217800 0.203700 0.160300 0.182700 0.117200 0.143200 0.194600 0.192900 0.157700 0.134400 0.142600 0.185800 0.127900 0.192800 0.203600 0.128600 0.226100 0.148000 0.163900 0.172400 0.148400 0.164000 0.118100 0.202900 0.199500 0.134300 0.216300 0.186500 0.165600 0.133600 0.000000 0.166900 0.177100 0.194900 0.185100 0.187800
Impala 0.106900 0.351600 0.141100 0.350900 0.111900 0.109700 0.097800 0.134400 0.140100 0.162000 0.108200 0.111000 0.105000 0.109200 0.112300 0.120400 0.161300 0.165800 0.117700 0.142200 0.127400 0.107100 0.156600 0.161500 0.126100 0.133900 0.106600 0.153400 0.132200 0.142700 0.167000 0.092900 0.181400 0.109000 0.114500 0.125700 0.115300 0.107300 0.133000 0.182600 0.171200 0.137000 0.177600 0.155400 0.122400 0.105100 0.166900 0.000000 0.133700 0.157500 0.141500 0.150500
Klipspring 0.119500 0.350800 0.151100 0.343500 0.121500 0.128500 0.092100 0.114800 0.155000 0.182200 0.117500 0.129800 0.133000 0.115600 0.129900 0.123900 0.183000 0.175900 0.128900 0.157200 0.115500 0.119700 0.168600 0.175200 0.135700 0.132700 0.127000 0.162100 0.124900 0.164000 0.184000 0.099200 0.191600 0.134000 0.141700 0.134000 0.129600 0.124500 0.119400 0.181600 0.180000 0.122000 0.184900 0.172100 0.129000 0.102500 0.177100 0.133700 0.000000 0.170800 0.156300 0.162300
ForestMusk 0.130600 0.343800 0.157800 0.352800 0.146800 0.133300 0.137300 0.143000 0.156800 0.161100 0.141000 0.131900 0.144400 0.140800 0.155500 0.145800 0.163500 0.158400 0.147800 0.162200 0.146900 0.130800 0.157400 0.144700 0.157900 0.174000 0.144700 0.165400 0.159400 0.165800 0.156300 0.135000 0.172200 0.145300 0.163000 0.147000 0.140700 0.145100 0.152700 0.179800 0.171900 0.167600 0.165400 0.148100 0.146700 0.132100 0.194900 0.157500 0.170800 0.000000 0.158300 0.156200
Bushbuck 0.115000 0.329900 0.024700 0.348400 0.127800 0.117800 0.107400 0.130300 0.015100 0.161400 0.122300 0.072400 0.120600 0.129700 0.142500 0.126900 0.158900 0.149200 0.128900 0.016500 0.126100 0.121300 0.156000 0.154400 0.132600 0.137400 0.122300 0.027400 0.123300 0.033100 0.161400 0.109900 0.159700 0.120100 0.138600 0.087800 0.122000 0.132500 0.131900 0.165500 0.164100 0.134300 0.167400 0.151400 0.087600 0.124000 0.185100 0.141500 0.156300 0.158300 0.000000 0.024700
GreaterKud 0.120700 0.342800 0.027400 0.345700 0.130600 0.123500 0.113200 0.134600 0.020600 0.164100 0.128000 0.078100 0.123300 0.135500 0.145300 0.138800 0.158500 0.145600 0.134700 0.022000 0.130500 0.122400 0.160300 0.155600 0.136800 0.149500 0.125000 0.024500 0.135100 0.027400 0.164100 0.115600 0.168700 0.122700 0.144500 0.093500 0.124700 0.138300 0.139200 0.171500 0.168400 0.146300 0.170100 0.154100 0.093300 0.125200 0.187800 0.150500 0.162300 0.156200 0.024700 0.000000
