1
52 1
Argali 0.000000 0.179000 0.084400 0.246300 0.077100 0.003200 0.049500 0.059800 0.073600 0.117300 0.025800 0.059400 0.052400 0.052600 0.049200 0.056100 0.098400 0.084000 0.039100 0.084200 0.063500 0.025800 0.070000 0.069800 0.025800 0.069800 0.045700 0.084200 0.059500 0.070300 0.121000 0.062800 0.063300 0.052600 0.032400 0.062700 0.022600 0.066600 0.070000 0.087200 0.073400 0.070000 0.098600 0.063000 0.062600 0.063000 0.035900 0.079900 0.066600 0.105800 0.080900 0.084200
LesserMous 0.179000 0.000000 0.167700 0.276900 0.200700 0.179000 0.175300 0.182900 0.159600 0.196800 0.182600 0.170000 0.165400 0.158800 0.178900 0.181800 0.176200 0.160100 0.183300 0.163400 0.192100 0.182700 0.164300 0.159800 0.182900 0.181800 0.166300 0.155400 0.177900 0.164100 0.192300 0.182500 0.152900 0.174700 0.174100 0.153900 0.179200 0.192200 0.203400 0.175500 0.168000 0.182700 0.196000 0.152000 0.157700 0.195400 0.166400 0.198300 0.187400 0.192200 0.167900 0.179600
LesserKudu 0.084400 0.167700 0.000000 0.247800 0.103000 0.080800 0.084600 0.084800 0.022800 0.111200 0.077100 0.055500 0.070200 0.073700 0.073800 0.066800 0.099500 0.077800 0.084500 0.016200 0.088800 0.077200 0.084800 0.070600 0.077300 0.073700 0.063200 0.016200 0.077300 0.022800 0.107400 0.084300 0.081600 0.070300 0.066700 0.041700 0.073900 0.088500 0.095400 0.095200 0.077600 0.081100 0.096000 0.063600 0.045000 0.084500 0.073800 0.094700 0.088200 0.106800 0.026100 0.029400
KillerWhal 0.246300 0.276900 0.247800 0.000000 0.270600 0.250900 0.255300 0.261600 0.229900 0.268700 0.245800 0.233600 0.237900 0.255900 0.241900 0.269300 0.248400 0.235100 0.246900 0.238700 0.263500 0.246000 0.239600 0.234400 0.228800 0.264800 0.245700 0.229600 0.273900 0.239300 0.263700 0.264600 0.218600 0.254500 0.245800 0.229200 0.242200 0.251900 0.288600 0.247200 0.234600 0.266100 0.253400 0.226000 0.224600 0.270500 0.242800 0.277500 0.265300 0.259100 0.248300 0.256400
DefassaWat 0.077100 0.200700 0.103000 0.270600 0.000000 0.073600 0.081100 0.084700 0.099100 0.122000 0.076900 0.091400 0.084000 0.077300 0.080600 0.073800 0.117500 0.102700 0.084200 0.110100 0.088800 0.070000 0.095400 0.102300 0.077000 0.095000 0.076900 0.110000 0.084400 0.110500 0.118200 0.087900 0.103000 0.084200 0.073400 0.091200 0.073700 0.026000 0.088200 0.113100 0.098800 0.095400 0.102900 0.088000 0.087500 0.095200 0.059900 0.105500 0.084700 0.117700 0.106700 0.117500
Sheep 0.003200 0.179000 0.080800 0.250900 0.073600 0.000000 0.046100 0.063200 0.070200 0.113700 0.022500 0.056000 0.049100 0.049200 0.045700 0.052700 0.102100 0.087600 0.035800 0.080700 0.060100 0.022600 0.066600 0.073300 0.022600 0.066400 0.042300 0.080600 0.056100 0.073800 0.117400 0.059400 0.066800 0.049200 0.032400 0.059300 0.019400 0.063100 0.066500 0.090800 0.069900 0.066600 0.095000 0.059600 0.059200 0.059600 0.032600 0.083300 0.063100 0.102200 0.077400 0.080600
MaxwellsDu 0.049500 0.175300 0.084600 0.255300 0.081100 0.046100 0.000000 0.070400 0.070400 0.114400 0.042600 0.065500 0.049400 0.029300 0.046100 0.059600 0.088300 0.088100 0.049500 0.073900 0.067200 0.035900 0.066900 0.066800 0.042700 0.073500 0.049300 0.073800 0.056300 0.081200 0.118100 0.046000 0.070700 0.056300 0.032600 0.061900 0.039400 0.070500 0.073500 0.084300 0.077400 0.073700 0.102900 0.059900 0.061800 0.052900 0.046100 0.069500 0.056400 0.095700 0.077600 0.088000
GazellaPrz 0.059800 0.182900 0.084800 0.261600 0.084700 0.063200 0.070400 0.000000 0.081100 0.110800 0.059600 0.069600 0.059700 0.059700 0.063200 0.049300 0.106500 0.091900 0.066800 0.084600 0.056700 0.059700 0.084600 0.070400 0.059700 0.056100 0.052800 0.084600 0.052700 0.077800 0.114500 0.070100 0.084900 0.059800 0.046000 0.073000 0.056400 0.067100 0.063100 0.095000 0.073900 0.063200 0.092100 0.070400 0.072900 0.070300 0.042600 0.073400 0.066900 0.106700 0.088500 0.091800
MountainNy 0.073600 0.159600 0.022800 0.229900 0.099100 0.070200 0.070400 0.081100 0.000000 0.111000 0.066500 0.045000 0.059600 0.066600 0.063200 0.063100 0.092000 0.077700 0.066800 0.016200 0.077900 0.066600 0.077600 0.063500 0.066600 0.063100 0.052800 0.016100 0.066700 0.029400 0.107200 0.077100 0.070900 0.059800 0.056200 0.034800 0.063300 0.084700 0.094800 0.080900 0.067000 0.070300 0.092200 0.056600 0.038200 0.073700 0.063200 0.087400 0.080900 0.099400 0.019500 0.036000
MuntiacusM 0.117300 0.196800 0.111200 0.268700 0.122000 0.113700 0.114400 0.110800 0.111000 0.000000 0.109600 0.099300 0.102600 0.102900 0.113600 0.113900 0.122100 0.099800 0.117500 0.114700 0.122700 0.117100 0.056900 0.056800 0.117200 0.121300 0.102500 0.114600 0.125100 0.115100 0.009700 0.121300 0.103900 0.110100 0.106100 0.088300 0.113800 0.114400 0.121800 0.074100 0.053400 0.129300 0.022800 0.049900 0.081100 0.121600 0.106600 0.147100 0.125600 0.122400 0.111200 0.122100
goat 0.025800 0.182600 0.077100 0.245800 0.076900 0.022500 0.042600 0.059600 0.066500 0.109600 0.000000 0.052500 0.045600 0.045800 0.049000 0.049200 0.105400 0.090900 0.039000 0.077000 0.056500 0.012800 0.069800 0.069700 0.012800 0.062800 0.038900 0.076900 0.052600 0.077200 0.113300 0.055900 0.063100 0.045700 0.029000 0.055800 0.009600 0.066400 0.056000 0.094100 0.073200 0.063000 0.098300 0.062800 0.055700 0.056000 0.035800 0.079600 0.059500 0.091200 0.073700 0.084100
AfricanBuf 0.059400 0.170000 0.055500 0.233600 0.091400 0.056000 0.065500 0.069600 0.045000 0.099300 0.052500 0.000000 0.052500 0.051700 0.049200 0.058900 0.091500 0.073700 0.059500 0.055400 0.066300 0.052500 0.059800 0.052900 0.052600 0.058700 0.045700 0.055400 0.062300 0.055700 0.095600 0.062000 0.060000 0.052600 0.042400 0.025900 0.049300 0.073700 0.079900 0.076900 0.056300 0.065900 0.081000 0.046100 0.025900 0.066000 0.045000 0.086900 0.069500 0.088000 0.051800 0.062500
Topi 0.052400 0.165400 0.070200 0.237900 0.084000 0.049100 0.049400 0.059700 0.059600 0.102600 0.045600 0.052500 0.000000 0.039100 0.049100 0.042400 0.098300 0.083900 0.052500 0.070100 0.049700 0.045600 0.063000 0.056100 0.045700 0.056000 0.006400 0.070000 0.045800 0.073800 0.106200 0.055900 0.070100 0.012800 0.035600 0.049000 0.042400 0.066500 0.069800 0.080100 0.059500 0.056100 0.084200 0.049300 0.055700 0.056100 0.042500 0.072600 0.052700 0.091200 0.073800 0.084100
CommonDuik 0.052600 0.158800 0.073700 0.255900 0.077300 0.049200 0.029300 0.059700 0.066600 0.102900 0.045800 0.051700 0.039100 0.000000 0.049300 0.049200 0.091400 0.077200 0.052700 0.070100 0.056600 0.039100 0.063200 0.056200 0.045800 0.062800 0.039100 0.070000 0.052700 0.070300 0.106600 0.022500 0.066900 0.045900 0.035800 0.051700 0.042600 0.059800 0.069900 0.080400 0.066600 0.063100 0.091700 0.049400 0.051600 0.049300 0.042500 0.072900 0.052800 0.091600 0.066800 0.077100
Suni 0.049200 0.178900 0.073800 0.241900 0.080600 0.045700 0.046100 0.063200 0.063200 0.113600 0.049000 0.049200 0.049100 0.049300 0.000000 0.052700 0.087900 0.087600 0.042500 0.066800 0.060100 0.049000 0.073500 0.073300 0.049000 0.066400 0.042400 0.066700 0.049400 0.073900 0.117300 0.059400 0.073700 0.049200 0.032400 0.059300 0.045900 0.063100 0.073600 0.083800 0.069900 0.066600 0.095000 0.059600 0.059200 0.052800 0.039200 0.062800 0.056300 0.109400 0.070400 0.080700
Springbuck 0.056100 0.181800 0.066800 0.269300 0.073800 0.052700 0.059600 0.049300 0.063100 0.113900 0.049200 0.058900 0.042400 0.049200 0.052700 0.000000 0.095200 0.080800 0.056100 0.073600 0.046100 0.049200 0.080600 0.073500 0.049200 0.032400 0.035800 0.073500 0.009600 0.080900 0.117600 0.059400 0.073900 0.042500 0.039100 0.055300 0.046000 0.056400 0.052600 0.098100 0.077000 0.032500 0.095200 0.066600 0.062100 0.059500 0.032400 0.069600 0.056200 0.102400 0.077300 0.087800
Okapi 0.098400 0.176200 0.099500 0.248400 0.117500 0.102100 0.088300 0.106500 0.092000 0.122100 0.105400 0.091500 0.098300 0.091400 0.087900 0.095200 0.000000 0.026000 0.098700 0.095600 0.110800 0.105500 0.095400 0.080900 0.105500 0.102400 0.098200 0.095500 0.098900 0.095800 0.125900 0.109400 0.081400 0.105700 0.084000 0.077100 0.102200 0.102700 0.117400 0.091500 0.091700 0.102800 0.110500 0.074000 0.073500 0.102500 0.088000 0.105400 0.099100 0.117700 0.099500 0.110100
Giraffe 0.084000 0.160100 0.077800 0.235100 0.102700 0.087600 0.088100 0.091900 0.077700 0.099800 0.090900 0.073700 0.083900 0.077200 0.087600 0.080800 0.026000 0.000000 0.091300 0.081200 0.096000 0.091000 0.074000 0.059900 0.091100 0.087900 0.083900 0.081100 0.091400 0.074300 0.103500 0.094900 0.060300 0.091200 0.076800 0.056300 0.087700 0.088200 0.102600 0.077200 0.070400 0.088200 0.088600 0.053100 0.052800 0.095100 0.073800 0.105200 0.091700 0.095600 0.077800 0.088300
TibetanAnt 0.039100 0.183300 0.084500 0.246900 0.084200 0.035800 0.049500 0.066800 0.066800 0.117500 0.039000 0.059500 0.052500 0.052700 0.042500 0.056100 0.098700 0.091300 0.000000 0.077300 0.063600 0.039100 0.077100 0.076900 0.039100 0.069900 0.045800 0.077200 0.059600 0.084600 0.121200 0.062900 0.077300 0.052600 0.035700 0.062800 0.035900 0.066700 0.070100 0.087400 0.073500 0.063300 0.098700 0.063100 0.062700 0.063100 0.042600 0.080000 0.066700 0.113200 0.080600 0.091400
Sitatunga 0.084200 0.163400 0.016200 0.238700 0.110100 0.080700 0.073900 0.084600 0.016200 0.114700 0.077000 0.055400 0.070100 0.070100 0.066800 0.073600 0.095600 0.081200 0.077300 0.000000 0.088700 0.077100 0.081100 0.067000 0.077100 0.073600 0.063100 0.006400 0.077200 0.019500 0.110800 0.080600 0.081500 0.070200 0.066600 0.038200 0.073800 0.095500 0.105800 0.084400 0.077500 0.080900 0.103100 0.060000 0.041600 0.080800 0.073700 0.083900 0.084500 0.103000 0.016200 0.026000
Oribi 0.063500 0.192100 0.088800 0.263500 0.088800 0.060100 0.067200 0.056700 0.077900 0.122700 0.056500 0.066300 0.049700 0.056600 0.060100 0.046100 0.110800 0.096000 0.063600 0.088700 0.000000 0.056500 0.081500 0.074300 0.056600 0.056400 0.042900 0.088600 0.049600 0.088900 0.126400 0.066900 0.088900 0.049800 0.046300 0.069700 0.053300 0.071000 0.066900 0.099200 0.077900 0.056600 0.103600 0.067300 0.069600 0.067100 0.039400 0.084400 0.063800 0.111000 0.085300 0.095800
BarbaryShe 0.025800 0.182700 0.077200 0.246000 0.070000 0.022600 0.035900 0.059700 0.066600 0.117100 0.012800 0.052500 0.045600 0.039100 0.049000 0.049200 0.105500 0.091000 0.039100 0.077100 0.056500 0.000000 0.069900 0.069800 0.012800 0.062800 0.039000 0.077000 0.052600 0.077300 0.120800 0.049200 0.070100 0.045800 0.029000 0.055800 0.009600 0.059600 0.062900 0.094200 0.073300 0.063000 0.098400 0.062900 0.055700 0.056100 0.035800 0.079700 0.059600 0.098500 0.073800 0.084100
Daviddeer 0.070000 0.164300 0.084800 0.239600 0.095400 0.066600 0.066900 0.084600 0.077600 0.056900 0.069800 0.059800 0.063000 0.063200 0.073500 0.080600 0.095400 0.074000 0.077100 0.081100 0.081500 0.069900 0.000000 0.026000 0.069900 0.080600 0.062900 0.081000 0.084300 0.081400 0.060400 0.080600 0.056800 0.070000 0.066300 0.052800 0.066400 0.091700 0.087900 0.042700 0.016200 0.088100 0.053200 0.019500 0.052700 0.080800 0.059800 0.105100 0.084400 0.081200 0.077800 0.088200
Reindeer 0.069800 0.159800 0.070600 0.234400 0.102300 0.073300 0.066800 0.070400 0.063500 0.056800 0.069700 0.052900 0.056100 0.056200 0.073300 0.073500 0.080900 0.059900 0.076900 0.067000 0.074300 0.069800 0.026000 0.000000 0.069800 0.073500 0.056000 0.066900 0.077100 0.060200 0.060300 0.073500 0.056700 0.063000 0.056000 0.042600 0.066500 0.087900 0.080700 0.029300 0.022700 0.080900 0.053100 0.012900 0.039200 0.073600 0.066600 0.090600 0.077300 0.074000 0.063600 0.074000
Ibex 0.025800 0.182900 0.077300 0.228800 0.077000 0.022600 0.042700 0.059700 0.066600 0.117200 0.012800 0.052600 0.045700 0.045800 0.049000 0.049200 0.105500 0.091100 0.039100 0.077100 0.056600 0.012800 0.069900 0.069800 0.000000 0.062800 0.039000 0.077100 0.052600 0.077400 0.120900 0.056000 0.070100 0.045800 0.029100 0.055900 0.009600 0.066500 0.063000 0.094200 0.073300 0.063100 0.098500 0.062900 0.055800 0.049300 0.035800 0.079700 0.059600 0.098600 0.073800 0.084200
GyrantGaze 0.069800 0.181800 0.073700 0.264800 0.095000 0.066400 0.073500 0.056100 0.063100 0.121300 0.062800 0.058700 0.056000 0.062800 0.066400 0.032400 0.102400 0.087900 0.069900 0.073600 0.056400 0.062800 0.080600 0.073500 0.062800 0.000000 0.049200 0.073500 0.035700 0.080900 0.117500 0.073200 0.088000 0.056100 0.052500 0.062000 0.059600 0.077200 0.069400 0.098200 0.077000 0.019300 0.102400 0.066600 0.068900 0.073400 0.045700 0.083500 0.070000 0.102400 0.077300 0.087700
Hartebeest 0.045700 0.166300 0.063200 0.245700 0.076900 0.042300 0.049300 0.052800 0.052800 0.102500 0.038900 0.045700 0.006400 0.039100 0.042400 0.035800 0.098200 0.083900 0.045800 0.063100 0.042900 0.039000 0.062900 0.056000 0.039000 0.049200 0.000000 0.063000 0.039100 0.066800 0.106100 0.049100 0.070000 0.006400 0.029000 0.042300 0.035700 0.059600 0.062800 0.080100 0.059500 0.049300 0.084100 0.049300 0.049000 0.049200 0.035800 0.065700 0.045900 0.098400 0.066800 0.077100
Bongo 0.084200 0.155400 0.016200 0.229600 0.110000 0.080600 0.073800 0.084600 0.016100 0.114600 0.076900 0.055400 0.070000 0.070000 0.066700 0.073500 0.095500 0.081100 0.077200 0.006400 0.088600 0.077000 0.081000 0.066900 0.077100 0.073500 0.063000 0.000000 0.077100 0.019500 0.110800 0.080600 0.081500 0.070200 0.066500 0.038200 0.073700 0.095400 0.105700 0.084300 0.077400 0.080900 0.103000 0.060000 0.041600 0.080700 0.073600 0.083700 0.084400 0.102900 0.022800 0.026000
Gerenuk 0.059500 0.177900 0.077300 0.273900 0.084400 0.056100 0.056300 0.052700 0.066700 0.125100 0.052600 0.062300 0.045800 0.052700 0.049400 0.009600 0.098900 0.091400 0.059600 0.077200 0.049600 0.052600 0.084300 0.077100 0.052600 0.035700 0.039100 0.077100 0.000000 0.084500 0.128900 0.062900 0.077400 0.046000 0.035800 0.058700 0.049400 0.066800 0.062900 0.101800 0.080600 0.035800 0.106100 0.070100 0.065600 0.056200 0.035700 0.066200 0.052900 0.106200 0.080900 0.091400
CommonElan 0.070300 0.164100 0.022800 0.239300 0.110500 0.073800 0.081200 0.077800 0.029400 0.115100 0.077200 0.055700 0.073800 0.070300 0.073900 0.080900 0.095800 0.074300 0.084600 0.019500 0.088900 0.077300 0.081400 0.060200 0.077400 0.080900 0.066800 0.019500 0.084500 0.000000 0.111200 0.080900 0.074600 0.074000 0.063300 0.045200 0.074000 0.095800 0.102700 0.084600 0.077700 0.088300 0.103500 0.060200 0.041700 0.081000 0.073900 0.091200 0.081200 0.103300 0.022900 0.019500
MuntiacusR 0.121000 0.192300 0.107400 0.263700 0.118200 0.117400 0.118100 0.114500 0.107200 0.009700 0.113300 0.095600 0.106200 0.106600 0.117300 0.117600 0.125900 0.103500 0.121200 0.110800 0.126400 0.120800 0.060400 0.060300 0.120900 0.117500 0.106100 0.110800 0.128900 0.111200 0.000000 0.125000 0.107500 0.113800 0.109800 0.091900 0.117500 0.110700 0.118000 0.077600 0.056900 0.133100 0.026100 0.053300 0.084600 0.125300 0.110300 0.143300 0.121800 0.118500 0.107400 0.118300
HarveysDui 0.062800 0.182500 0.084300 0.264600 0.087900 0.059400 0.046000 0.070100 0.077100 0.121300 0.055900 0.062000 0.055900 0.022500 0.059400 0.059400 0.109400 0.094900 0.062900 0.080600 0.066900 0.049200 0.080600 0.073500 0.056000 0.073200 0.049100 0.080600 0.062900 0.080900 0.125000 0.000000 0.084400 0.056100 0.045800 0.062000 0.052700 0.070200 0.080400 0.098100 0.084100 0.073400 0.109800 0.066600 0.061900 0.059500 0.052600 0.083400 0.063000 0.109700 0.077300 0.087700
Pronghorn 0.063300 0.152900 0.081600 0.218600 0.103000 0.066800 0.070700 0.084900 0.070900 0.103900 0.063100 0.060000 0.070100 0.066900 0.073700 0.073900 0.081400 0.060300 0.077300 0.081500 0.088900 0.070100 0.056800 0.056700 0.070100 0.088000 0.070000 0.081500 0.077400 0.074600 0.107500 0.084400 0.000000 0.077200 0.063100 0.053000 0.066800 0.092000 0.095500 0.074000 0.060200 0.088300 0.085200 0.049800 0.053000 0.088200 0.060000 0.105500 0.091900 0.088900 0.078200 0.088700
BlueWildeb 0.052600 0.174700 0.070300 0.254500 0.084200 0.049200 0.056300 0.059800 0.059800 0.110100 0.045700 0.052600 0.012800 0.045900 0.049200 0.042500 0.105700 0.091200 0.052600 0.070200 0.049800 0.045800 0.070000 0.063000 0.045800 0.056100 0.006400 0.070200 0.046000 0.074000 0.113800 0.056100 0.077200 0.000000 0.035700 0.049100 0.042500 0.066600 0.069900 0.087300 0.066500 0.056300 0.091500 0.056200 0.055900 0.056200 0.042600 0.072800 0.052800 0.105900 0.073900 0.084300
Gemsbok 0.032400 0.174100 0.066700 0.245800 0.073400 0.032400 0.032600 0.046000 0.056200 0.106100 0.029000 0.042400 0.035600 0.035800 0.032400 0.039100 0.084000 0.076800 0.035700 0.066600 0.046300 0.029000 0.066300 0.056000 0.029100 0.052500 0.029000 0.066500 0.035800 0.063300 0.109800 0.045800 0.063100 0.035700 0.000000 0.045700 0.025600 0.056100 0.055600 0.080100 0.062800 0.052700 0.087700 0.052600 0.045600 0.039200 0.032500 0.058900 0.042600 0.094800 0.063300 0.073600
Yak 0.062700 0.153900 0.041700 0.229200 0.091200 0.059300 0.061900 0.073000 0.034800 0.088300 0.055800 0.025900 0.049000 0.051700 0.059300 0.055300 0.077100 0.056300 0.062800 0.038200 0.069700 0.055800 0.052800 0.042600 0.055900 0.062000 0.042300 0.038200 0.058700 0.045200 0.091900 0.062000 0.053000 0.049100 0.045700 0.000000 0.052600 0.073200 0.083300 0.066300 0.052700 0.062400 0.077300 0.035900 0.009600 0.062400 0.055200 0.076100 0.065800 0.077200 0.041500 0.052100
BlueSheep 0.022600 0.179200 0.073900 0.242200 0.073700 0.019400 0.039400 0.056400 0.063300 0.113800 0.009600 0.049300 0.042400 0.042600 0.045900 0.046000 0.102200 0.087700 0.035900 0.073800 0.053300 0.009600 0.066400 0.066500 0.009600 0.059600 0.035700 0.073700 0.049400 0.074000 0.117500 0.052700 0.066800 0.042500 0.025600 0.052600 0.000000 0.063200 0.059600 0.090900 0.069800 0.059800 0.095100 0.059600 0.052500 0.052800 0.032600 0.076500 0.056300 0.095200 0.070500 0.080800
BohorReedb 0.066600 0.192200 0.088500 0.251900 0.026000 0.063100 0.070500 0.067100 0.084700 0.114400 0.066400 0.073700 0.066500 0.059800 0.063100 0.056400 0.102700 0.088200 0.066700 0.095500 0.071000 0.059600 0.091700 0.087900 0.066500 0.077200 0.059600 0.095400 0.066800 0.095800 0.110700 0.070200 0.092000 0.066600 0.056100 0.073200 0.063200 0.000000 0.070400 0.098600 0.084400 0.077500 0.095600 0.073800 0.073400 0.077400 0.049600 0.087400 0.067000 0.110200 0.092200 0.102800
KirksDik 0.070000 0.203400 0.095400 0.288600 0.088200 0.066500 0.073500 0.063100 0.094800 0.121800 0.056000 0.079900 0.069800 0.069900 0.073600 0.052600 0.117400 0.102600 0.070100 0.105800 0.066900 0.062900 0.087900 0.080700 0.063000 0.069400 0.062800 0.105700 0.062900 0.102700 0.118000 0.080400 0.095500 0.069900 0.055600 0.083300 0.059600 0.070400 0.000000 0.105700 0.084300 0.073400 0.110000 0.080700 0.083200 0.080600 0.052600 0.091000 0.059800 0.102700 0.102100 0.109700
RoeDeer 0.087200 0.175500 0.095200 0.247200 0.113100 0.090800 0.084300 0.095000 0.080900 0.074100 0.094100 0.076900 0.080100 0.080400 0.083800 0.098100 0.091500 0.077200 0.087400 0.084400 0.099200 0.094200 0.042700 0.029300 0.094200 0.098200 0.080100 0.084300 0.101800 0.084600 0.077600 0.098100 0.074000 0.087300 0.080100 0.066300 0.090900 0.098600 0.105700 0.000000 0.039300 0.105800 0.070300 0.029300 0.062800 0.098300 0.084000 0.108500 0.102000 0.098800 0.088200 0.098700
WhiteLippe 0.073400 0.168000 0.077600 0.234600 0.098800 0.069900 0.077400 0.073900 0.067000 0.053400 0.073200 0.056300 0.059500 0.066600 0.069900 0.077000 0.091700 0.070400 0.073500 0.077500 0.077900 0.073300 0.016200 0.022700 0.073300 0.077000 0.059500 0.077400 0.080600 0.077700 0.056900 0.084100 0.060200 0.066500 0.062800 0.052700 0.069800 0.084400 0.084300 0.039300 0.000000 0.084400 0.042900 0.016200 0.049300 0.084300 0.063200 0.108700 0.088000 0.084700 0.074200 0.084600
ThomsonGaz 0.070000 0.182700 0.081100 0.266100 0.095400 0.066600 0.073700 0.063200 0.070300 0.129300 0.063000 0.065900 0.056100 0.063100 0.066600 0.032500 0.102800 0.088200 0.063300 0.080900 0.056600 0.063000 0.088100 0.080900 0.063100 0.019300 0.049300 0.080900 0.035800 0.088300 0.133100 0.073400 0.088300 0.056300 0.052700 0.062400 0.059800 0.077500 0.073400 0.105800 0.084400 0.000000 0.110200 0.073900 0.069300 0.073600 0.045900 0.083800 0.070300 0.102800 0.084800 0.095200
MuntiacusC 0.098600 0.196000 0.096000 0.253400 0.102900 0.095000 0.102900 0.092100 0.092200 0.022800 0.098300 0.081000 0.084200 0.091700 0.095000 0.095200 0.110500 0.088600 0.098700 0.103100 0.103600 0.098400 0.053200 0.053100 0.098500 0.102400 0.084100 0.103000 0.106100 0.103500 0.026100 0.109800 0.085200 0.091500 0.087700 0.077300 0.095100 0.095600 0.110000 0.070300 0.042900 0.110200 0.000000 0.039500 0.070200 0.110000 0.088100 0.135200 0.113900 0.103200 0.099700 0.110500
WhiteTaile 0.063000 0.152000 0.063600 0.226000 0.088000 0.059600 0.059900 0.070400 0.056600 0.049900 0.062800 0.046100 0.049300 0.049400 0.059600 0.066600 0.074000 0.053100 0.063100 0.060000 0.067300 0.062900 0.019500 0.012900 0.062900 0.066600 0.049300 0.060000 0.070100 0.060200 0.053300 0.066600 0.049800 0.056200 0.052600 0.035900 0.059600 0.073800 0.080700 0.029300 0.016200 0.073900 0.039500 0.000000 0.032500 0.066700 0.052900 0.090800 0.070300 0.067000 0.056700 0.067000
Cattle 0.062600 0.157700 0.045000 0.224600 0.087500 0.059200 0.061800 0.072900 0.038200 0.081100 0.055700 0.025900 0.055700 0.051600 0.059200 0.062100 0.073500 0.052800 0.062700 0.041600 0.069600 0.055700 0.052700 0.039200 0.055800 0.068900 0.049000 0.041600 0.065600 0.041700 0.084600 0.061900 0.053000 0.055900 0.045600 0.009600 0.052500 0.073400 0.083200 0.062800 0.049300 0.069300 0.070200 0.032500 0.000000 0.062300 0.055100 0.083100 0.065700 0.073600 0.038000 0.048600
RoyalAntel 0.063000 0.195400 0.084500 0.270500 0.095200 0.059600 0.052900 0.070300 0.073700 0.121600 0.056000 0.066000 0.056100 0.049300 0.052800 0.059500 0.102500 0.095100 0.063100 0.080800 0.067100 0.056100 0.080800 0.073600 0.049300 0.073400 0.049200 0.080700 0.056200 0.081000 0.125300 0.059500 0.088200 0.056200 0.039200 0.062400 0.052800 0.077400 0.080600 0.098300 0.084300 0.073600 0.110000 0.066700 0.062300 0.000000 0.052700 0.076700 0.056300 0.109900 0.073900 0.087900
Steenbok 0.035900 0.166400 0.073800 0.242800 0.059900 0.032600 0.046100 0.042600 0.063200 0.106600 0.035800 0.045000 0.042500 0.042500 0.039200 0.032400 0.088000 0.073800 0.042600 0.073700 0.039400 0.035800 0.059800 0.066600 0.035800 0.045700 0.035800 0.073600 0.035700 0.073900 0.110300 0.052600 0.060000 0.042600 0.032500 0.055200 0.032600 0.049600 0.052600 0.084000 0.063200 0.045900 0.088100 0.052900 0.055100 0.052700 0.000000 0.069500 0.049400 0.088200 0.066800 0.080700
Impala 0.079900 0.198300 0.094700 0.277500 0.105500 0.083300 0.069500 0.073400 0.087400 0.147100 0.079600 0.086900 0.072600 0.072900 0.062800 0.069600 0.105400 0.105200 0.080000 0.083900 0.084400 0.079700 0.105100 0.090600 0.079700 0.083500 0.065700 0.083700 0.066200 0.091200 0.143300 0.083400 0.105500 0.072800 0.058900 0.076100 0.076500 0.087400 0.091000 0.108500 0.108700 0.083800 0.135200 0.090800 0.083100 0.076700 0.069500 0.000000 0.066300 0.120200 0.102000 0.105500
Klipspring 0.066600 0.187400 0.088200 0.265300 0.084700 0.063100 0.056400 0.066900 0.080900 0.125600 0.059500 0.069500 0.052700 0.052800 0.056300 0.056200 0.099100 0.091700 0.066700 0.084500 0.063800 0.059600 0.084400 0.077300 0.059600 0.070000 0.045900 0.084400 0.052900 0.081200 0.121800 0.063000 0.091900 0.052800 0.042600 0.065800 0.056300 0.067000 0.059800 0.102000 0.088000 0.070300 0.113900 0.070300 0.065700 0.056300 0.049400 0.066300 0.000000 0.099200 0.081100 0.091600
ForestMusk 0.105800 0.192200 0.106800 0.259100 0.117700 0.102200 0.095700 0.106700 0.099400 0.122400 0.091200 0.088000 0.091200 0.091600 0.109400 0.102400 0.117700 0.095600 0.113200 0.103000 0.111000 0.098500 0.081200 0.074000 0.098600 0.102400 0.098400 0.102900 0.106200 0.103300 0.118500 0.109700 0.088900 0.105900 0.094800 0.077200 0.095200 0.110200 0.102700 0.098800 0.084700 0.102800 0.103200 0.067000 0.073600 0.109900 0.088200 0.120200 0.099200 0.000000 0.099600 0.110300
Bushbuck 0.080900 0.167900 0.026100 0.248300 0.106700 0.077400 0.077600 0.088500 0.019500 0.111200 0.073700 0.051800 0.073800 0.066800 0.070400 0.077300 0.099500 0.077800 0.080600 0.016200 0.085300 0.073800 0.077800 0.063600 0.073800 0.077300 0.066800 0.022800 0.080900 0.022900 0.107400 0.077300 0.078200 0.073900 0.063300 0.041500 0.070500 0.092200 0.102100 0.088200 0.074200 0.084800 0.099700 0.056700 0.038000 0.073900 0.066800 0.102000 0.081100 0.099600 0.000000 0.029400
GreaterKud 0.084200 0.179600 0.029400 0.256400 0.117500 0.080600 0.088000 0.091800 0.036000 0.122100 0.084100 0.062500 0.084100 0.077100 0.080700 0.087800 0.110100 0.088300 0.091400 0.026000 0.095800 0.084100 0.088200 0.074000 0.084200 0.087700 0.077100 0.026000 0.091400 0.019500 0.118300 0.087700 0.088700 0.084300 0.073600 0.052100 0.080800 0.102800 0.109700 0.098700 0.084600 0.095200 0.110500 0.067000 0.048600 0.087900 0.080700 0.105500 0.091600 0.110300 0.029400 0.000000
