1
52 1
Argali 0.000000 0.396300 0.000200 0.576500 0.000000 0.000000 0.068700 0.000000 0.000200 0.067900 0.000000 0.000200 0.000200 0.000000 0.070100 0.000000 0.131200 0.064300 0.000000 0.000200 0.068000 0.000000 0.064800 0.000400 0.000000 0.000000 0.000200 0.000200 0.068100 0.000200 0.067900 0.068000 0.139500 0.000000 0.000200 0.000200 0.000200 0.000000 0.000400 0.000400 0.071300 0.000000 0.067900 0.000400 0.000200 0.000400 0.071500 0.000400 0.145400 0.000900 0.000200 0.000200
LesserMous 0.396300 0.000000 0.389500 0.796700 0.396300 0.396300 0.306600 0.396300 0.389500 0.504900 0.396300 0.389500 0.385100 0.396300 0.539700 0.396300 0.208400 0.301200 0.396300 0.389500 0.513400 0.396300 0.306400 0.395000 0.396300 0.396300 0.385100 0.389500 0.504700 0.389500 0.504900 0.504800 0.442400 0.396300 0.396500 0.389500 0.392800 0.396300 0.433000 0.395000 0.547100 0.396300 0.504900 0.395000 0.389500 0.389600 0.554600 0.394200 0.412600 0.400900 0.389500 0.389500
LesserKudu 0.000200 0.389500 0.000000 0.572500 0.000200 0.000200 0.067500 0.000200 0.000000 0.067100 0.000200 0.000000 0.000400 0.000200 0.068900 0.000200 0.129100 0.063100 0.000200 0.000000 0.067300 0.000200 0.063900 0.000200 0.000200 0.000200 0.000400 0.000000 0.067200 0.000000 0.067100 0.067100 0.136800 0.000200 0.000400 0.000000 0.000400 0.000200 0.000200 0.000200 0.070100 0.000200 0.067100 0.000200 0.000000 0.000700 0.070400 0.000600 0.142800 0.000700 0.000000 0.000000
KillerWhal 0.576500 0.796700 0.572500 0.000000 0.576500 0.576500 0.808700 0.576500 0.572500 0.420200 0.576500 0.572500 0.547900 0.576500 0.438700 0.576500 0.664500 0.465200 0.576500 0.572500 0.761900 0.576500 0.466400 0.569800 0.576500 0.576500 0.547900 0.572500 0.770000 0.572500 0.420200 0.423400 0.764900 0.576500 0.577700 0.572500 0.575400 0.576500 0.662900 0.569800 0.445400 0.576500 0.420200 0.569800 0.572500 0.572400 0.875200 0.557600 0.573100 0.578600 0.572500 0.572500
DefassaWat 0.000000 0.396300 0.000200 0.576500 0.000000 0.000000 0.068700 0.000000 0.000200 0.067900 0.000000 0.000200 0.000200 0.000000 0.070100 0.000000 0.131200 0.064300 0.000000 0.000200 0.068000 0.000000 0.064800 0.000400 0.000000 0.000000 0.000200 0.000200 0.068100 0.000200 0.067900 0.068000 0.139500 0.000000 0.000200 0.000200 0.000200 0.000000 0.000400 0.000400 0.071300 0.000000 0.067900 0.000400 0.000200 0.000400 0.071500 0.000400 0.145400 0.000900 0.000200 0.000200
Sheep 0.000000 0.396300 0.000200 0.576500 0.000000 0.000000 0.068700 0.000000 0.000200 0.067900 0.000000 0.000200 0.000200 0.000000 0.070100 0.000000 0.131200 0.064300 0.000000 0.000200 0.068000 0.000000 0.064800 0.000400 0.000000 0.000000 0.000200 0.000200 0.068100 0.000200 0.067900 0.068000 0.139500 0.000000 0.000200 0.000200 0.000200 0.000000 0.000400 0.000400 0.071300 0.000000 0.067900 0.000400 0.000200 0.000400 0.071500 0.000400 0.145400 0.000900 0.000200 0.000200
MaxwellsDu 0.068700 0.306600 0.067500 0.808700 0.068700 0.068700 0.000000 0.068700 0.067500 0.145200 0.068700 0.067500 0.067300 0.068700 0.149800 0.068700 0.062400 0.137700 0.068700 0.067500 0.145400 0.068700 0.139100 0.068400 0.068700 0.068700 0.067300 0.067500 0.067500 0.067500 0.145200 0.145100 0.227500 0.068700 0.069300 0.067500 0.068500 0.068700 0.070800 0.068400 0.153000 0.068700 0.145200 0.068400 0.067500 0.067500 0.153900 0.069600 0.068000 0.068800 0.067500 0.067500
GazellaPrz 0.000000 0.396300 0.000200 0.576500 0.000000 0.000000 0.068700 0.000000 0.000200 0.067900 0.000000 0.000200 0.000200 0.000000 0.070100 0.000000 0.131200 0.064300 0.000000 0.000200 0.068000 0.000000 0.064800 0.000400 0.000000 0.000000 0.000200 0.000200 0.068100 0.000200 0.067900 0.068000 0.139500 0.000000 0.000200 0.000200 0.000200 0.000000 0.000400 0.000400 0.071300 0.000000 0.067900 0.000400 0.000200 0.000400 0.071500 0.000400 0.145400 0.000900 0.000200 0.000200
MountainNy 0.000200 0.389500 0.000000 0.572500 0.000200 0.000200 0.067500 0.000200 0.000000 0.067100 0.000200 0.000000 0.000400 0.000200 0.068900 0.000200 0.129100 0.063100 0.000200 0.000000 0.067300 0.000200 0.063900 0.000200 0.000200 0.000200 0.000400 0.000000 0.067200 0.000000 0.067100 0.067100 0.136800 0.000200 0.000400 0.000000 0.000400 0.000200 0.000200 0.000200 0.070100 0.000200 0.067100 0.000200 0.000000 0.000700 0.070400 0.000600 0.142800 0.000700 0.000000 0.000000
MuntiacusM 0.067900 0.504900 0.067100 0.420200 0.067900 0.067900 0.145200 0.067900 0.067100 0.000000 0.067900 0.067100 0.065500 0.067900 0.148400 0.067900 0.206300 0.134300 0.067900 0.067100 0.144600 0.067900 0.135800 0.068000 0.067900 0.067900 0.065500 0.067100 0.145000 0.067100 0.000000 0.000400 0.221500 0.067900 0.067500 0.067100 0.067000 0.067900 0.072400 0.068000 0.152400 0.067900 0.000000 0.068000 0.067100 0.065200 0.152900 0.067400 0.231900 0.067100 0.067100 0.067100
goat 0.000000 0.396300 0.000200 0.576500 0.000000 0.000000 0.068700 0.000000 0.000200 0.067900 0.000000 0.000200 0.000200 0.000000 0.070100 0.000000 0.131200 0.064300 0.000000 0.000200 0.067600 0.000000 0.064800 0.000400 0.000000 0.000000 0.000200 0.000200 0.068100 0.000200 0.067900 0.067300 0.139500 0.000000 0.000200 0.000200 0.000200 0.000000 0.000400 0.000400 0.071300 0.000000 0.067900 0.000400 0.000200 0.000400 0.071500 0.000400 0.145400 0.000900 0.000200 0.000200
AfricanBuf 0.000200 0.389500 0.000000 0.572500 0.000200 0.000200 0.067500 0.000200 0.000000 0.067100 0.000200 0.000000 0.000400 0.000200 0.068900 0.000200 0.129100 0.063100 0.000200 0.000000 0.067300 0.000200 0.063900 0.000200 0.000200 0.000200 0.000400 0.000000 0.067200 0.000000 0.067100 0.067100 0.136800 0.000200 0.000400 0.000000 0.000400 0.000200 0.000200 0.000200 0.070100 0.000200 0.067100 0.000200 0.000000 0.000700 0.070400 0.000600 0.142800 0.000700 0.000000 0.000000
Topi 0.000200 0.385100 0.000400 0.547900 0.000200 0.000200 0.067300 0.000200 0.000400 0.065500 0.000200 0.000400 0.000000 0.000200 0.068300 0.000200 0.128400 0.062800 0.000200 0.000400 0.066600 0.000200 0.063100 0.000700 0.000200 0.000200 0.000000 0.000400 0.066400 0.000400 0.065500 0.066300 0.136500 0.000200 0.000400 0.000400 0.000400 0.000200 0.000600 0.000700 0.069700 0.000200 0.065500 0.000700 0.000400 0.000600 0.070100 0.000600 0.141600 0.001100 0.000400 0.000400
CommonDuik 0.000000 0.396300 0.000200 0.576500 0.000000 0.000000 0.068700 0.000000 0.000200 0.067900 0.000000 0.000200 0.000200 0.000000 0.070100 0.000000 0.131200 0.064300 0.000000 0.000200 0.068000 0.000000 0.064800 0.000400 0.000000 0.000000 0.000200 0.000200 0.068100 0.000200 0.067900 0.068000 0.139500 0.000000 0.000200 0.000200 0.000200 0.000000 0.000400 0.000400 0.071300 0.000000 0.067900 0.000400 0.000200 0.000400 0.071500 0.000400 0.145400 0.000900 0.000200 0.000200
Suni 0.070100 0.539700 0.068900 0.438700 0.070100 0.070100 0.149800 0.070100 0.068900 0.148400 0.070100 0.068900 0.068300 0.070100 0.000000 0.070100 0.216500 0.138800 0.070100 0.068900 0.147600 0.070100 0.140700 0.070200 0.070100 0.070100 0.068300 0.068900 0.148400 0.068900 0.148400 0.147900 0.232700 0.070100 0.070000 0.068900 0.069700 0.070100 0.074600 0.070200 0.000600 0.070100 0.148400 0.070200 0.068900 0.068700 0.158600 0.070900 0.068600 0.070000 0.068900 0.068900
Springbuck 0.000000 0.396300 0.000200 0.576500 0.000000 0.000000 0.068700 0.000000 0.000200 0.067900 0.000000 0.000200 0.000200 0.000000 0.070100 0.000000 0.131200 0.064300 0.000000 0.000200 0.068000 0.000000 0.064800 0.000400 0.000000 0.000000 0.000200 0.000200 0.067600 0.000200 0.067900 0.068000 0.139500 0.000000 0.000200 0.000200 0.000200 0.000000 0.000400 0.000400 0.071300 0.000000 0.067900 0.000400 0.000200 0.000400 0.071500 0.000400 0.145400 0.000900 0.000200 0.000200
Okapi 0.131200 0.208400 0.129100 0.664500 0.131200 0.131200 0.062400 0.131200 0.129100 0.206300 0.131200 0.129100 0.128400 0.131200 0.216500 0.131200 0.000000 0.060000 0.131200 0.129100 0.209000 0.131200 0.060100 0.129800 0.131200 0.131200 0.128400 0.129100 0.207900 0.129100 0.206300 0.207500 0.131200 0.131200 0.132300 0.129100 0.130400 0.131200 0.139200 0.129800 0.217400 0.131200 0.206300 0.129800 0.129100 0.129500 0.219800 0.133500 0.132300 0.135800 0.129100 0.129100
Giraffe 0.064300 0.301200 0.063100 0.465200 0.064300 0.064300 0.137700 0.064300 0.063100 0.134300 0.064300 0.063100 0.062800 0.064300 0.138800 0.064300 0.060000 0.000000 0.064300 0.063100 0.135000 0.064300 0.000200 0.063900 0.064300 0.064300 0.062800 0.063100 0.134900 0.063100 0.134300 0.134600 0.062600 0.064300 0.064600 0.063100 0.063700 0.064300 0.068000 0.063900 0.140500 0.064300 0.134300 0.063900 0.063100 0.062700 0.141500 0.065000 0.217700 0.065200 0.063100 0.063100
TibetanAnt 0.000000 0.396300 0.000200 0.576500 0.000000 0.000000 0.068700 0.000000 0.000200 0.067900 0.000000 0.000200 0.000200 0.000000 0.070100 0.000000 0.131200 0.064300 0.000000 0.000200 0.068000 0.000000 0.064800 0.000400 0.000000 0.000000 0.000200 0.000200 0.068100 0.000200 0.067900 0.068000 0.139500 0.000000 0.000200 0.000200 0.000200 0.000000 0.000400 0.000400 0.071300 0.000000 0.067900 0.000400 0.000200 0.000400 0.071500 0.000400 0.145400 0.000900 0.000200 0.000200
Sitatunga 0.000200 0.389500 0.000000 0.572500 0.000200 0.000200 0.067500 0.000200 0.000000 0.067100 0.000200 0.000000 0.000400 0.000200 0.068900 0.000200 0.129100 0.063100 0.000200 0.000000 0.067300 0.000200 0.063900 0.000200 0.000200 0.000200 0.000400 0.000000 0.067200 0.000000 0.067100 0.067100 0.136800 0.000200 0.000400 0.000000 0.000400 0.000200 0.000200 0.000200 0.070100 0.000200 0.067100 0.000200 0.000000 0.000700 0.070400 0.000600 0.142800 0.000700 0.000000 0.000000
Oribi 0.068000 0.513400 0.067300 0.761900 0.068000 0.068000 0.145400 0.068000 0.067300 0.144600 0.067600 0.067300 0.066600 0.068000 0.147600 0.068000 0.209000 0.135000 0.068000 0.067300 0.000000 0.068000 0.136300 0.068100 0.068000 0.068000 0.066600 0.067300 0.143900 0.067300 0.144600 0.143500 0.220900 0.067100 0.068600 0.067300 0.068100 0.068000 0.072600 0.068100 0.150800 0.068000 0.144600 0.068100 0.067300 0.067000 0.150900 0.068700 0.231400 0.068300 0.067300 0.067300
BarbaryShe 0.000000 0.396300 0.000200 0.576500 0.000000 0.000000 0.068700 0.000000 0.000200 0.067900 0.000000 0.000200 0.000200 0.000000 0.070100 0.000000 0.131200 0.064300 0.000000 0.000200 0.068000 0.000000 0.064800 0.000400 0.000000 0.000000 0.000200 0.000200 0.067800 0.000200 0.067900 0.068000 0.139500 0.000000 0.000200 0.000200 0.000200 0.000000 0.000400 0.000400 0.071300 0.000000 0.067900 0.000400 0.000200 0.000400 0.071500 0.000400 0.145400 0.000900 0.000200 0.000200
Daviddeer 0.064800 0.306400 0.063900 0.466400 0.064800 0.064800 0.139100 0.064800 0.063900 0.135800 0.064800 0.063900 0.063100 0.064800 0.140700 0.064800 0.060100 0.000200 0.064800 0.063900 0.136300 0.064800 0.000000 0.064600 0.064800 0.064800 0.063100 0.063900 0.136500 0.063900 0.135800 0.136200 0.063300 0.064800 0.064900 0.063900 0.064100 0.064800 0.068500 0.064600 0.142500 0.064800 0.135800 0.064600 0.063900 0.062900 0.143600 0.065200 0.220700 0.065200 0.063900 0.063900
Reindeer 0.000400 0.395000 0.000200 0.569800 0.000400 0.000400 0.068400 0.000400 0.000200 0.068000 0.000400 0.000200 0.000700 0.000400 0.070200 0.000400 0.129800 0.063900 0.000400 0.000200 0.068100 0.000400 0.064600 0.000000 0.000400 0.000400 0.000700 0.000200 0.068100 0.000200 0.068000 0.067900 0.138700 0.000400 0.000700 0.000200 0.000700 0.000400 0.000400 0.000000 0.071200 0.000400 0.068000 0.000000 0.000200 0.000900 0.071700 0.000900 0.145500 0.000900 0.000200 0.000200
Ibex 0.000000 0.396300 0.000200 0.576500 0.000000 0.000000 0.068700 0.000000 0.000200 0.067900 0.000000 0.000200 0.000200 0.000000 0.070100 0.000000 0.131200 0.064300 0.000000 0.000200 0.068000 0.000000 0.064800 0.000400 0.000000 0.000000 0.000200 0.000200 0.068400 0.000200 0.067900 0.068000 0.139500 0.000000 0.000200 0.000200 0.000200 0.000000 0.000400 0.000400 0.071300 0.000000 0.067900 0.000400 0.000200 0.000400 0.071500 0.000400 0.145400 0.000900 0.000200 0.000200
GyrantGaze 0.000000 0.396300 0.000200 0.576500 0.000000 0.000000 0.068700 0.000000 0.000200 0.067900 0.000000 0.000200 0.000200 0.000000 0.070100 0.000000 0.131200 0.064300 0.000000 0.000200 0.068000 0.000000 0.064800 0.000400 0.000000 0.000000 0.000200 0.000200 0.068100 0.000200 0.067900 0.068000 0.139500 0.000000 0.000200 0.000200 0.000200 0.000000 0.000400 0.000400 0.071300 0.000000 0.067900 0.000400 0.000200 0.000400 0.071500 0.000400 0.145400 0.000900 0.000200 0.000200
Hartebeest 0.000200 0.385100 0.000400 0.547900 0.000200 0.000200 0.067300 0.000200 0.000400 0.065500 0.000200 0.000400 0.000000 0.000200 0.068300 0.000200 0.128400 0.062800 0.000200 0.000400 0.066600 0.000200 0.063100 0.000700 0.000200 0.000200 0.000000 0.000400 0.066400 0.000400 0.065500 0.066300 0.136500 0.000200 0.000400 0.000400 0.000400 0.000200 0.000600 0.000700 0.069700 0.000200 0.065500 0.000700 0.000400 0.000600 0.070100 0.000600 0.141600 0.001100 0.000400 0.000400
Bongo 0.000200 0.389500 0.000000 0.572500 0.000200 0.000200 0.067500 0.000200 0.000000 0.067100 0.000200 0.000000 0.000400 0.000200 0.068900 0.000200 0.129100 0.063100 0.000200 0.000000 0.067300 0.000200 0.063900 0.000200 0.000200 0.000200 0.000400 0.000000 0.067200 0.000000 0.067100 0.067100 0.136800 0.000200 0.000400 0.000000 0.000400 0.000200 0.000200 0.000200 0.070100 0.000200 0.067100 0.000200 0.000000 0.000700 0.070400 0.000600 0.142800 0.000700 0.000000 0.000000
Gerenuk 0.068100 0.504700 0.067200 0.770000 0.068100 0.068100 0.067500 0.068100 0.067200 0.145000 0.068100 0.067200 0.066400 0.068100 0.148400 0.067600 0.207900 0.134900 0.068100 0.067200 0.143900 0.067800 0.136500 0.068100 0.068400 0.068100 0.066400 0.067200 0.000000 0.067200 0.145000 0.143800 0.222800 0.068000 0.068500 0.067200 0.068100 0.068100 0.000400 0.068100 0.152000 0.068100 0.145000 0.068100 0.067200 0.066900 0.152200 0.068700 0.231500 0.067500 0.067200 0.067200
CommonElan 0.000200 0.389500 0.000000 0.572500 0.000200 0.000200 0.067500 0.000200 0.000000 0.067100 0.000200 0.000000 0.000400 0.000200 0.068900 0.000200 0.129100 0.063100 0.000200 0.000000 0.067300 0.000200 0.063900 0.000200 0.000200 0.000200 0.000400 0.000000 0.067200 0.000000 0.067100 0.067100 0.136800 0.000200 0.000400 0.000000 0.000400 0.000200 0.000200 0.000200 0.070100 0.000200 0.067100 0.000200 0.000000 0.000700 0.070400 0.000600 0.142800 0.000700 0.000000 0.000000
MuntiacusR 0.067900 0.504900 0.067100 0.420200 0.067900 0.067900 0.145200 0.067900 0.067100 0.000000 0.067900 0.067100 0.065500 0.067900 0.148400 0.067900 0.206300 0.134300 0.067900 0.067100 0.144600 0.067900 0.135800 0.068000 0.067900 0.067900 0.065500 0.067100 0.145000 0.067100 0.000000 0.000400 0.221500 0.067900 0.067500 0.067100 0.067000 0.067900 0.072400 0.068000 0.152400 0.067900 0.000000 0.068000 0.067100 0.065200 0.152900 0.067400 0.231900 0.067100 0.067100 0.067100
HarveysDui 0.068000 0.504800 0.067100 0.423400 0.068000 0.068000 0.145100 0.068000 0.067100 0.000400 0.067300 0.067100 0.066300 0.068000 0.147900 0.068000 0.207500 0.134600 0.068000 0.067100 0.143500 0.068000 0.136200 0.067900 0.068000 0.068000 0.066300 0.067100 0.143800 0.067100 0.000400 0.000000 0.222000 0.068000 0.068400 0.067100 0.067800 0.068000 0.072400 0.067900 0.151500 0.068000 0.000400 0.067900 0.067100 0.066500 0.151700 0.068500 0.230600 0.066800 0.067100 0.067100
Pronghorn 0.139500 0.442400 0.136800 0.764900 0.139500 0.139500 0.227500 0.139500 0.136800 0.221500 0.139500 0.136800 0.136500 0.139500 0.232700 0.139500 0.131200 0.062600 0.139500 0.136800 0.220900 0.139500 0.063300 0.138700 0.139500 0.139500 0.136500 0.136800 0.222800 0.136800 0.221500 0.222000 0.000000 0.139500 0.140700 0.136800 0.138700 0.139500 0.148100 0.138700 0.236600 0.139500 0.221500 0.138700 0.136800 0.137000 0.066500 0.141300 0.330200 0.141200 0.136800 0.136800
BlueWildeb 0.000000 0.396300 0.000200 0.576500 0.000000 0.000000 0.068700 0.000000 0.000200 0.067900 0.000000 0.000200 0.000200 0.000000 0.070100 0.000000 0.131200 0.064300 0.000000 0.000200 0.067100 0.000000 0.064800 0.000400 0.000000 0.000000 0.000200 0.000200 0.068000 0.000200 0.067900 0.068000 0.139500 0.000000 0.000200 0.000200 0.000200 0.000000 0.000400 0.000400 0.071300 0.000000 0.067900 0.000400 0.000200 0.000400 0.071500 0.000400 0.145400 0.000900 0.000200 0.000200
Gemsbok 0.000200 0.396500 0.000400 0.577700 0.000200 0.000200 0.069300 0.000200 0.000400 0.067500 0.000200 0.000400 0.000400 0.000200 0.070000 0.000200 0.132300 0.064600 0.000200 0.000400 0.068600 0.000200 0.064900 0.000700 0.000200 0.000200 0.000400 0.000400 0.068500 0.000400 0.067500 0.068400 0.140700 0.000200 0.000000 0.000400 0.000400 0.000200 0.000700 0.000700 0.071700 0.000200 0.067500 0.000700 0.000400 0.000600 0.072300 0.000600 0.145300 0.001100 0.000400 0.000400
Yak 0.000200 0.389500 0.000000 0.572500 0.000200 0.000200 0.067500 0.000200 0.000000 0.067100 0.000200 0.000000 0.000400 0.000200 0.068900 0.000200 0.129100 0.063100 0.000200 0.000000 0.067300 0.000200 0.063900 0.000200 0.000200 0.000200 0.000400 0.000000 0.067200 0.000000 0.067100 0.067100 0.136800 0.000200 0.000400 0.000000 0.000400 0.000200 0.000200 0.000200 0.070100 0.000200 0.067100 0.000200 0.000000 0.000700 0.070400 0.000600 0.142800 0.000700 0.000000 0.000000
BlueSheep 0.000200 0.392800 0.000400 0.575400 0.000200 0.000200 0.068500 0.000200 0.000400 0.067000 0.000200 0.000400 0.000400 0.000200 0.069700 0.000200 0.130400 0.063700 0.000200 0.000400 0.068100 0.000200 0.064100 0.000700 0.000200 0.000200 0.000400 0.000400 0.068100 0.000400 0.067000 0.067800 0.138700 0.000200 0.000400 0.000400 0.000000 0.000200 0.000600 0.000700 0.071000 0.000200 0.067000 0.000700 0.000400 0.000200 0.071500 0.000600 0.144500 0.001100 0.000400 0.000400
BohorReedb 0.000000 0.396300 0.000200 0.576500 0.000000 0.000000 0.068700 0.000000 0.000200 0.067900 0.000000 0.000200 0.000200 0.000000 0.070100 0.000000 0.131200 0.064300 0.000000 0.000200 0.068000 0.000000 0.064800 0.000400 0.000000 0.000000 0.000200 0.000200 0.068100 0.000200 0.067900 0.068000 0.139500 0.000000 0.000200 0.000200 0.000200 0.000000 0.000400 0.000400 0.071300 0.000000 0.067900 0.000400 0.000200 0.000400 0.069700 0.000400 0.145400 0.000900 0.000200 0.000200
KirksDik 0.000400 0.433000 0.000200 0.662900 0.000400 0.000400 0.070800 0.000400 0.000200 0.072400 0.000400 0.000200 0.000600 0.000400 0.074600 0.000400 0.139200 0.068000 0.000400 0.000200 0.072600 0.000400 0.068500 0.000400 0.000400 0.000400 0.000600 0.000200 0.000400 0.000200 0.072400 0.072400 0.148100 0.000400 0.000700 0.000200 0.000600 0.000400 0.000000 0.000400 0.076000 0.000400 0.072400 0.000400 0.000200 0.000900 0.076300 0.000900 0.155900 0.000900 0.000200 0.000200
RoeDeer 0.000400 0.395000 0.000200 0.569800 0.000400 0.000400 0.068400 0.000400 0.000200 0.068000 0.000400 0.000200 0.000700 0.000400 0.070200 0.000400 0.129800 0.063900 0.000400 0.000200 0.068100 0.000400 0.064600 0.000000 0.000400 0.000400 0.000700 0.000200 0.068100 0.000200 0.068000 0.067900 0.138700 0.000400 0.000700 0.000200 0.000700 0.000400 0.000400 0.000000 0.071200 0.000400 0.068000 0.000000 0.000200 0.000900 0.071700 0.000900 0.145500 0.000900 0.000200 0.000200
WhiteLippe 0.071300 0.547100 0.070100 0.445400 0.071300 0.071300 0.153000 0.071300 0.070100 0.152400 0.071300 0.070100 0.069700 0.071300 0.000600 0.071300 0.217400 0.140500 0.071300 0.070100 0.150800 0.071300 0.142500 0.071200 0.071300 0.071300 0.069700 0.070100 0.152000 0.070100 0.152400 0.151500 0.236600 0.071300 0.071700 0.070100 0.071000 0.071300 0.076000 0.071200 0.000000 0.071300 0.152400 0.071200 0.070100 0.070000 0.163200 0.072400 0.069700 0.071700 0.070100 0.070100
ThomsonGaz 0.000000 0.396300 0.000200 0.576500 0.000000 0.000000 0.068700 0.000000 0.000200 0.067900 0.000000 0.000200 0.000200 0.000000 0.070100 0.000000 0.131200 0.064300 0.000000 0.000200 0.068000 0.000000 0.064800 0.000400 0.000000 0.000000 0.000200 0.000200 0.068100 0.000200 0.067900 0.068000 0.139500 0.000000 0.000200 0.000200 0.000200 0.000000 0.000400 0.000400 0.071300 0.000000 0.067900 0.000400 0.000200 0.000400 0.070300 0.000400 0.145400 0.000900 0.000200 0.000200
MuntiacusC 0.067900 0.504900 0.067100 0.420200 0.067900 0.067900 0.145200 0.067900 0.067100 0.000000 0.067900 0.067100 0.065500 0.067900 0.148400 0.067900 0.206300 0.134300 0.067900 0.067100 0.144600 0.067900 0.135800 0.068000 0.067900 0.067900 0.065500 0.067100 0.145000 0.067100 0.000000 0.000400 0.221500 0.067900 0.067500 0.067100 0.067000 0.067900 0.072400 0.068000 0.152400 0.067900 0.000000 0.068000 0.067100 0.065200 0.152900 0.067400 0.231900 0.067100 0.067100 0.067100
WhiteTaile 0.000400 0.395000 0.000200 0.569800 0.000400 0.000400 0.068400 0.000400 0.000200 0.068000 0.000400 0.000200 0.000700 0.000400 0.070200 0.000400 0.129800 0.063900 0.000400 0.000200 0.068100 0.000400 0.064600 0.000000 0.000400 0.000400 0.000700 0.000200 0.068100 0.000200 0.068000 0.067900 0.138700 0.000400 0.000700 0.000200 0.000700 0.000400 0.000400 0.000000 0.071200 0.000400 0.068000 0.000000 0.000200 0.000900 0.071700 0.000900 0.145500 0.000900 0.000200 0.000200
Cattle 0.000200 0.389500 0.000000 0.572500 0.000200 0.000200 0.067500 0.000200 0.000000 0.067100 0.000200 0.000000 0.000400 0.000200 0.068900 0.000200 0.129100 0.063100 0.000200 0.000000 0.067300 0.000200 0.063900 0.000200 0.000200 0.000200 0.000400 0.000000 0.067200 0.000000 0.067100 0.067100 0.136800 0.000200 0.000400 0.000000 0.000400 0.000200 0.000200 0.000200 0.070100 0.000200 0.067100 0.000200 0.000000 0.000700 0.070400 0.000600 0.142800 0.000700 0.000000 0.000000
RoyalAntel 0.000400 0.389600 0.000700 0.572400 0.000400 0.000400 0.067500 0.000400 0.000700 0.065200 0.000400 0.000700 0.000600 0.000400 0.068700 0.000400 0.129500 0.062700 0.000400 0.000700 0.067000 0.000400 0.062900 0.000900 0.000400 0.000400 0.000600 0.000700 0.066900 0.000700 0.065200 0.066500 0.137000 0.000400 0.000600 0.000700 0.000200 0.000400 0.000900 0.000900 0.070000 0.000400 0.065200 0.000900 0.000700 0.000000 0.070500 0.000400 0.142600 0.001400 0.000700 0.000700
Steenbok 0.071500 0.554600 0.070400 0.875200 0.071500 0.071500 0.153900 0.071500 0.070400 0.152900 0.071500 0.070400 0.070100 0.071500 0.158600 0.071500 0.219800 0.141500 0.071500 0.070400 0.150900 0.071500 0.143600 0.071700 0.071500 0.071500 0.070100 0.070400 0.152200 0.070400 0.152900 0.151700 0.066500 0.071500 0.072300 0.070400 0.071500 0.069700 0.076300 0.071700 0.163200 0.070300 0.152900 0.071700 0.070400 0.070500 0.000000 0.072700 0.250800 0.071800 0.070400 0.070400
Impala 0.000400 0.394200 0.000600 0.557600 0.000400 0.000400 0.069600 0.000400 0.000600 0.067400 0.000400 0.000600 0.000600 0.000400 0.070900 0.000400 0.133500 0.065000 0.000400 0.000600 0.068700 0.000400 0.065200 0.000900 0.000400 0.000400 0.000600 0.000600 0.068700 0.000600 0.067400 0.068500 0.141300 0.000400 0.000600 0.000600 0.000600 0.000400 0.000900 0.000900 0.072400 0.000400 0.067400 0.000900 0.000600 0.000400 0.072700 0.000000 0.146600 0.001400 0.000600 0.000600
Klipspring 0.145400 0.412600 0.142800 0.573100 0.145400 0.145400 0.068000 0.145400 0.142800 0.231900 0.145400 0.142800 0.141600 0.145400 0.068600 0.145400 0.132300 0.217700 0.145400 0.142800 0.231400 0.145400 0.220700 0.145500 0.145400 0.145400 0.141600 0.142800 0.231500 0.142800 0.231900 0.230600 0.330200 0.145400 0.145300 0.142800 0.144500 0.145400 0.155900 0.145500 0.069700 0.145400 0.231900 0.145500 0.142800 0.142600 0.250800 0.146600 0.000000 0.145300 0.142800 0.142800
ForestMusk 0.000900 0.400900 0.000700 0.578600 0.000900 0.000900 0.068800 0.000900 0.000700 0.067100 0.000900 0.000700 0.001100 0.000900 0.070000 0.000900 0.135800 0.065200 0.000900 0.000700 0.068300 0.000900 0.065200 0.000900 0.000900 0.000900 0.001100 0.000700 0.067500 0.000700 0.067100 0.066800 0.141200 0.000900 0.001100 0.000700 0.001100 0.000900 0.000900 0.000900 0.071700 0.000900 0.067100 0.000900 0.000700 0.001400 0.071800 0.001400 0.145300 0.000000 0.000700 0.000700
Bushbuck 0.000200 0.389500 0.000000 0.572500 0.000200 0.000200 0.067500 0.000200 0.000000 0.067100 0.000200 0.000000 0.000400 0.000200 0.068900 0.000200 0.129100 0.063100 0.000200 0.000000 0.067300 0.000200 0.063900 0.000200 0.000200 0.000200 0.000400 0.000000 0.067200 0.000000 0.067100 0.067100 0.136800 0.000200 0.000400 0.000000 0.000400 0.000200 0.000200 0.000200 0.070100 0.000200 0.067100 0.000200 0.000000 0.000700 0.070400 0.000600 0.142800 0.000700 0.000000 0.000000
GreaterKud 0.000200 0.389500 0.000000 0.572500 0.000200 0.000200 0.067500 0.000200 0.000000 0.067100 0.000200 0.000000 0.000400 0.000200 0.068900 0.000200 0.129100 0.063100 0.000200 0.000000 0.067300 0.000200 0.063900 0.000200 0.000200 0.000200 0.000400 0.000000 0.067200 0.000000 0.067100 0.067100 0.136800 0.000200 0.000400 0.000000 0.000400 0.000200 0.000200 0.000200 0.070100 0.000200 0.067100 0.000200 0.000000 0.000700 0.070400 0.000600 0.142800 0.000700 0.000000 0.000000
