CODONML (in paml version 4.10.7, June 2023)  /home/rachel/ruminants_paml/6406-phy-tree/ENSBTAT00000023587.fasta.phy
Model: free dN/dS Ratios for branches,  kappa = 2.000 fixed

Codon frequency model: F3x4
ns =  54  ls =  25

Codon usage in sequences
--------------------------------------------------------------------------------------------------------------------------------------
Phe TTT   3   3   3   4   4   4 | Ser TCT   0   0   0   0   0   0 | Tyr TAT   2   2   2   2   2   2 | Cys TGT   0   0   0   0   0   0
    TTC   1   1   1   0   0   0 |     TCC   2   2   2   2   1   2 |     TAC   1   1   1   1   1   1 |     TGC   0   0   0   0   0   0
Leu TTA   1   1   1   1   0   1 |     TCA   1   1   1   1   2   2 | *** TAA   0   0   0   0   0   0 | *** TGA   0   0   0   0   0   0
    TTG   0   0   0   0   0   0 |     TCG   1   1   1   1   0   0 |     TAG   0   0   0   0   0   0 | Trp TGG   0   0   0   0   0   0
--------------------------------------------------------------------------------------------------------------------------------------
Leu CTT   0   0   0   0   0   0 | Pro CCT   1   1   1   1   1   1 | His CAT   0   0   0   0   0   0 | Arg CGT   0   0   0   0   0   0
    CTC   0   0   0   0   1   0 |     CCC   1   1   1   1   1   1 |     CAC   0   0   0   0   0   0 |     CGC   0   0   0   0   0   0
    CTA   0   0   0   0   1   0 |     CCA   0   0   0   0   0   0 | Gln CAA   0   0   0   0   0   0 |     CGA   0   0   0   0   0   0
    CTG   1   2   1   1   2   2 |     CCG   0   0   0   0   0   0 |     CAG   1   1   1   1   1   1 |     CGG   0   0   0   0   0   0
--------------------------------------------------------------------------------------------------------------------------------------
Ile ATT   0   0   0   0   0   0 | Thr ACT   1   0   1   1   0   1 | Asn AAT   0   0   0   0   0   0 | Ser AGT   0   0   0   0   0   0
    ATC   1   1   1   1   1   1 |     ACC   1   1   1   1   0   0 |     AAC   0   0   0   0   0   0 |     AGC   0   0   0   0   0   0
    ATA   0   0   0   0   0   0 |     ACA   1   1   1   1   2   1 | Lys AAA   0   0   0   0   0   0 | Arg AGA   0   0   0   0   0   0
Met ATG   1   0   1   1   0   0 |     ACG   0   0   0   0   0   0 |     AAG   1   1   1   1   1   1 |     AGG   0   0   0   0   0   0
--------------------------------------------------------------------------------------------------------------------------------------
Val GTT   0   0   0   0   0   0 | Ala GCT   0   0   0   0   0   0 | Asp GAT   0   0   0   0   0   0 | Gly GGT   0   0   0   0   0   0
    GTC   0   0   0   0   0   0 |     GCC   0   1   0   0   1   1 |     GAC   1   1   1   1   1   1 |     GGC   1   1   1   1   1   1
    GTA   0   0   0   0   0   0 |     GCA   0   0   0   0   0   0 | Glu GAA   1   1   1   1   1   1 |     GGA   0   0   0   0   0   0
    GTG   0   0   0   0   0   0 |     GCG   0   0   0   0   0   0 |     GAG   0   0   0   0   0   0 |     GGG   0   0   0   0   0   0
--------------------------------------------------------------------------------------------------------------------------------------

--------------------------------------------------------------------------------------------------------------------------------------
Phe TTT   3   3   3   3   3   4 | Ser TCT   0   0   0   0   0   0 | Tyr TAT   2   2   2   2   2   2 | Cys TGT   0   0   0   0   0   0
    TTC   1   1   1   1   1   0 |     TCC   2   2   2   2   2   2 |     TAC   1   1   1   1   1   1 |     TGC   0   0   0   0   0   0
Leu TTA   1   1   1   1   1   1 |     TCA   1   1   1   1   1   1 | *** TAA   0   0   0   0   0   0 | *** TGA   0   0   0   0   0   0
    TTG   0   0   0   0   0   0 |     TCG   1   1   1   1   1   1 |     TAG   0   0   0   0   0   0 | Trp TGG   0   0   0   0   0   0
--------------------------------------------------------------------------------------------------------------------------------------
Leu CTT   0   0   0   0   0   0 | Pro CCT   1   1   1   1   1   1 | His CAT   0   0   0   0   0   0 | Arg CGT   0   0   0   0   0   0
    CTC   0   0   0   0   0   0 |     CCC   1   1   1   1   1   1 |     CAC   0   0   0   0   0   0 |     CGC   0   0   0   0   0   0
    CTA   0   0   0   0   0   0 |     CCA   0   0   0   0   0   0 | Gln CAA   0   0   0   0   0   0 |     CGA   0   0   0   0   0   0
    CTG   1   1   1   1   1   1 |     CCG   0   0   0   0   0   0 |     CAG   1   1   1   1   1   1 |     CGG   0   0   0   0   0   0
--------------------------------------------------------------------------------------------------------------------------------------
Ile ATT   0   0   0   0   0   0 | Thr ACT   1   1   1   1   1   1 | Asn AAT   0   0   0   0   0   0 | Ser AGT   0   0   0   0   0   0
    ATC   1   1   1   1   1   1 |     ACC   1   1   1   1   1   1 |     AAC   0   0   0   0   0   0 |     AGC   0   0   0   0   0   0
    ATA   0   0   0   0   0   0 |     ACA   1   1   1   1   1   1 | Lys AAA   0   0   0   0   0   0 | Arg AGA   0   0   0   0   0   0
Met ATG   1   1   1   1   1   1 |     ACG   0   0   0   0   0   1 |     AAG   1   1   1   1   1   0 |     AGG   0   0   0   0   0   0
--------------------------------------------------------------------------------------------------------------------------------------
Val GTT   0   0   0   0   0   0 | Ala GCT   0   0   0   0   0   0 | Asp GAT   0   0   0   1   0   0 | Gly GGT   0   0   0   0   0   0
    GTC   0   0   0   0   0   0 |     GCC   0   0   0   0   0   0 |     GAC   1   1   1   0   1   1 |     GGC   1   1   1   1   1   1
    GTA   0   0   0   0   0   0 |     GCA   0   0   0   0   0   0 | Glu GAA   1   1   1   1   1   1 |     GGA   0   0   0   0   0   0
    GTG   0   0   0   0   0   0 |     GCG   0   0   0   0   0   0 |     GAG   0   0   0   0   0   0 |     GGG   0   0   0   0   0   0
--------------------------------------------------------------------------------------------------------------------------------------

--------------------------------------------------------------------------------------------------------------------------------------
Phe TTT   3   3   3   3   3   2 | Ser TCT   0   0   1   0   0   0 | Tyr TAT   2   2   1   2   2   2 | Cys TGT   0   0   0   0   0   0
    TTC   1   1   1   1   1   2 |     TCC   2   2   2   2   2   2 |     TAC   1   1   2   1   1   1 |     TGC   0   0   0   0   0   0
Leu TTA   1   1   1   1   1   1 |     TCA   1   0   1   1   1   1 | *** TAA   0   0   0   0   0   0 | *** TGA   0   0   0   0   0   0
    TTG   0   0   0   0   0   0 |     TCG   1   2   0   1   1   1 |     TAG   0   0   0   0   0   0 | Trp TGG   0   0   0   0   0   0
--------------------------------------------------------------------------------------------------------------------------------------
Leu CTT   0   0   0   0   0   0 | Pro CCT   1   1   1   1   1   1 | His CAT   0   0   0   0   0   0 | Arg CGT   0   0   0   0   0   0
    CTC   0   0   0   0   0   0 |     CCC   1   1   1   1   1   1 |     CAC   0   0   0   0   0   0 |     CGC   0   0   0   0   0   0
    CTA   0   0   0   0   0   0 |     CCA   0   0   0   0   0   0 | Gln CAA   0   0   0   0   0   0 |     CGA   0   0   0   0   0   0
    CTG   1   2   1   1   1   1 |     CCG   0   0   0   0   0   0 |     CAG   1   1   1   1   1   1 |     CGG   0   0   0   0   0   0
--------------------------------------------------------------------------------------------------------------------------------------
Ile ATT   0   0   0   0   0   0 | Thr ACT   1   1   1   1   1   1 | Asn AAT   0   0   0   0   0   0 | Ser AGT   0   0   0   0   0   0
    ATC   1   1   1   1   1   1 |     ACC   1   1   1   1   1   1 |     AAC   0   0   0   0   0   0 |     AGC   0   0   0   0   0   0
    ATA   1   0   0   0   0   0 |     ACA   1   1   1   1   1   1 | Lys AAA   0   0   0   0   0   0 | Arg AGA   0   0   0   0   0   0
Met ATG   0   0   1   1   1   1 |     ACG   0   0   0   0   0   0 |     AAG   1   1   1   1   1   1 |     AGG   0   0   0   0   0   0
--------------------------------------------------------------------------------------------------------------------------------------
Val GTT   0   0   0   0   0   0 | Ala GCT   0   0   0   0   0   0 | Asp GAT   0   0   0   0   0   0 | Gly GGT   0   0   0   0   0   0
    GTC   0   0   0   0   0   0 |     GCC   0   0   0   0   0   0 |     GAC   1   1   1   1   1   1 |     GGC   1   1   1   1   1   1
    GTA   0   0   0   0   0   0 |     GCA   0   0   0   0   0   0 | Glu GAA   1   1   1   1   1   1 |     GGA   0   0   0   0   0   0
    GTG   0   0   0   0   0   0 |     GCG   0   0   0   0   0   0 |     GAG   0   0   0   0   0   0 |     GGG   0   0   0   0   0   0
--------------------------------------------------------------------------------------------------------------------------------------

--------------------------------------------------------------------------------------------------------------------------------------
Phe TTT   2   3   3   3   3   3 | Ser TCT   0   0   0   0   0   0 | Tyr TAT   2   2   2   2   2   2 | Cys TGT   0   0   0   0   0   0
    TTC   1   1   1   1   1   1 |     TCC   2   2   2   2   2   2 |     TAC   1   1   1   1   1   1 |     TGC   0   0   0   0   0   0
Leu TTA   2   1   1   1   1   1 |     TCA   1   1   1   1   1   1 | *** TAA   0   0   0   0   0   0 | *** TGA   0   0   0   0   0   0
    TTG   0   0   0   0   0   0 |     TCG   1   1   1   1   1   1 |     TAG   0   0   0   0   0   0 | Trp TGG   0   0   0   0   0   0
--------------------------------------------------------------------------------------------------------------------------------------
Leu CTT   0   0   0   0   0   0 | Pro CCT   1   1   1   1   1   1 | His CAT   0   0   0   0   0   0 | Arg CGT   0   0   0   0   0   0
    CTC   0   0   0   0   0   0 |     CCC   1   1   1   1   1   1 |     CAC   0   0   0   0   0   0 |     CGC   0   0   0   0   0   0
    CTA   0   0   0   0   0   0 |     CCA   0   0   0   0   0   0 | Gln CAA   0   0   0   0   0   0 |     CGA   0   0   0   0   0   0
    CTG   2   2   1   1   1   1 |     CCG   0   0   0   0   0   0 |     CAG   1   1   1   1   1   1 |     CGG   0   0   0   0   0   0
--------------------------------------------------------------------------------------------------------------------------------------
Ile ATT   0   0   0   0   0   0 | Thr ACT   1   1   1   1   1   1 | Asn AAT   0   0   0   0   0   0 | Ser AGT   0   0   0   0   0   0
    ATC   1   1   1   1   1   1 |     ACC   1   1   1   1   1   1 |     AAC   0   0   0   0   0   0 |     AGC   0   0   0   0   0   0
    ATA   0   0   0   0   0   0 |     ACA   1   1   1   1   1   1 | Lys AAA   0   0   0   0   0   0 | Arg AGA   0   0   0   0   0   0
Met ATG   0   0   1   1   1   1 |     ACG   0   0   0   0   0   0 |     AAG   1   1   1   1   1   1 |     AGG   0   0   0   0   0   0
--------------------------------------------------------------------------------------------------------------------------------------
Val GTT   0   0   0   0   0   0 | Ala GCT   0   0   0   0   0   0 | Asp GAT   0   0   0   0   0   0 | Gly GGT   0   0   0   0   0   0
    GTC   0   0   0   0   0   0 |     GCC   0   0   0   0   0   0 |     GAC   1   1   1   1   1   1 |     GGC   1   1   1   1   1   1
    GTA   0   0   0   0   0   0 |     GCA   0   0   0   0   0   0 | Glu GAA   1   1   1   1   1   1 |     GGA   0   0   0   0   0   0
    GTG   0   0   0   0   0   0 |     GCG   0   0   0   0   0   0 |     GAG   0   0   0   0   0   0 |     GGG   0   0   0   0   0   0
--------------------------------------------------------------------------------------------------------------------------------------

--------------------------------------------------------------------------------------------------------------------------------------
Phe TTT   3   3   3   3   3   3 | Ser TCT   0   0   0   0   0   0 | Tyr TAT   2   2   2   2   1   2 | Cys TGT   0   0   0   0   0   0
    TTC   1   1   1   1   1   1 |     TCC   2   2   2   2   2   2 |     TAC   1   1   1   1   2   1 |     TGC   0   0   0   0   0   0
Leu TTA   1   1   1   1   1   1 |     TCA   1   1   1   1   1   1 | *** TAA   0   0   0   0   0   0 | *** TGA   0   0   0   0   0   0
    TTG   0   0   0   0   0   0 |     TCG   1   1   1   1   1   1 |     TAG   0   0   0   0   0   0 | Trp TGG   0   0   0   0   0   0
--------------------------------------------------------------------------------------------------------------------------------------
Leu CTT   0   0   0   0   0   0 | Pro CCT   1   1   1   1   1   1 | His CAT   0   0   0   0   0   0 | Arg CGT   0   0   0   0   0   0
    CTC   0   0   0   0   0   0 |     CCC   1   1   1   1   1   1 |     CAC   0   0   0   0   0   0 |     CGC   0   0   0   0   0   0
    CTA   0   0   0   0   0   0 |     CCA   0   0   0   0   0   0 | Gln CAA   0   0   0   0   0   0 |     CGA   0   0   0   0   0   0
    CTG   1   1   1   1   1   1 |     CCG   0   0   0   0   0   0 |     CAG   1   1   1   1   1   1 |     CGG   0   0   0   0   0   0
--------------------------------------------------------------------------------------------------------------------------------------
Ile ATT   0   0   0   0   0   0 | Thr ACT   1   1   1   1   1   1 | Asn AAT   0   0   0   0   0   0 | Ser AGT   0   0   0   0   0   0
    ATC   1   1   1   1   1   1 |     ACC   1   1   1   1   1   1 |     AAC   0   0   0   0   0   0 |     AGC   0   0   0   0   0   0
    ATA   0   0   0   0   0   0 |     ACA   1   1   1   1   1   1 | Lys AAA   0   0   0   0   0   0 | Arg AGA   0   0   0   0   0   0
Met ATG   1   1   1   1   1   1 |     ACG   0   0   0   0   0   0 |     AAG   1   1   1   1   1   1 |     AGG   0   0   0   0   0   0
--------------------------------------------------------------------------------------------------------------------------------------
Val GTT   0   0   0   0   0   0 | Ala GCT   0   0   0   0   0   0 | Asp GAT   0   0   0   0   0   0 | Gly GGT   0   0   0   0   0   0
    GTC   0   0   0   0   0   0 |     GCC   0   0   0   0   0   0 |     GAC   1   1   1   1   1   1 |     GGC   1   1   1   1   1   1
    GTA   0   0   0   0   0   0 |     GCA   0   0   0   0   0   0 | Glu GAA   1   1   1   1   1   1 |     GGA   0   0   0   0   0   0
    GTG   0   0   0   0   0   0 |     GCG   0   0   0   0   0   0 |     GAG   0   0   0   0   0   0 |     GGG   0   0   0   0   0   0
--------------------------------------------------------------------------------------------------------------------------------------

--------------------------------------------------------------------------------------------------------------------------------------
Phe TTT   2   3   4   3   4   3 | Ser TCT   0   0   0   0   0   0 | Tyr TAT   2   2   2   2   2   2 | Cys TGT   0   0   0   0   0   0
    TTC   2   1   0   1   0   1 |     TCC   2   2   2   2   2   2 |     TAC   1   1   1   1   1   1 |     TGC   0   0   0   0   0   0
Leu TTA   1   1   1   1   1   1 |     TCA   1   1   1   1   1   1 | *** TAA   0   0   0   0   0   0 | *** TGA   0   0   0   0   0   0
    TTG   0   0   0   0   0   0 |     TCG   1   1   1   1   1   1 |     TAG   0   0   0   0   0   0 | Trp TGG   0   0   0   0   0   0
--------------------------------------------------------------------------------------------------------------------------------------
Leu CTT   0   0   0   0   0   0 | Pro CCT   1   1   1   1   1   1 | His CAT   0   0   0   0   0   0 | Arg CGT   0   0   0   0   0   0
    CTC   0   0   0   0   0   0 |     CCC   1   1   1   1   1   1 |     CAC   0   0   0   0   0   0 |     CGC   0   0   0   0   0   0
    CTA   0   0   0   0   0   0 |     CCA   0   0   0   0   0   0 | Gln CAA   0   0   0   0   0   0 |     CGA   0   0   0   0   0   0
    CTG   1   1   1   1   2   1 |     CCG   0   0   0   0   0   0 |     CAG   1   1   1   1   1   1 |     CGG   0   0   0   0   0   0
--------------------------------------------------------------------------------------------------------------------------------------
Ile ATT   0   0   0   0   0   0 | Thr ACT   1   1   1   1   1   1 | Asn AAT   0   0   0   0   0   0 | Ser AGT   0   0   0   0   0   0
    ATC   1   1   1   1   1   1 |     ACC   1   1   1   1   1   1 |     AAC   0   0   0   0   0   0 |     AGC   0   0   0   0   0   0
    ATA   0   0   0   0   0   0 |     ACA   1   1   1   1   1   1 | Lys AAA   0   0   0   0   0   0 | Arg AGA   0   0   0   0   0   0
Met ATG   1   1   1   1   0   1 |     ACG   0   0   1   0   0   0 |     AAG   1   1   0   1   1   1 |     AGG   0   0   0   0   0   0
--------------------------------------------------------------------------------------------------------------------------------------
Val GTT   0   0   0   0   0   0 | Ala GCT   0   0   0   0   0   0 | Asp GAT   0   0   0   0   0   0 | Gly GGT   0   0   0   0   0   0
    GTC   0   0   0   0   0   0 |     GCC   0   0   0   0   0   0 |     GAC   1   1   1   1   1   1 |     GGC   1   1   1   1   0   1
    GTA   0   0   0   0   0   0 |     GCA   0   0   0   0   0   0 | Glu GAA   1   1   1   1   1   1 |     GGA   0   0   0   0   1   0
    GTG   0   0   0   0   0   0 |     GCG   0   0   0   0   0   0 |     GAG   0   0   0   0   0   0 |     GGG   0   0   0   0   0   0
--------------------------------------------------------------------------------------------------------------------------------------

--------------------------------------------------------------------------------------------------------------------------------------
Phe TTT   3   3   3   3   2   3 | Ser TCT   0   0   0   0   0   0 | Tyr TAT   2   2   2   2   2   2 | Cys TGT   0   0   0   0   0   0
    TTC   1   1   1   1   2   1 |     TCC   2   2   2   2   2   2 |     TAC   1   1   1   1   1   1 |     TGC   0   0   0   0   0   0
Leu TTA   1   1   1   1   1   1 |     TCA   1   1   2   1   1   1 | *** TAA   0   0   0   0   0   0 | *** TGA   0   0   0   0   0   0
    TTG   0   0   0   0   0   0 |     TCG   1   1   0   1   1   1 |     TAG   0   0   0   0   0   0 | Trp TGG   0   0   0   0   0   0
--------------------------------------------------------------------------------------------------------------------------------------
Leu CTT   0   0   0   0   0   0 | Pro CCT   1   1   1   1   1   1 | His CAT   0   0   0   0   0   0 | Arg CGT   0   0   0   0   0   0
    CTC   0   0   0   0   0   0 |     CCC   1   1   1   1   1   1 |     CAC   0   0   0   0   0   0 |     CGC   0   0   0   0   0   0
    CTA   0   0   0   0   0   0 |     CCA   0   0   0   0   0   0 | Gln CAA   0   0   0   0   0   0 |     CGA   0   0   0   0   0   0
    CTG   1   2   1   1   1   1 |     CCG   0   0   0   0   0   0 |     CAG   1   1   1   1   1   1 |     CGG   0   0   0   0   0   0
--------------------------------------------------------------------------------------------------------------------------------------
Ile ATT   0   0   0   0   0   0 | Thr ACT   1   1   1   1   1   1 | Asn AAT   0   0   0   0   0   0 | Ser AGT   0   0   0   0   0   0
    ATC   1   1   1   1   1   1 |     ACC   1   1   1   1   1   1 |     AAC   0   0   0   0   0   0 |     AGC   0   0   0   0   0   0
    ATA   0   0   0   0   0   0 |     ACA   1   1   1   1   1   1 | Lys AAA   0   0   0   0   0   0 | Arg AGA   0   0   0   0   0   0
Met ATG   1   0   1   1   1   1 |     ACG   0   0   0   0   0   0 |     AAG   1   1   1   1   1   1 |     AGG   0   0   0   0   0   0
--------------------------------------------------------------------------------------------------------------------------------------
Val GTT   0   0   0   0   0   0 | Ala GCT   0   0   0   0   0   0 | Asp GAT   0   0   0   0   0   0 | Gly GGT   0   0   0   0   0   0
    GTC   0   0   0   0   0   0 |     GCC   0   0   0   0   0   0 |     GAC   1   1   1   1   1   1 |     GGC   1   1   1   1   1   1
    GTA   0   0   0   0   0   0 |     GCA   0   0   0   0   0   0 | Glu GAA   1   1   1   1   1   1 |     GGA   0   0   0   0   0   0
    GTG   0   0   0   0   0   0 |     GCG   0   0   0   0   0   0 |     GAG   0   0   0   0   0   0 |     GGG   0   0   0   0   0   0
--------------------------------------------------------------------------------------------------------------------------------------

--------------------------------------------------------------------------------------------------------------------------------------
Phe TTT   3   3   4   3   3   3 | Ser TCT   0   0   0   0   0   0 | Tyr TAT   2   2   2   2   2   2 | Cys TGT   0   0   0   0   0   0
    TTC   1   1   0   1   1   1 |     TCC   2   2   2   2   2   2 |     TAC   1   1   1   1   1   1 |     TGC   0   0   0   0   0   0
Leu TTA   1   1   1   1   1   1 |     TCA   1   1   1   1   1   1 | *** TAA   0   0   0   0   0   0 | *** TGA   0   0   0   0   0   0
    TTG   0   0   0   0   0   0 |     TCG   1   1   1   1   1   1 |     TAG   0   0   0   0   0   0 | Trp TGG   0   0   0   0   0   0
--------------------------------------------------------------------------------------------------------------------------------------
Leu CTT   0   0   0   0   0   0 | Pro CCT   1   1   1   1   1   1 | His CAT   0   0   0   0   0   0 | Arg CGT   0   0   0   0   0   0
    CTC   0   0   0   0   0   0 |     CCC   1   1   1   1   1   1 |     CAC   0   0   0   0   0   0 |     CGC   0   0   0   0   0   0
    CTA   0   0   0   0   0   0 |     CCA   0   0   0   0   0   0 | Gln CAA   0   0   0   0   0   0 |     CGA   0   0   0   0   0   0
    CTG   1   1   1   1   2   1 |     CCG   0   0   0   0   0   0 |     CAG   1   1   1   1   1   1 |     CGG   0   0   0   0   0   0
--------------------------------------------------------------------------------------------------------------------------------------
Ile ATT   0   0   0   0   0   0 | Thr ACT   1   1   1   1   1   1 | Asn AAT   0   0   0   0   0   0 | Ser AGT   0   0   0   0   0   0
    ATC   1   1   1   1   1   1 |     ACC   1   1   1   1   1   1 |     AAC   0   0   0   0   0   0 |     AGC   0   0   0   0   0   0
    ATA   0   0   0   0   0   0 |     ACA   1   1   1   1   1   1 | Lys AAA   0   0   0   0   0   0 | Arg AGA   0   0   0   0   0   0
Met ATG   1   1   1   1   0   1 |     ACG   0   0   1   0   0   0 |     AAG   1   1   0   1   1   1 |     AGG   0   0   0   0   0   0
--------------------------------------------------------------------------------------------------------------------------------------
Val GTT   0   0   0   0   0   0 | Ala GCT   0   0   0   0   0   0 | Asp GAT   0   0   0   0   0   0 | Gly GGT   0   0   0   0   0   0
    GTC   0   0   0   0   0   0 |     GCC   0   0   0   0   0   0 |     GAC   1   1   1   1   1   1 |     GGC   1   1   1   1   1   1
    GTA   0   0   0   0   0   0 |     GCA   0   0   0   0   0   0 | Glu GAA   1   1   1   1   1   1 |     GGA   0   0   0   0   0   0
    GTG   0   0   0   0   0   0 |     GCG   0   0   0   0   0   0 |     GAG   0   0   0   0   0   0 |     GGG   0   0   0   0   0   0
--------------------------------------------------------------------------------------------------------------------------------------

--------------------------------------------------------------------------------------------------------------------------------------
Phe TTT   2   3   4   3   3   3 | Ser TCT   0   0   0   0   0   0 | Tyr TAT   2   2   2   2   2   2 | Cys TGT   0   0   0   0   0   0
    TTC   2   1   0   1   1   1 |     TCC   2   2   2   2   2   2 |     TAC   1   1   1   1   1   1 |     TGC   0   0   0   0   0   0
Leu TTA   0   1   0   1   1   1 |     TCA   1   1   1   1   1   1 | *** TAA   0   0   0   0   0   0 | *** TGA   0   0   0   0   0   0
    TTG   1   0   0   0   0   0 |     TCG   1   1   1   1   1   1 |     TAG   0   0   0   0   0   0 | Trp TGG   0   0   0   0   0   0
--------------------------------------------------------------------------------------------------------------------------------------
Leu CTT   0   0   0   0   0   0 | Pro CCT   1   2   1   1   1   1 | His CAT   0   0   0   0   0   0 | Arg CGT   0   0   0   0   0   0
    CTC   0   0   1   0   0   0 |     CCC   1   1   1   1   1   1 |     CAC   0   0   0   0   0   0 |     CGC   0   0   0   0   0   0
    CTA   0   1   0   0   0   0 |     CCA   0   0   0   0   0   0 | Gln CAA   0   0   0   0   0   0 |     CGA   0   0   0   0   0   0
    CTG   1   0   1   1   1   1 |     CCG   0   0   0   0   0   0 |     CAG   1   1   1   1   1   1 |     CGG   0   0   0   0   0   0
--------------------------------------------------------------------------------------------------------------------------------------
Ile ATT   0   0   0   0   0   0 | Thr ACT   0   0   1   1   1   1 | Asn AAT   0   0   0   0   0   0 | Ser AGT   0   0   0   0   0   0
    ATC   1   1   1   1   1   1 |     ACC   1   1   1   1   1   1 |     AAC   0   0   0   0   0   0 |     AGC   0   0   0   0   0   0
    ATA   0   0   0   0   0   0 |     ACA   1   1   1   1   1   1 | Lys AAA   0   0   0   0   0   0 | Arg AGA   0   0   0   0   0   0
Met ATG   1   1   1   1   1   1 |     ACG   0   0   0   0   0   0 |     AAG   1   1   1   1   1   1 |     AGG   0   0   0   0   0   0
--------------------------------------------------------------------------------------------------------------------------------------
Val GTT   0   0   0   0   0   0 | Ala GCT   1   0   0   0   0   0 | Asp GAT   0   0   0   0   0   0 | Gly GGT   0   0   0   0   0   0
    GTC   0   0   0   0   0   0 |     GCC   0   0   0   0   0   0 |     GAC   1   1   1   1   1   1 |     GGC   1   1   1   1   1   1
    GTA   0   0   0   0   0   0 |     GCA   0   0   0   0   0   0 | Glu GAA   1   1   1   1   1   1 |     GGA   0   0   0   0   0   0
    GTG   0   0   0   0   0   0 |     GCG   0   0   0   0   0   0 |     GAG   0   0   0   0   0   0 |     GGG   0   0   0   0   0   0
--------------------------------------------------------------------------------------------------------------------------------------

Codon position x base (3x4) table for each sequence.

#1: Argali         
position  1:    T:0.48000    C:0.16000    A:0.24000    G:0.12000
position  2:    T:0.32000    C:0.36000    A:0.28000    G:0.04000
position  3:    T:0.28000    C:0.36000    A:0.16000    G:0.20000
Average         T:0.36000    C:0.29333    A:0.22667    G:0.12000

#2: LesserMouseDeer
position  1:    T:0.48000    C:0.20000    A:0.16000    G:0.16000
position  2:    T:0.32000    C:0.36000    A:0.28000    G:0.04000
position  3:    T:0.24000    C:0.40000    A:0.16000    G:0.20000
Average         T:0.34667    C:0.32000    A:0.20000    G:0.13333

#3: LesserKudu     
position  1:    T:0.48000    C:0.16000    A:0.24000    G:0.12000
position  2:    T:0.32000    C:0.36000    A:0.28000    G:0.04000
position  3:    T:0.28000    C:0.36000    A:0.16000    G:0.20000
Average         T:0.36000    C:0.29333    A:0.22667    G:0.12000

#4: ForestMuskDeer2
position  1:    T:0.48000    C:0.16000    A:0.24000    G:0.12000
position  2:    T:0.32000    C:0.36000    A:0.28000    G:0.04000
position  3:    T:0.32000    C:0.32000    A:0.16000    G:0.20000
Average         T:0.37333    C:0.28000    A:0.22667    G:0.12000

#5: Camel          
position  1:    T:0.40000    C:0.28000    A:0.16000    G:0.16000
position  2:    T:0.36000    C:0.32000    A:0.28000    G:0.04000
position  3:    T:0.28000    C:0.32000    A:0.24000    G:0.16000
Average         T:0.34667    C:0.30667    A:0.22667    G:0.12000

#6: KillerWhale    
position  1:    T:0.48000    C:0.20000    A:0.16000    G:0.16000
position  2:    T:0.32000    C:0.36000    A:0.28000    G:0.04000
position  3:    T:0.32000    C:0.32000    A:0.20000    G:0.16000
Average         T:0.37333    C:0.29333    A:0.21333    G:0.12000

#7: DefassaWaterbuck
position  1:    T:0.48000    C:0.16000    A:0.24000    G:0.12000
position  2:    T:0.32000    C:0.36000    A:0.28000    G:0.04000
position  3:    T:0.28000    C:0.36000    A:0.16000    G:0.20000
Average         T:0.36000    C:0.29333    A:0.22667    G:0.12000

#8: Sheep          
position  1:    T:0.48000    C:0.16000    A:0.24000    G:0.12000
position  2:    T:0.32000    C:0.36000    A:0.28000    G:0.04000
position  3:    T:0.28000    C:0.36000    A:0.16000    G:0.20000
Average         T:0.36000    C:0.29333    A:0.22667    G:0.12000

#9: MaxwellsDuiker 
position  1:    T:0.48000    C:0.16000    A:0.24000    G:0.12000
position  2:    T:0.32000    C:0.36000    A:0.28000    G:0.04000
position  3:    T:0.28000    C:0.36000    A:0.16000    G:0.20000
Average         T:0.36000    C:0.29333    A:0.22667    G:0.12000

#10: GazellaPrzewalskyi
position  1:    T:0.48000    C:0.16000    A:0.24000    G:0.12000
position  2:    T:0.32000    C:0.36000    A:0.28000    G:0.04000
position  3:    T:0.32000    C:0.32000    A:0.16000    G:0.20000
Average         T:0.37333    C:0.28000    A:0.22667    G:0.12000

#11: MountainNyala  
position  1:    T:0.48000    C:0.16000    A:0.24000    G:0.12000
position  2:    T:0.32000    C:0.36000    A:0.28000    G:0.04000
position  3:    T:0.28000    C:0.36000    A:0.16000    G:0.20000
Average         T:0.36000    C:0.29333    A:0.22667    G:0.12000

#12: MuntiacusMuntjak
position  1:    T:0.48000    C:0.16000    A:0.24000    G:0.12000
position  2:    T:0.32000    C:0.40000    A:0.24000    G:0.04000
position  3:    T:0.32000    C:0.32000    A:0.16000    G:0.20000
Average         T:0.37333    C:0.29333    A:0.21333    G:0.12000

#13: goat           
position  1:    T:0.48000    C:0.16000    A:0.24000    G:0.12000
position  2:    T:0.32000    C:0.36000    A:0.28000    G:0.04000
position  3:    T:0.28000    C:0.36000    A:0.20000    G:0.16000
Average         T:0.36000    C:0.29333    A:0.24000    G:0.10667

#14: AfricanBuffalo 
position  1:    T:0.48000    C:0.20000    A:0.20000    G:0.12000
position  2:    T:0.32000    C:0.36000    A:0.28000    G:0.04000
position  3:    T:0.28000    C:0.36000    A:0.12000    G:0.24000
Average         T:0.36000    C:0.30667    A:0.20000    G:0.13333

#15: Topi           
position  1:    T:0.48000    C:0.16000    A:0.24000    G:0.12000
position  2:    T:0.32000    C:0.36000    A:0.28000    G:0.04000
position  3:    T:0.28000    C:0.40000    A:0.16000    G:0.16000
Average         T:0.36000    C:0.30667    A:0.22667    G:0.10667

#16: CommonDuiker   
position  1:    T:0.48000    C:0.16000    A:0.24000    G:0.12000
position  2:    T:0.32000    C:0.36000    A:0.28000    G:0.04000
position  3:    T:0.28000    C:0.36000    A:0.16000    G:0.20000
Average         T:0.36000    C:0.29333    A:0.22667    G:0.12000

#17: Suni           
position  1:    T:0.48000    C:0.16000    A:0.24000    G:0.12000
position  2:    T:0.32000    C:0.36000    A:0.28000    G:0.04000
position  3:    T:0.28000    C:0.36000    A:0.16000    G:0.20000
Average         T:0.36000    C:0.29333    A:0.22667    G:0.12000

#18: Springbuck     
position  1:    T:0.48000    C:0.16000    A:0.24000    G:0.12000
position  2:    T:0.32000    C:0.36000    A:0.28000    G:0.04000
position  3:    T:0.24000    C:0.40000    A:0.16000    G:0.20000
Average         T:0.34667    C:0.30667    A:0.22667    G:0.12000

#19: Okapi          
position  1:    T:0.48000    C:0.20000    A:0.20000    G:0.12000
position  2:    T:0.32000    C:0.36000    A:0.28000    G:0.04000
position  3:    T:0.24000    C:0.36000    A:0.20000    G:0.20000
Average         T:0.34667    C:0.30667    A:0.22667    G:0.12000

#20: Giraffe        
position  1:    T:0.48000    C:0.20000    A:0.20000    G:0.12000
position  2:    T:0.32000    C:0.36000    A:0.28000    G:0.04000
position  3:    T:0.28000    C:0.36000    A:0.16000    G:0.20000
Average         T:0.36000    C:0.30667    A:0.21333    G:0.12000

#21: TibetanAntelope
position  1:    T:0.48000    C:0.16000    A:0.24000    G:0.12000
position  2:    T:0.32000    C:0.36000    A:0.28000    G:0.04000
position  3:    T:0.28000    C:0.36000    A:0.16000    G:0.20000
Average         T:0.36000    C:0.29333    A:0.22667    G:0.12000

#22: Sitatunga      
position  1:    T:0.48000    C:0.16000    A:0.24000    G:0.12000
position  2:    T:0.32000    C:0.36000    A:0.28000    G:0.04000
position  3:    T:0.28000    C:0.36000    A:0.16000    G:0.20000
Average         T:0.36000    C:0.29333    A:0.22667    G:0.12000

#23: Oribi          
position  1:    T:0.48000    C:0.16000    A:0.24000    G:0.12000
position  2:    T:0.32000    C:0.36000    A:0.28000    G:0.04000
position  3:    T:0.28000    C:0.36000    A:0.16000    G:0.20000
Average         T:0.36000    C:0.29333    A:0.22667    G:0.12000

#24: BarbarySheep   
position  1:    T:0.48000    C:0.16000    A:0.24000    G:0.12000
position  2:    T:0.32000    C:0.36000    A:0.28000    G:0.04000
position  3:    T:0.28000    C:0.36000    A:0.16000    G:0.20000
Average         T:0.36000    C:0.29333    A:0.22667    G:0.12000

#25: Daviddeer      
position  1:    T:0.48000    C:0.16000    A:0.24000    G:0.12000
position  2:    T:0.32000    C:0.36000    A:0.28000    G:0.04000
position  3:    T:0.28000    C:0.36000    A:0.16000    G:0.20000
Average         T:0.36000    C:0.29333    A:0.22667    G:0.12000

#26: Reindeer       
position  1:    T:0.48000    C:0.16000    A:0.24000    G:0.12000
position  2:    T:0.32000    C:0.36000    A:0.28000    G:0.04000
position  3:    T:0.28000    C:0.36000    A:0.16000    G:0.20000
Average         T:0.36000    C:0.29333    A:0.22667    G:0.12000

#27: Ibex           
position  1:    T:0.48000    C:0.16000    A:0.24000    G:0.12000
position  2:    T:0.32000    C:0.36000    A:0.28000    G:0.04000
position  3:    T:0.28000    C:0.36000    A:0.16000    G:0.20000
Average         T:0.36000    C:0.29333    A:0.22667    G:0.12000

#28: GyrantGazelle  
position  1:    T:0.48000    C:0.16000    A:0.24000    G:0.12000
position  2:    T:0.32000    C:0.36000    A:0.28000    G:0.04000
position  3:    T:0.28000    C:0.36000    A:0.16000    G:0.20000
Average         T:0.36000    C:0.29333    A:0.22667    G:0.12000

#29: Hartebeest     
position  1:    T:0.48000    C:0.16000    A:0.24000    G:0.12000
position  2:    T:0.32000    C:0.36000    A:0.28000    G:0.04000
position  3:    T:0.24000    C:0.40000    A:0.16000    G:0.20000
Average         T:0.34667    C:0.30667    A:0.22667    G:0.12000

#30: Bongo          
position  1:    T:0.48000    C:0.16000    A:0.24000    G:0.12000
position  2:    T:0.32000    C:0.36000    A:0.28000    G:0.04000
position  3:    T:0.28000    C:0.36000    A:0.16000    G:0.20000
Average         T:0.36000    C:0.29333    A:0.22667    G:0.12000

#31: Gerenuk        
position  1:    T:0.48000    C:0.16000    A:0.24000    G:0.12000
position  2:    T:0.32000    C:0.36000    A:0.28000    G:0.04000
position  3:    T:0.24000    C:0.40000    A:0.16000    G:0.20000
Average         T:0.34667    C:0.30667    A:0.22667    G:0.12000

#32: CommonEland    
position  1:    T:0.48000    C:0.16000    A:0.24000    G:0.12000
position  2:    T:0.32000    C:0.36000    A:0.28000    G:0.04000
position  3:    T:0.28000    C:0.36000    A:0.16000    G:0.20000
Average         T:0.36000    C:0.29333    A:0.22667    G:0.12000

#33: MuntiacusReevesi
position  1:    T:0.48000    C:0.16000    A:0.24000    G:0.12000
position  2:    T:0.32000    C:0.40000    A:0.24000    G:0.04000
position  3:    T:0.32000    C:0.32000    A:0.16000    G:0.20000
Average         T:0.37333    C:0.29333    A:0.21333    G:0.12000

#34: HarveysDuiker  
position  1:    T:0.48000    C:0.16000    A:0.24000    G:0.12000
position  2:    T:0.32000    C:0.36000    A:0.28000    G:0.04000
position  3:    T:0.28000    C:0.36000    A:0.16000    G:0.20000
Average         T:0.36000    C:0.29333    A:0.22667    G:0.12000

#35: Pronghorn      
position  1:    T:0.48000    C:0.20000    A:0.20000    G:0.12000
position  2:    T:0.32000    C:0.36000    A:0.28000    G:0.04000
position  3:    T:0.32000    C:0.28000    A:0.20000    G:0.20000
Average         T:0.37333    C:0.28000    A:0.22667    G:0.12000

#36: BlueWildebeest 
position  1:    T:0.48000    C:0.16000    A:0.24000    G:0.12000
position  2:    T:0.32000    C:0.36000    A:0.28000    G:0.04000
position  3:    T:0.28000    C:0.36000    A:0.16000    G:0.20000
Average         T:0.36000    C:0.29333    A:0.22667    G:0.12000

#37: Gemsbok        
position  1:    T:0.48000    C:0.16000    A:0.24000    G:0.12000
position  2:    T:0.32000    C:0.36000    A:0.28000    G:0.04000
position  3:    T:0.28000    C:0.36000    A:0.16000    G:0.20000
Average         T:0.36000    C:0.29333    A:0.22667    G:0.12000

#38: Yak            
position  1:    T:0.48000    C:0.20000    A:0.20000    G:0.12000
position  2:    T:0.32000    C:0.36000    A:0.28000    G:0.04000
position  3:    T:0.28000    C:0.36000    A:0.16000    G:0.20000
Average         T:0.36000    C:0.30667    A:0.21333    G:0.12000

#39: BlueSheep      
position  1:    T:0.48000    C:0.16000    A:0.24000    G:0.12000
position  2:    T:0.32000    C:0.36000    A:0.28000    G:0.04000
position  3:    T:0.28000    C:0.36000    A:0.20000    G:0.16000
Average         T:0.36000    C:0.29333    A:0.24000    G:0.10667

#40: BohorReedbuck  
position  1:    T:0.48000    C:0.16000    A:0.24000    G:0.12000
position  2:    T:0.32000    C:0.36000    A:0.28000    G:0.04000
position  3:    T:0.28000    C:0.36000    A:0.16000    G:0.20000
Average         T:0.36000    C:0.29333    A:0.22667    G:0.12000

#41: KirksDik       
position  1:    T:0.48000    C:0.16000    A:0.24000    G:0.12000
position  2:    T:0.32000    C:0.36000    A:0.28000    G:0.04000
position  3:    T:0.24000    C:0.40000    A:0.16000    G:0.20000
Average         T:0.34667    C:0.30667    A:0.22667    G:0.12000

#42: RoeDeer        
position  1:    T:0.48000    C:0.16000    A:0.24000    G:0.12000
position  2:    T:0.32000    C:0.36000    A:0.28000    G:0.04000
position  3:    T:0.28000    C:0.36000    A:0.16000    G:0.20000
Average         T:0.36000    C:0.29333    A:0.22667    G:0.12000

#43: WhiteLippedDeer
position  1:    T:0.48000    C:0.16000    A:0.24000    G:0.12000
position  2:    T:0.32000    C:0.36000    A:0.28000    G:0.04000
position  3:    T:0.28000    C:0.36000    A:0.16000    G:0.20000
Average         T:0.36000    C:0.29333    A:0.22667    G:0.12000

#44: ThomsonGazelle 
position  1:    T:0.48000    C:0.16000    A:0.24000    G:0.12000
position  2:    T:0.32000    C:0.36000    A:0.28000    G:0.04000
position  3:    T:0.28000    C:0.36000    A:0.16000    G:0.20000
Average         T:0.36000    C:0.29333    A:0.22667    G:0.12000

#45: MuntiacusCrinifrons
position  1:    T:0.48000    C:0.16000    A:0.24000    G:0.12000
position  2:    T:0.32000    C:0.40000    A:0.24000    G:0.04000
position  3:    T:0.32000    C:0.32000    A:0.16000    G:0.20000
Average         T:0.37333    C:0.29333    A:0.21333    G:0.12000

#46: WhiteTailedDeer
position  1:    T:0.48000    C:0.16000    A:0.24000    G:0.12000
position  2:    T:0.32000    C:0.36000    A:0.28000    G:0.04000
position  3:    T:0.28000    C:0.36000    A:0.16000    G:0.20000
Average         T:0.36000    C:0.29333    A:0.22667    G:0.12000

#47: Cattle         
position  1:    T:0.48000    C:0.20000    A:0.20000    G:0.12000
position  2:    T:0.32000    C:0.36000    A:0.28000    G:0.04000
position  3:    T:0.28000    C:0.36000    A:0.16000    G:0.20000
Average         T:0.36000    C:0.30667    A:0.21333    G:0.12000

#48: RoyalAntelope  
position  1:    T:0.48000    C:0.16000    A:0.24000    G:0.12000
position  2:    T:0.32000    C:0.36000    A:0.28000    G:0.04000
position  3:    T:0.28000    C:0.36000    A:0.16000    G:0.20000
Average         T:0.36000    C:0.29333    A:0.22667    G:0.12000

#49: Steenbok       
position  1:    T:0.48000    C:0.16000    A:0.20000    G:0.16000
position  2:    T:0.32000    C:0.36000    A:0.28000    G:0.04000
position  3:    T:0.24000    C:0.40000    A:0.12000    G:0.24000
Average         T:0.34667    C:0.30667    A:0.20000    G:0.14667

#50: Impala         
position  1:    T:0.48000    C:0.20000    A:0.20000    G:0.12000
position  2:    T:0.32000    C:0.36000    A:0.28000    G:0.04000
position  3:    T:0.28000    C:0.36000    A:0.20000    G:0.16000
Average         T:0.36000    C:0.30667    A:0.22667    G:0.10667

#51: Klipspringer   
position  1:    T:0.44000    C:0.20000    A:0.24000    G:0.12000
position  2:    T:0.32000    C:0.36000    A:0.28000    G:0.04000
