1
52 1
Argali 0.000000 0.278100 0.282400 0.385000 0.188200 0.049700 0.179100 0.107300 0.158000 0.251900 0.113100 0.166100 0.166400 0.137500 0.076400 0.139800 0.160900 0.078900 0.137700 0.184300 0.079900 0.110300 0.222900 0.252000 0.139500 0.132800 0.138600 0.183200 0.083700 0.184400 0.223100 0.135900 0.160600 0.141200 0.132300 0.223900 0.142800 0.190300 0.079500 0.339600 0.161300 0.132900 0.223100 0.257800 0.225800 0.160600 0.079700 0.158700 0.193500 0.081700 0.184300 0.211300
LesserMous 0.278100 0.000000 0.338200 0.360600 0.385900 0.350700 0.325500 0.285500 0.346000 0.304200 0.224500 0.283900 0.247100 0.327000 0.237300 0.219700 0.272500 0.247100 0.212700 0.379700 0.215500 0.185000 0.307300 0.303600 0.253600 0.316400 0.251700 0.375900 0.265200 0.379500 0.272300 0.323200 0.347800 0.256800 0.276200 0.313700 0.260800 0.392900 0.248900 0.362400 0.309600 0.316100 0.272300 0.237600 0.317000 0.274300 0.249300 0.200600 0.240000 0.256100 0.379200 0.414700
LesserKudu 0.282400 0.338200 0.000000 0.636700 0.379500 0.350400 0.261100 0.253700 0.097500 0.346200 0.303500 0.158400 0.254600 0.224200 0.183600 0.298300 0.278300 0.323900 0.328100 0.121700 0.223100 0.296800 0.389500 0.345900 0.261100 0.315600 0.259300 0.121100 0.268700 0.121800 0.392100 0.221800 0.427100 0.263900 0.351700 0.184300 0.341200 0.385800 0.256400 0.533800 0.393000 0.184600 0.392100 0.353300 0.185700 0.243700 0.256200 0.239900 0.355600 0.338100 0.121800 0.146400
KillerWhal 0.385000 0.360600 0.636700 0.000000 0.505800 0.467800 0.540300 0.398000 0.464800 0.511200 0.333400 0.397000 0.396300 0.449200 0.388200 0.357700 0.431100 0.354500 0.320100 0.503800 0.360800 0.246500 0.512100 0.508000 0.364500 0.432300 0.362000 0.496800 0.381800 0.502000 0.471500 0.443600 0.462800 0.369200 0.427500 0.476100 0.376000 0.519100 0.357800 0.520100 0.521400 0.433800 0.471500 0.523200 0.481500 0.379100 0.357100 0.337200 0.482000 0.368800 0.501500 0.542600
DefassaWat 0.188200 0.385900 0.379500 0.505800 0.000000 0.247900 0.262200 0.191600 0.242800 0.348500 0.201500 0.255200 0.191400 0.225900 0.217900 0.228900 0.283600 0.194000 0.225200 0.270200 0.162900 0.196800 0.317100 0.348400 0.229400 0.156400 0.228000 0.268600 0.170500 0.207100 0.317400 0.223700 0.218700 0.232100 0.281600 0.319300 0.167000 0.124600 0.163100 0.442700 0.318200 0.217200 0.317400 0.356100 0.321800 0.185100 0.163200 0.245100 0.285500 0.231300 0.206900 0.174900
Sheep 0.049700 0.350700 0.350400 0.467800 0.247900 0.000000 0.236500 0.163900 0.215400 0.284300 0.173000 0.226500 0.227500 0.197200 0.129400 0.199900 0.219800 0.133800 0.196700 0.242900 0.135400 0.168600 0.253900 0.284200 0.199600 0.158900 0.198200 0.240900 0.141800 0.243300 0.254600 0.194600 0.218800 0.201900 0.158100 0.251600 0.204400 0.250800 0.135100 0.301900 0.190000 0.190000 0.254600 0.290800 0.253700 0.219200 0.135100 0.216300 0.254700 0.080100 0.242600 0.271500
MaxwellsDu 0.179100 0.325500 0.261100 0.540300 0.262200 0.236500 0.000000 0.245600 0.297100 0.409800 0.258500 0.312700 0.243900 0.214100 0.149300 0.253400 0.236700 0.214000 0.281700 0.325800 0.155600 0.252700 0.374800 0.408800 0.218100 0.208200 0.283500 0.322800 0.226000 0.325300 0.377200 0.211500 0.300400 0.288100 0.207700 0.302700 0.220900 0.302400 0.215000 0.513000 0.304600 0.150600 0.377200 0.380000 0.304200 0.268400 0.214800 0.203800 0.340600 0.287800 0.325200 0.354800
GazellaPrz 0.107300 0.285500 0.253700 0.398000 0.191600 0.163900 0.245600 0.000000 0.132100 0.193100 0.115700 0.138800 0.170500 0.081900 0.106900 0.142600 0.196800 0.139300 0.140500 0.158400 0.081500 0.112600 0.165300 0.193300 0.143300 0.135600 0.142300 0.157300 0.085400 0.158300 0.165300 0.080800 0.227800 0.145100 0.196300 0.197100 0.145800 0.194000 0.081500 0.278500 0.165500 0.135600 0.165300 0.197700 0.198700 0.164200 0.081600 0.162900 0.112500 0.144700 0.158200 0.184900
MountainNy 0.158000 0.346000 0.097500 0.464800 0.242800 0.215400 0.297100 0.132100 0.000000 0.213800 0.169700 0.049900 0.161400 0.163400 0.128500 0.196000 0.216700 0.191300 0.193300 0.023100 0.133000 0.165600 0.249300 0.214100 0.135500 0.186400 0.134600 0.022400 0.139200 0.022600 0.249600 0.161500 0.280800 0.137000 0.248600 0.100800 0.200300 0.245800 0.133100 0.368200 0.250100 0.128500 0.249600 0.285200 0.101500 0.155900 0.133200 0.213700 0.219400 0.198600 0.022500 0.046300
MuntiacusM 0.251900 0.304200 0.346200 0.511200 0.348500 0.284300 0.409800 0.193100 0.213800 0.000000 0.203000 0.161500 0.191900 0.227500 0.251200 0.229800 0.284400 0.224200 0.227000 0.240900 0.227300 0.198300 0.097300 0.046700 0.165500 0.286000 0.164500 0.239100 0.238500 0.240800 0.023200 0.224800 0.316600 0.167500 0.283700 0.217700 0.235200 0.280900 0.227000 0.167300 0.096800 0.219200 0.023200 0.125700 0.219400 0.249000 0.227100 0.281500 0.218600 0.231600 0.240700 0.268600
goat 0.113100 0.224500 0.303500 0.333400 0.201500 0.173000 0.258500 0.115700 0.169700 0.203000 0.000000 0.114600 0.115400 0.149300 0.143100 0.150900 0.173600 0.085100 0.084600 0.198000 0.086100 0.057400 0.205700 0.203100 0.087600 0.142500 0.087000 0.196200 0.088900 0.197600 0.173900 0.147000 0.112000 0.088800 0.142400 0.173900 0.089000 0.204500 0.086000 0.292800 0.206400 0.143200 0.173900 0.208000 0.175400 0.173100 0.086200 0.172100 0.209500 0.088400 0.197500 0.226000
AfricanBuf 0.166100 0.283900 0.158400 0.397000 0.255200 0.226500 0.312700 0.138800 0.049900 0.161500 0.114600 0.000000 0.108700 0.171900 0.134800 0.206700 0.163700 0.138000 0.139300 0.074700 0.139800 0.111600 0.226900 0.161800 0.082200 0.196000 0.081700 0.074300 0.146800 0.074700 0.195400 0.169800 0.226200 0.083200 0.194700 0.051000 0.144500 0.258600 0.139900 0.311600 0.227700 0.134800 0.195400 0.229400 0.051300 0.163700 0.140000 0.224700 0.231100 0.143300 0.074700 0.099600
Topi 0.166400 0.247100 0.254600 0.396300 0.191400 0.227500 0.243900 0.170500 0.161400 0.191900 0.115400 0.108700 0.000000 0.204200 0.196500 0.208200 0.227700 0.138900 0.140300 0.188300 0.081400 0.112400 0.260100 0.192100 0.082300 0.197300 0.081400 0.187100 0.147900 0.129100 0.227500 0.201800 0.226600 0.082900 0.134700 0.104900 0.145600 0.260600 0.140200 0.346800 0.261300 0.135700 0.227500 0.229400 0.106200 0.077200 0.140300 0.193100 0.266200 0.143500 0.188300 0.155100
CommonDuik 0.137500 0.327000 0.224200 0.449200 0.225900 0.197200 0.214100 0.081900 0.163400 0.227500 0.149300 0.171900 0.204200 0.000000 0.137000 0.176800 0.231200 0.172600 0.174100 0.190700 0.111900 0.145300 0.198300 0.227400 0.176700 0.168000 0.175500 0.189100 0.117400 0.190400 0.198700 0.053000 0.263000 0.178700 0.232400 0.231600 0.180600 0.229300 0.111300 0.317400 0.198900 0.108100 0.198700 0.233100 0.233000 0.196400 0.111300 0.195300 0.167700 0.178200 0.190400 0.217900
Suni 0.076400 0.237300 0.183600 0.388200 0.217900 0.129400 0.149300 0.106900 0.128500 0.251200 0.143100 0.134800 0.196500 0.137000 0.000000 0.139800 0.075500 0.106400 0.167400 0.154200 0.107600 0.139700 0.222100 0.251100 0.169600 0.161300 0.168400 0.153100 0.112600 0.154100 0.222500 0.135300 0.189600 0.171600 0.160600 0.190400 0.173600 0.220400 0.107000 0.339400 0.160600 0.161400 0.222500 0.257200 0.192100 0.189600 0.107200 0.128500 0.192900 0.171500 0.154100 0.180100
Springbuck 0.139800 0.219700 0.298300 0.357700 0.228900 0.199900 0.253400 0.142600 0.196000 0.229800 0.150900 0.206700 0.208200 0.176800 0.139800 0.000000 0.237100 0.174300 0.176100 0.224100 0.113200 0.145500 0.200300 0.229800 0.179600 0.169600 0.178400 0.222500 0.057400 0.224100 0.200600 0.174600 0.268500 0.182000 0.234700 0.271100 0.183200 0.231900 0.113300 0.319400 0.200900 0.169600 0.200600 0.235400 0.273700 0.200400 0.113400 0.167800 0.170400 0.181400 0.224000 0.253000
Okapi 0.160900 0.272500 0.278300 0.431100 0.283600 0.219800 0.236700 0.196800 0.216700 0.284400 0.173600 0.163700 0.227700 0.231200 0.075500 0.237100 0.000000 0.134700 0.136000 0.244200 0.198400 0.169400 0.287800 0.218700 0.200400 0.256400 0.198900 0.181600 0.208200 0.244300 0.254800 0.228700 0.188200 0.202500 0.190000 0.220700 0.205100 0.287500 0.197400 0.303900 0.221800 0.256500 0.254800 0.223500 0.222300 0.288000 0.196300 0.217100 0.292700 0.202200 0.244200 0.240800
Giraffe 0.078900 0.247100 0.323900 0.354500 0.194000 0.133800 0.214000 0.139300 0.191300 0.224200 0.085100 0.138000 0.138900 0.172600 0.106400 0.174300 0.134700 0.000000 0.110100 0.218900 0.110500 0.082800 0.227900 0.224300 0.112300 0.165600 0.111600 0.216900 0.115900 0.218500 0.195900 0.170200 0.077700 0.113700 0.106200 0.195900 0.114100 0.196600 0.110500 0.312100 0.164600 0.165800 0.195900 0.229600 0.197500 0.195100 0.110600 0.193800 0.231000 0.113400 0.218400 0.246300
TibetanAnt 0.137700 0.212700 0.328100 0.320100 0.225200 0.196700 0.281700 0.140500 0.193300 0.227000 0.084600 0.139300 0.140300 0.174100 0.167400 0.176100 0.136000 0.110100 0.000000 0.221100 0.111500 0.055000 0.230000 0.164200 0.113200 0.167100 0.112400 0.158500 0.116900 0.221000 0.198100 0.171900 0.196900 0.114600 0.166100 0.198000 0.115100 0.228200 0.111500 0.219400 0.230900 0.167200 0.198100 0.167900 0.199700 0.166600 0.111600 0.168000 0.198000 0.114500 0.220900 0.249400
Sitatunga 0.184300 0.379700 0.121700 0.503800 0.270200 0.242900 0.325800 0.158400 0.023100 0.240900 0.198000 0.074700 0.188300 0.190700 0.154200 0.224100 0.244200 0.218900 0.221100 0.000000 0.159800 0.193200 0.277600 0.241200 0.162500 0.213300 0.161500 0.045900 0.166900 0.046200 0.278200 0.188400 0.309600 0.164300 0.277000 0.125900 0.229100 0.273800 0.159600 0.399800 0.278700 0.154100 0.278200 0.315000 0.126700 0.181800 0.159600 0.240900 0.247200 0.227300 0.046200 0.069300
Oribi 0.079900 0.215500 0.223100 0.360800 0.162900 0.135400 0.155600 0.081500 0.133000 0.227300 0.086100 0.139800 0.081400 0.111900 0.107600 0.113200 0.198400 0.110500 0.111500 0.159800 0.000000 0.083800 0.198200 0.227400 0.113600 0.107200 0.112900 0.158400 0.056600 0.159400 0.198400 0.110500 0.197700 0.115100 0.107100 0.136200 0.115600 0.164800 0.054000 0.316100 0.198800 0.107600 0.198400 0.200100 0.137300 0.106900 0.054100 0.106000 0.168500 0.114700 0.159400 0.186300
BarbaryShe 0.110300 0.185000 0.296800 0.246500 0.196800 0.168600 0.252700 0.112600 0.165600 0.198300 0.057400 0.111600 0.112400 0.145300 0.139700 0.145500 0.169400 0.082800 0.055000 0.193200 0.083800 0.000000 0.201100 0.198500 0.085100 0.139400 0.084600 0.191600 0.088000 0.193000 0.169800 0.143400 0.169000 0.086300 0.138700 0.169600 0.086600 0.199500 0.083900 0.218200 0.201700 0.139500 0.169800 0.203200 0.171000 0.108100 0.083900 0.107200 0.172500 0.086100 0.192900 0.221000
Daviddeer 0.222900 0.307300 0.389500 0.512100 0.317100 0.253900 0.374800 0.165300 0.249300 0.097300 0.205700 0.226900 0.260100 0.198300 0.222100 0.200300 0.287800 0.227900 0.230000 0.277600 0.198200 0.201100 0.000000 0.097500 0.232400 0.255600 0.230900 0.275400 0.207700 0.277500 0.072900 0.196000 0.321800 0.235200 0.286900 0.287500 0.238300 0.321400 0.197600 0.170200 0.047800 0.255300 0.072900 0.128200 0.290200 0.287200 0.198000 0.253200 0.190800 0.234500 0.277300 0.306600
Reindeer 0.252000 0.303600 0.345900 0.508000 0.348400 0.284200 0.408800 0.193300 0.214100 0.046700 0.203100 0.161800 0.192100 0.227400 0.251100 0.229800 0.218700 0.224300 0.164200 0.241200 0.227400 0.198500 0.097500 0.000000 0.165700 0.285800 0.164600 0.179800 0.238400 0.241200 0.072000 0.224800 0.316700 0.167600 0.283600 0.218000 0.235200 0.353600 0.226800 0.116800 0.097400 0.219100 0.072000 0.073700 0.219800 0.249400 0.227200 0.283100 0.218900 0.231600 0.241100 0.269100
Ibex 0.139500 0.253600 0.261100 0.364500 0.229400 0.199600 0.218100 0.143300 0.135500 0.165500 0.087600 0.082200 0.082300 0.176700 0.169600 0.179600 0.200400 0.112300 0.113200 0.162500 0.113600 0.085100 0.232400 0.165700 0.000000 0.109200 0.055100 0.161200 0.119300 0.162300 0.200400 0.174200 0.199800 0.056200 0.169500 0.137800 0.117400 0.200400 0.113000 0.319700 0.233500 0.052800 0.200400 0.235200 0.138900 0.137300 0.113100 0.198200 0.236900 0.115900 0.162300 0.189600
GyrantGaze 0.132800 0.316400 0.315600 0.432300 0.156400 0.158900 0.208200 0.135600 0.186400 0.286000 0.142500 0.196000 0.197300 0.168000 0.161300 0.169600 0.256400 0.165600 0.167100 0.213300 0.107200 0.139400 0.255600 0.285800 0.109200 0.000000 0.169300 0.211600 0.112600 0.213100 0.256200 0.165800 0.254900 0.172500 0.159100 0.189200 0.173300 0.130100 0.107600 0.338300 0.256700 0.103600 0.256200 0.292700 0.190800 0.190100 0.107700 0.188500 0.225100 0.139800 0.153000 0.240500
Hartebeest 0.138600 0.251700 0.259300 0.362000 0.228000 0.198200 0.283500 0.142300 0.134600 0.164500 0.087000 0.081700 0.081400 0.175500 0.168400 0.178400 0.198900 0.111600 0.112400 0.161500 0.112900 0.084600 0.230900 0.164600 0.055100 0.169300 0.000000 0.160100 0.118500 0.161300 0.199100 0.173000 0.198400 0.055600 0.168400 0.136100 0.116600 0.231300 0.112200 0.248200 0.231900 0.108800 0.199100 0.233600 0.138100 0.135700 0.112400 0.196900 0.236000 0.115200 0.161200 0.188400
Bongo 0.183200 0.375900 0.121100 0.496800 0.268600 0.240900 0.322800 0.157300 0.022400 0.239100 0.196200 0.074300 0.187100 0.189100 0.153100 0.222500 0.181600 0.216900 0.158500 0.045900 0.158400 0.191600 0.275400 0.179800 0.161200 0.211600 0.160100 0.000000 0.165700 0.046000 0.275700 0.187100 0.307000 0.163000 0.274400 0.125200 0.227400 0.271700 0.158600 0.323700 0.276400 0.152900 0.275700 0.245000 0.126000 0.180900 0.158700 0.238800 0.245500 0.225200 0.045100 0.069000
Gerenuk 0.083700 0.265200 0.268700 0.381800 0.170500 0.141800 0.226000 0.085400 0.139200 0.238500 0.088900 0.146800 0.147900 0.117400 0.112600 0.057400 0.208200 0.115900 0.116900 0.166900 0.056600 0.088000 0.207700 0.238400 0.119300 0.112600 0.118500 0.165700 0.000000 0.166900 0.208100 0.115800 0.207300 0.121000 0.174900 0.208700 0.121300 0.172600 0.056600 0.331400 0.208500 0.112700 0.208100 0.244500 0.210600 0.142200 0.056600 0.140800 0.176800 0.120500 0.166800 0.195000
CommonElan 0.184400 0.379500 0.121800 0.502000 0.207100 0.243300 0.325300 0.158300 0.022600 0.240800 0.197600 0.074700 0.129100 0.190400 0.154100 0.224100 0.244300 0.218500 0.221000 0.046200 0.159400 0.193000 0.277500 0.241200 0.162300 0.213100 0.161300 0.046000 0.166900 0.000000 0.277800 0.188400 0.309400 0.164200 0.276500 0.126000 0.229000 0.273700 0.159700 0.398300 0.278500 0.154000 0.277800 0.314600 0.126700 0.124900 0.159700 0.240600 0.247200 0.226900 0.046200 0.022400
MuntiacusR 0.223100 0.272300 0.392100 0.471500 0.317400 0.254600 0.377200 0.165300 0.249600 0.023200 0.173900 0.195400 0.227500 0.198700 0.222500 0.200600 0.254800 0.195900 0.198100 0.278200 0.198400 0.169800 0.072900 0.072000 0.200400 0.256200 0.199100 0.275700 0.208100 0.277800 0.000000 0.196200 0.286700 0.202800 0.254500 0.254300 0.205200 0.251800 0.198000 0.143200 0.072600 0.256200 0.000000 0.100500 0.256500 0.287500 0.198200 0.252300 0.190800 0.202300 0.277700 0.307000
HarveysDui 0.135900 0.323200 0.221800 0.443600 0.223700 0.194600 0.211500 0.080800 0.161500 0.224800 0.147000 0.169800 0.201800 0.053000 0.135300 0.174600 0.228700 0.170200 0.171900 0.188400 0.110500 0.143400 0.196000 0.224800 0.174200 0.165800 0.173000 0.187100 0.115800 0.188400 0.196200 0.000000 0.228700 0.176200 0.229200 0.229000 0.178100 0.226500 0.109900 0.313000 0.196500 0.106600 0.196200 0.230400 0.230300 0.194500 0.109900 0.192800 0.165700 0.175500 0.188400 0.215900
Pronghorn 0.160600 0.347800 0.427100 0.462800 0.218700 0.218800 0.300400 0.227800 0.280800 0.316600 0.112000 0.226200 0.226600 0.263000 0.189600 0.268500 0.188200 0.077700 0.196900 0.309600 0.197700 0.169000 0.321800 0.316700 0.199800 0.254900 0.198400 0.307000 0.207300 0.309400 0.286700 0.228700 0.000000 0.201900 0.189700 0.286500 0.204200 0.221400 0.196600 0.408700 0.252700 0.254700 0.286700 0.323800 0.288500 0.285500 0.195500 0.282400 0.324900 0.201300 0.309300 0.269700
BlueWildeb 0.141200 0.256800 0.263900 0.369200 0.232100 0.201900 0.288100 0.145100 0.137000 0.167500 0.088800 0.083200 0.082900 0.178700 0.171600 0.182000 0.202500 0.113700 0.114600 0.164300 0.115100 0.086300 0.235200 0.167600 0.056200 0.172500 0.055600 0.163000 0.121000 0.164200 0.202800 0.176200 0.201900 0.000000 0.171500 0.138700 0.119000 0.235500 0.114400 0.323700 0.236100 0.110900 0.202800 0.238000 0.140600 0.138200 0.114500 0.200600 0.240500 0.117500 0.164100 0.191700
Gemsbok 0.132300 0.276200 0.351700 0.427500 0.281600 0.158100 0.207700 0.196300 0.248600 0.283700 0.142400 0.194700 0.134700 0.232400 0.160600 0.234700 0.190000 0.106200 0.166100 0.277000 0.107100 0.138700 0.286900 0.283600 0.169500 0.159100 0.168400 0.274400 0.174900 0.276500 0.254500 0.229200 0.189700 0.171500 0.000000 0.129300 0.172400 0.286000 0.166800 0.266300 0.221400 0.223000 0.254500 0.256400 0.130300 0.221300 0.166900 0.219600 0.292700 0.139200 0.276400 0.305400
Yak 0.223900 0.313700 0.184300 0.476100 0.319300 0.251600 0.302700 0.197100 0.100800 0.217700 0.173900 0.051000 0.104900 0.231600 0.190400 0.271100 0.220700 0.195900 0.198000 0.125900 0.136200 0.169600 0.287500 0.218000 0.137800 0.189200 0.136100 0.125200 0.208700 0.126000 0.254300 0.229000 0.286500 0.138700 0.129300 0.000000 0.205600 0.323900 0.197700 0.335700 0.288900 0.191400 0.254300 0.256500 0.000100 0.188500 0.197800 0.251100 0.294300 0.169000 0.125900 0.151400
BlueSheep 0.142800 0.260800 0.341200 0.376000 0.167000 0.204400 0.220900 0.145800 0.200300 0.235200 0.089000 0.144500 0.145600 0.180600 0.173600 0.183200 0.205100 0.114100 0.115100 0.229100 0.115600 0.086600 0.238300 0.235200 0.117400 0.173300 0.116600 0.227400 0.121300 0.229000 0.205200 0.178100 0.204200 0.119000 0.172400 0.205600 0.000000 0.237100 0.115700 0.327400 0.239300 0.173300 0.205200 0.241000 0.207200 0.204800 0.115700 0.202700 0.242700 0.118500 0.229000 0.258600
BohorReedb 0.190300 0.392900 0.385800 0.519100 0.124600 0.250800 0.302400 0.194000 0.245800 0.280900 0.204500 0.258600 0.260600 0.229300 0.220400 0.231900 0.287500 0.196600 0.228200 0.273800 0.164800 0.199500 0.321400 0.353600 0.200400 0.130100 0.231300 0.271700 0.172600 0.273700 0.251800 0.226500 0.221400 0.235500 0.286000 0.323900 0.237100 0.000000 0.164900 0.452200 0.323000 0.189700 0.251800 0.362000 0.326800 0.251300 0.165000 0.248400 0.289400 0.234800 0.209100 0.236500
KirksDik 0.079500 0.248900 0.256400 0.357800 0.163100 0.135100 0.215000 0.081500 0.133100 0.227000 0.086000 0.139900 0.140200 0.111300 0.107000 0.113300 0.197400 0.110500 0.111500 0.159600 0.054000 0.083900 0.197600 0.226800 0.113000 0.107600 0.112200 0.158600 0.056600 0.159700 0.198000 0.109900 0.196600 0.114400 0.166800 0.197700 0.115700 0.164900 0.000000 0.315200 0.198400 0.107600 0.198000 0.232400 0.199400 0.135100 0.053800 0.133800 0.167300 0.114000 0.159600 0.186600
RoeDeer 0.339600 0.362400 0.533800 0.520100 0.442700 0.301900 0.513000 0.278500 0.368200 0.167300 0.292800 0.311600 0.346800 0.317400 0.339400 0.319400 0.303900 0.312100 0.219400 0.399800 0.316100 0.218200 0.170200 0.116800 0.319700 0.338300 0.248200 0.323700 0.331400 0.398300 0.143200 0.313000 0.408700 0.323700 0.266300 0.335700 0.327400 0.452200 0.315200 0.000000 0.169600 0.378400 0.143200 0.146600 0.339100 0.333600 0.315200 0.299000 0.271400 0.251500 0.398000 0.430300
WhiteLippe 0.161300 0.309600 0.393000 0.521400 0.318200 0.190000 0.304600 0.165500 0.250100 0.096800 0.206400 0.227700 0.261300 0.198900 0.160600 0.200900 0.221800 0.164600 0.230900 0.278700 0.198800 0.201700 0.047800 0.097400 0.233500 0.256700 0.231900 0.276400 0.208500 0.278500 0.072600 0.196500 0.252700 0.236100 0.221400 0.288900 0.239300 0.323000 0.198400 0.169600 0.000000 0.256600 0.072600 0.127700 0.291400 0.288500 0.198600 0.252800 0.191200 0.235400 0.278300 0.307900
ThomsonGaz 0.132900 0.316100 0.184600 0.433800 0.217200 0.190000 0.150600 0.135600 0.128500 0.219200 0.143200 0.134800 0.135700 0.108100 0.161400 0.169600 0.256500 0.165800 0.167200 0.154100 0.107600 0.139500 0.255300 0.219100 0.052800 0.103600 0.108800 0.152900 0.112700 0.154000 0.256200 0.106600 0.254700 0.110900 0.223000 0.191400 0.173300 0.189700 0.107600 0.378400 0.256600 0.000000 0.256200 0.292800 0.193000 0.130800 0.107700 0.188600 0.224800 0.172000 0.153900 0.179800
MuntiacusC 0.223100 0.272300 0.392100 0.471500 0.317400 0.254600 0.377200 0.165300 0.249600 0.023200 0.173900 0.195400 0.227500 0.198700 0.222500 0.200600 0.254800 0.195900 0.198100 0.278200 0.198400 0.169800 0.072900 0.072000 0.200400 0.256200 0.199100 0.275700 0.208100 0.277800 0.000000 0.196200 0.286700 0.202800 0.254500 0.254300 0.205200 0.251800 0.198000 0.143200 0.072600 0.256200 0.000000 0.100500 0.256500 0.287500 0.198200 0.252300 0.190800 0.202300 0.277700 0.307000
WhiteTaile 0.257800 0.237600 0.353300 0.523200 0.356100 0.290800 0.380000 0.197700 0.285200 0.125700 0.208000 0.229400 0.229400 0.233100 0.257200 0.235400 0.223500 0.229600 0.167900 0.315000 0.200100 0.203200 0.128200 0.073700 0.235200 0.292700 0.233600 0.245000 0.244500 0.314600 0.100500 0.230400 0.323800 0.238000 0.256400 0.256500 0.241000 0.362000 0.232400 0.146600 0.127700 0.292800 0.100500 0.000000 0.258900 0.287700 0.232500 0.252300 0.223700 0.237200 0.314400 0.345200
Cattle 0.225800 0.317000 0.185700 0.481500 0.321800 0.253700 0.304200 0.198700 0.101500 0.219400 0.175400 0.051300 0.106200 0.233000 0.192100 0.273700 0.222300 0.197500 0.199700 0.126700 0.137300 0.171000 0.290200 0.219800 0.138900 0.190800 0.138100 0.126000 0.210600 0.126700 0.256500 0.230300 0.288500 0.140600 0.130300 0.000100 0.207200 0.326800 0.199400 0.339100 0.291400 0.193000 0.256500 0.258900 0.000000 0.191100 0.199300 0.253500 0.296000 0.170400 0.126700 0.152300
RoyalAntel 0.160600 0.274300 0.243700 0.379100 0.185100 0.219200 0.268400 0.164200 0.155900 0.249000 0.173100 0.163700 0.077200 0.196400 0.189600 0.200400 0.288000 0.195100 0.166600 0.181800 0.106900 0.108100 0.287200 0.249400 0.137300 0.190100 0.135700 0.180900 0.142200 0.124900 0.287500 0.194500 0.285500 0.138200 0.221300 0.188500 0.204800 0.251300 0.135100 0.333600 0.288500 0.130800 0.287500 0.287700 0.191100 0.000000 0.135300 0.099400 0.224000 0.201900 0.182100 0.150200
Steenbok 0.079700 0.249300 0.256200 0.357100 0.163200 0.135100 0.214800 0.081600 0.133200 0.227100 0.086200 0.140000 0.140300 0.111300 0.107200 0.113400 0.196300 0.110600 0.111600 0.159600 0.054100 0.083900 0.198000 0.227200 0.113100 0.107700 0.112400 0.158700 0.056600 0.159700 0.198200 0.109900 0.195500 0.114500 0.166900 0.197800 0.115700 0.165000 0.053800 0.315200 0.198600 0.107700 0.198200 0.232500 0.199300 0.135300 0.000000 0.134000 0.167700 0.114100 0.159700 0.186600
Impala 0.158700 0.200600 0.239900 0.337200 0.245100 0.216300 0.203800 0.162900 0.213700 0.281500 0.172100 0.224700 0.193100 0.195300 0.128500 0.167800 0.217100 0.193800 0.168000 0.240900 0.106000 0.107200 0.253200 0.283100 0.198200 0.188500 0.196900 0.238800 0.140800 0.240600 0.252300 0.192800 0.282400 0.200600 0.219600 0.251100 0.202700 0.248400 0.133800 0.299000 0.252800 0.188600 0.252300 0.252300 0.253500 0.099400 0.134000 0.000000 0.220300 0.199900 0.240400 0.268200
Klipspring 0.193500 0.240000 0.355600 0.482000 0.285500 0.254700 0.340600 0.112500 0.219400 0.218600 0.209500 0.231100 0.266200 0.167700 0.192900 0.170400 0.292700 0.231000 0.198000 0.247200 0.168500 0.172500 0.190800 0.218900 0.236900 0.225100 0.236000 0.245500 0.176800 0.247200 0.190800 0.165700 0.324900 0.240500 0.292700 0.294300 0.242700 0.289400 0.167300 0.271400 0.191200 0.224800 0.190800 0.223700 0.296000 0.224000 0.167700 0.220300 0.000000 0.238600 0.247200 0.275900
ForestMusk 0.081700 0.256100 0.338100 0.368800 0.231300 0.080100 0.287800 0.144700 0.198600 0.231600 0.088400 0.143300 0.143500 0.178200 0.171500 0.181400 0.202200 0.113400 0.114500 0.227300 0.114700 0.086100 0.234500 0.231600 0.115900 0.139800 0.115200 0.225200 0.120500 0.226900 0.202300 0.175500 0.201300 0.117500 0.139200 0.169000 0.118500 0.234800 0.114000 0.251500 0.235400 0.172000 0.202300 0.237200 0.170400 0.201900 0.114100 0.199900 0.238600 0.000000 0.226800 0.255900
Bushbuck 0.184300 0.379200 0.121800 0.501500 0.206900 0.242600 0.325200 0.158200 0.022500 0.240700 0.197500 0.074700 0.188300 0.190400 0.154100 0.224000 0.244200 0.218400 0.220900 0.046200 0.159400 0.192900 0.277300 0.241100 0.162300 0.153000 0.161200 0.045100 0.166800 0.046200 0.277700 0.188400 0.309300 0.164100 0.276400 0.125900 0.229000 0.209100 0.159600 0.398000 0.278300 0.153900 0.277700 0.314400 0.126700 0.182100 0.159700 0.240400 0.247200 0.226800 0.000000 0.069400
GreaterKud 0.211300 0.414700 0.146400 0.542600 0.174900 0.271500 0.354800 0.184900 0.046300 0.268600 0.226000 0.099600 0.155100 0.217900 0.180100 0.253000 0.240800 0.246300 0.249400 0.069300 0.186300 0.221000 0.306600 0.269100 0.189600 0.240500 0.188400 0.069000 0.195000 0.022400 0.307000 0.215900 0.269700 0.191700 0.305400 0.151400 0.258600 0.236500 0.186600 0.430300 0.307900 0.179800 0.307000 0.345200 0.152300 0.150200 0.186600 0.268200 0.275900 0.255900 0.069400 0.000000
