1
52 1
Argali 0.000000 0.162000 0.022200 0.089400 0.014600 0.007400 0.000000 0.044800 0.022300 0.022200 0.007200 0.007300 0.014600 0.021800 0.019800 0.029400 0.044300 0.036600 0.007300 0.014700 0.022200 0.007200 0.022300 0.022100 0.007200 0.037400 0.014600 0.029400 0.036800 0.014700 0.022200 0.029400 0.044400 0.014600 0.021900 0.007300 0.000000 0.022000 0.014600 0.022100 0.022200 0.022000 0.014800 0.014700 0.007300 0.007300 0.059900 0.021900 0.007300 0.014900 0.014700 0.014700
LesserMous 0.162000 0.000000 0.174300 0.165400 0.143400 0.170700 0.163300 0.204900 0.175100 0.191100 0.170200 0.151300 0.180600 0.189200 0.188500 0.162600 0.218000 0.206900 0.171400 0.164200 0.191900 0.169600 0.192100 0.190500 0.170700 0.212600 0.162200 0.181700 0.190100 0.164200 0.190600 0.162000 0.221200 0.171400 0.170000 0.151200 0.162000 0.172100 0.182400 0.189000 0.191000 0.191400 0.181800 0.161100 0.151200 0.173200 0.239800 0.189700 0.171600 0.162500 0.164200 0.164200
LesserKudu 0.022200 0.174300 0.000000 0.100700 0.022200 0.029600 0.022100 0.074000 0.014700 0.045300 0.029600 0.014700 0.037200 0.044400 0.033700 0.052500 0.067800 0.059800 0.029800 0.007200 0.045300 0.029500 0.045500 0.045200 0.029600 0.061100 0.037300 0.021800 0.060100 0.007600 0.045200 0.037100 0.073400 0.037300 0.029500 0.014700 0.022200 0.045100 0.037300 0.045100 0.045300 0.044900 0.037700 0.022200 0.014700 0.029800 0.084200 0.044800 0.029700 0.022500 0.007200 0.007300
KillerWhal 0.089400 0.165400 0.100700 0.000000 0.072800 0.080800 0.089000 0.108700 0.092700 0.114700 0.096900 0.080300 0.106000 0.113000 0.111900 0.088500 0.105100 0.096100 0.097600 0.092100 0.098100 0.102400 0.115300 0.114400 0.097400 0.115600 0.089500 0.091400 0.079900 0.092100 0.114500 0.105000 0.125000 0.106100 0.097100 0.080100 0.089400 0.098100 0.088600 0.111900 0.114800 0.097100 0.106400 0.088700 0.080100 0.097500 0.139400 0.097300 0.097700 0.089500 0.092100 0.091700
DefassaWat 0.014600 0.143400 0.022200 0.072800 0.000000 0.022400 0.014600 0.060400 0.022300 0.037400 0.021900 0.007300 0.029400 0.036700 0.035800 0.044500 0.059700 0.051800 0.022100 0.014700 0.037400 0.021900 0.037500 0.037300 0.021900 0.052900 0.029400 0.029400 0.052000 0.014700 0.037300 0.029400 0.059800 0.029500 0.021900 0.007300 0.014600 0.022100 0.029500 0.037200 0.037400 0.037000 0.029800 0.014700 0.007300 0.022100 0.075700 0.036900 0.022100 0.014900 0.014700 0.014700
Sheep 0.007400 0.170700 0.029600 0.080800 0.022400 0.000000 0.007200 0.037000 0.029700 0.029600 0.014500 0.014500 0.021900 0.029100 0.027800 0.036800 0.036700 0.029100 0.014600 0.022000 0.029600 0.014500 0.029700 0.029500 0.014500 0.044900 0.021900 0.021900 0.029200 0.022000 0.029600 0.036800 0.036700 0.021900 0.029200 0.014500 0.007200 0.029400 0.021900 0.029500 0.029600 0.029400 0.022200 0.022000 0.014500 0.014600 0.067600 0.014500 0.014600 0.022300 0.022000 0.022100
MaxwellsDu 0.000000 0.163300 0.022100 0.089000 0.014600 0.007200 0.000000 0.044700 0.022200 0.022200 0.007200 0.007200 0.014600 0.021700 0.018500 0.029300 0.044300 0.036600 0.007300 0.014600 0.022100 0.007200 0.022300 0.022100 0.007200 0.037300 0.014600 0.029300 0.036700 0.014600 0.022100 0.029300 0.044300 0.014600 0.021900 0.007300 0.000000 0.022100 0.014600 0.022100 0.022200 0.022000 0.014700 0.014600 0.007300 0.007300 0.059800 0.021900 0.007300 0.014800 0.014600 0.014700
GazellaPrz 0.044800 0.204900 0.074000 0.108700 0.060400 0.037000 0.044700 0.000000 0.074300 0.068700 0.052200 0.052400 0.060200 0.067400 0.065800 0.044400 0.059900 0.051900 0.050900 0.065500 0.037300 0.052100 0.069000 0.068600 0.052300 0.052800 0.060300 0.065100 0.036700 0.065500 0.068600 0.075700 0.060000 0.060300 0.067800 0.052400 0.044800 0.068500 0.029500 0.068400 0.068700 0.036900 0.060900 0.060500 0.052400 0.052600 0.075400 0.052300 0.052600 0.061300 0.065500 0.065500
MountainNy 0.022300 0.175100 0.014700 0.092700 0.022300 0.029700 0.022200 0.074300 0.000000 0.045500 0.029700 0.014700 0.037400 0.044600 0.042000 0.052800 0.068100 0.060100 0.029900 0.007500 0.045500 0.029600 0.045700 0.045400 0.029700 0.061300 0.037400 0.021900 0.060400 0.007300 0.045400 0.037200 0.073800 0.037400 0.029700 0.014700 0.022300 0.045300 0.037500 0.045300 0.045500 0.045100 0.037800 0.022300 0.014700 0.029900 0.084600 0.045000 0.029900 0.022600 0.007300 0.007300
MuntiacusM 0.022200 0.191100 0.045300 0.114700 0.037400 0.029600 0.022200 0.068700 0.045500 0.000000 0.029600 0.029600 0.037300 0.044500 0.041500 0.052600 0.067200 0.059000 0.029800 0.037400 0.045300 0.029500 0.014800 0.029800 0.029600 0.061100 0.037300 0.052500 0.060100 0.037400 0.014700 0.052500 0.068000 0.037300 0.044800 0.029700 0.022200 0.045200 0.037300 0.029800 0.014800 0.044900 0.007400 0.022200 0.029700 0.014700 0.084300 0.044800 0.029800 0.038000 0.037400 0.037600
goat 0.007200 0.170200 0.029600 0.096900 0.021900 0.014500 0.007200 0.052200 0.029700 0.029600 0.000000 0.014500 0.021900 0.029000 0.026600 0.036700 0.051700 0.044000 0.014600 0.022000 0.029600 0.014400 0.029700 0.029500 0.000000 0.044800 0.021900 0.036800 0.044100 0.022000 0.029500 0.036700 0.051700 0.021900 0.029200 0.014500 0.007200 0.029500 0.021900 0.029400 0.029600 0.029300 0.022100 0.022000 0.014500 0.014600 0.067400 0.029300 0.014600 0.022300 0.022000 0.022100
AfricanBuf 0.007300 0.151300 0.014700 0.080300 0.007300 0.014500 0.007200 0.052400 0.014700 0.029600 0.014500 0.000000 0.021900 0.029100 0.025900 0.036800 0.051800 0.044000 0.014600 0.007300 0.029600 0.014500 0.029700 0.029600 0.014500 0.044900 0.021900 0.021900 0.044200 0.007300 0.029600 0.021800 0.051900 0.022000 0.014500 0.000000 0.007300 0.029500 0.022000 0.029500 0.029600 0.029400 0.022200 0.007300 0.000000 0.014600 0.067600 0.029300 0.014600 0.007400 0.007300 0.007300
Topi 0.014600 0.180600 0.037200 0.106000 0.029400 0.021900 0.014600 0.060200 0.037400 0.037300 0.021900 0.021900 0.000000 0.036600 0.035800 0.044400 0.059600 0.051700 0.022100 0.029500 0.037300 0.021800 0.037400 0.037200 0.021900 0.052700 0.014600 0.044400 0.051900 0.029500 0.037200 0.044400 0.059600 0.014600 0.036700 0.022000 0.014600 0.037100 0.029500 0.037100 0.037300 0.036900 0.029800 0.029500 0.022000 0.022000 0.075600 0.036800 0.022000 0.029900 0.029500 0.029700
CommonDuik 0.021800 0.189200 0.044400 0.113000 0.036700 0.029100 0.021700 0.067400 0.044600 0.044500 0.029000 0.029100 0.036600 0.000000 0.035200 0.051600 0.059100 0.051300 0.029300 0.036700 0.044500 0.029000 0.044700 0.029300 0.029100 0.059900 0.036600 0.051600 0.059000 0.036700 0.044400 0.036500 0.066800 0.036600 0.044000 0.029100 0.021800 0.044300 0.036600 0.044300 0.044500 0.044100 0.037000 0.036700 0.029100 0.029200 0.082700 0.044100 0.029200 0.037200 0.036700 0.036900
Suni 0.019800 0.188500 0.033700 0.111900 0.035800 0.027800 0.018500 0.065800 0.042000 0.041500 0.026600 0.025900 0.035800 0.035200 0.000000 0.050900 0.066300 0.057600 0.026200 0.033600 0.043600 0.025800 0.041800 0.041400 0.027800 0.059900 0.035800 0.049400 0.058600 0.033600 0.041500 0.049900 0.065000 0.035800 0.043400 0.025400 0.019800 0.043900 0.034500 0.040300 0.041600 0.043200 0.033500 0.033300 0.025400 0.027500 0.082400 0.043500 0.026900 0.032500 0.033600 0.033000
Springbuck 0.029400 0.162600 0.052500 0.088500 0.044500 0.036800 0.029300 0.044400 0.052800 0.052600 0.036700 0.036800 0.044400 0.051600 0.050900 0.000000 0.059500 0.051600 0.037100 0.044700 0.022000 0.036600 0.052800 0.052400 0.036800 0.037100 0.044500 0.059700 0.021600 0.044700 0.052500 0.059600 0.075100 0.044500 0.051900 0.036900 0.029400 0.052300 0.014500 0.052300 0.052600 0.022400 0.044900 0.044700 0.036900 0.036900 0.059400 0.052000 0.037000 0.045200 0.044700 0.043900
Okapi 0.044300 0.218000 0.067800 0.105100 0.059700 0.036700 0.044300 0.059900 0.068100 0.067200 0.051700 0.051800 0.059600 0.059100 0.066300 0.059500 0.000000 0.007100 0.052200 0.059800 0.052400 0.051600 0.067500 0.059300 0.051800 0.068100 0.059600 0.059400 0.051700 0.059800 0.067200 0.067300 0.074800 0.059700 0.067200 0.050500 0.044300 0.067700 0.044400 0.066500 0.067300 0.051900 0.059500 0.059100 0.050500 0.052100 0.091200 0.051800 0.052100 0.060700 0.059800 0.060200
Giraffe 0.036600 0.206900 0.059800 0.096100 0.051800 0.029100 0.036600 0.051900 0.060100 0.059000 0.044000 0.044000 0.051700 0.051300 0.057600 0.051600 0.007100 0.000000 0.044400 0.051900 0.044500 0.043900 0.059200 0.051100 0.044000 0.060000 0.051800 0.051600 0.043900 0.051900 0.059000 0.059300 0.066800 0.051800 0.059200 0.042200 0.036600 0.059700 0.036700 0.058300 0.059000 0.044200 0.051300 0.050900 0.042200 0.044300 0.082900 0.044100 0.044300 0.052600 0.051900 0.052200
TibetanAnt 0.007300 0.171400 0.029800 0.097600 0.022100 0.014600 0.007300 0.050900 0.029900 0.029800 0.014600 0.014600 0.022100 0.029300 0.026200 0.037100 0.052200 0.044400 0.000000 0.022200 0.029800 0.014600 0.030000 0.029800 0.014600 0.045200 0.022100 0.037100 0.044500 0.022200 0.029800 0.037000 0.052200 0.022100 0.029500 0.014700 0.007300 0.029700 0.022100 0.029700 0.029800 0.029600 0.022300 0.022200 0.014700 0.014700 0.068000 0.029500 0.014700 0.022500 0.022200 0.022300
Sitatunga 0.014700 0.164200 0.007200 0.092100 0.014700 0.022000 0.014600 0.065500 0.007500 0.037400 0.022000 0.007300 0.029500 0.036700 0.033600 0.044700 0.059800 0.051900 0.022200 0.000000 0.037400 0.021900 0.037600 0.037300 0.022000 0.053000 0.029600 0.014400 0.052200 0.000000 0.037400 0.029400 0.065100 0.029600 0.022000 0.007300 0.014700 0.037300 0.029600 0.037300 0.037400 0.037100 0.029900 0.014700 0.007300 0.022100 0.075900 0.037000 0.022100 0.014900 0.000000 0.000100
Oribi 0.022200 0.191900 0.045300 0.098100 0.037400 0.029600 0.022100 0.037300 0.045500 0.045300 0.029600 0.029600 0.037300 0.044500 0.043600 0.022000 0.052400 0.044500 0.029800 0.037400 0.000000 0.029500 0.045500 0.045200 0.029600 0.029900 0.037300 0.052500 0.029400 0.037400 0.045300 0.052500 0.068000 0.037300 0.044800 0.029700 0.022200 0.045200 0.007300 0.045100 0.045300 0.014600 0.037700 0.037400 0.029700 0.029800 0.052400 0.044800 0.029800 0.037900 0.037400 0.037600
BarbaryShe 0.007200 0.169600 0.029500 0.102400 0.021900 0.014500 0.007200 0.052100 0.029600 0.029500 0.014400 0.014500 0.021800 0.029000 0.025800 0.036600 0.051600 0.043900 0.014600 0.021900 0.029500 0.000000 0.029600 0.029400 0.014500 0.044700 0.021900 0.036600 0.044000 0.021900 0.029500 0.036600 0.051700 0.021900 0.029200 0.014500 0.007200 0.029400 0.021900 0.034800 0.029500 0.029200 0.022100 0.021900 0.014500 0.014500 0.067300 0.029200 0.014500 0.022200 0.021900 0.022000
Daviddeer 0.022300 0.192100 0.045500 0.115300 0.037500 0.029700 0.022300 0.069000 0.045700 0.014800 0.029700 0.029700 0.037400 0.044700 0.041800 0.052800 0.067500 0.059200 0.030000 0.037600 0.045500 0.029600 0.000000 0.029900 0.029700 0.061400 0.037500 0.052700 0.060400 0.037600 0.014800 0.052700 0.068300 0.037500 0.044900 0.029800 0.022300 0.045400 0.037500 0.029900 0.014800 0.045100 0.007400 0.022300 0.029800 0.014800 0.084700 0.045000 0.029900 0.038100 0.037600 0.037800
Reindeer 0.022100 0.190500 0.045200 0.114400 0.037300 0.029500 0.022100 0.068600 0.045400 0.029800 0.029500 0.029600 0.037200 0.029300 0.041400 0.052400 0.059300 0.051100 0.029800 0.037300 0.045200 0.029400 0.029900 0.000000 0.029500 0.060900 0.037200 0.052400 0.060000 0.037300 0.029800 0.037000 0.067800 0.037200 0.044700 0.029600 0.022100 0.045100 0.037200 0.029800 0.029800 0.044800 0.022300 0.022200 0.029600 0.029700 0.084100 0.044700 0.029700 0.037900 0.037300 0.037500
Ibex 0.007200 0.170700 0.029600 0.097400 0.021900 0.014500 0.007200 0.052300 0.029700 0.029600 0.000000 0.014500 0.021900 0.029100 0.027800 0.036800 0.051800 0.044000 0.014600 0.022000 0.029600 0.014500 0.029700 0.029500 0.000000 0.044900 0.021900 0.036800 0.044200 0.022000 0.029600 0.036800 0.051800 0.021900 0.029200 0.014500 0.007200 0.029400 0.021900 0.029500 0.029600 0.029400 0.022200 0.022000 0.014500 0.014600 0.067600 0.029200 0.014600 0.022300 0.022000 0.022100
GyrantGaze 0.037400 0.212600 0.061100 0.115600 0.052900 0.044900 0.037300 0.052800 0.061300 0.061100 0.044800 0.044900 0.052700 0.059900 0.059900 0.037100 0.068100 0.060000 0.045200 0.053000 0.029900 0.044700 0.061400 0.060900 0.044900 0.000000 0.052800 0.068300 0.044500 0.053000 0.061000 0.068200 0.084000 0.052800 0.060300 0.045000 0.037400 0.060900 0.022100 0.060800 0.061100 0.029600 0.053300 0.053000 0.045000 0.045100 0.068000 0.060400 0.045100 0.053700 0.053000 0.053300
Hartebeest 0.014600 0.162200 0.037300 0.089500 0.029400 0.021900 0.014600 0.060300 0.037400 0.037300 0.021900 0.021900 0.014600 0.036600 0.035800 0.044500 0.059600 0.051800 0.022100 0.029600 0.037300 0.021900 0.037500 0.037200 0.021900 0.052800 0.000000 0.044500 0.051900 0.029600 0.037300 0.044400 0.059700 0.014600 0.036800 0.022000 0.014600 0.037100 0.029500 0.037100 0.037300 0.037000 0.029800 0.029600 0.022000 0.022100 0.075600 0.036800 0.022100 0.030000 0.029600 0.029700
Bongo 0.029400 0.181700 0.021800 0.091400 0.029400 0.021900 0.029300 0.065100 0.021900 0.052500 0.036800 0.021900 0.044400 0.051600 0.049400 0.059700 0.059400 0.051600 0.037100 0.014400 0.052500 0.036600 0.052700 0.052400 0.036800 0.068300 0.044500 0.000000 0.051800 0.014400 0.052500 0.044300 0.064700 0.044500 0.036700 0.021900 0.029400 0.052300 0.044500 0.052300 0.052500 0.052100 0.044900 0.029500 0.021900 0.037000 0.091400 0.036800 0.037000 0.029800 0.014400 0.014500
Gerenuk 0.036800 0.190100 0.060100 0.079900 0.052000 0.029200 0.036700 0.036700 0.060400 0.060100 0.044100 0.044200 0.051900 0.059000 0.058600 0.021600 0.051700 0.043900 0.044500 0.052200 0.029400 0.044000 0.060400 0.060000 0.044200 0.044500 0.051900 0.051800 0.000000 0.052200 0.060100 0.067200 0.067000 0.052000 0.059400 0.044300 0.036800 0.059900 0.021800 0.059900 0.060200 0.029000 0.052500 0.052200 0.044300 0.044300 0.067000 0.044200 0.044400 0.052800 0.052200 0.051600
CommonElan 0.014700 0.164200 0.007600 0.092100 0.014700 0.022000 0.014600 0.065500 0.007300 0.037400 0.022000 0.007300 0.029500 0.036700 0.033600 0.044700 0.059800 0.051900 0.022200 0.000000 0.037400 0.021900 0.037600 0.037300 0.022000 0.053000 0.029600 0.014400 0.052200 0.000000 0.037400 0.029400 0.065100 0.029600 0.022000 0.007300 0.014700 0.037300 0.029600 0.037300 0.037400 0.037100 0.029900 0.014700 0.007300 0.022100 0.075900 0.037000 0.022100 0.014900 0.000000 0.000100
MuntiacusR 0.022200 0.190600 0.045200 0.114500 0.037300 0.029600 0.022100 0.068600 0.045400 0.014700 0.029500 0.029600 0.037200 0.044400 0.041500 0.052500 0.067200 0.059000 0.029800 0.037400 0.045300 0.029500 0.014800 0.029800 0.029600 0.061000 0.037300 0.052500 0.060100 0.037400 0.000000 0.052400 0.067900 0.037300 0.044700 0.029600 0.022200 0.045100 0.037300 0.029800 0.014700 0.044900 0.007400 0.022200 0.029600 0.014700 0.084300 0.044800 0.029800 0.037900 0.037400 0.037600
HarveysDui 0.029400 0.162000 0.037100 0.105000 0.029400 0.036800 0.029300 0.075700 0.037200 0.052500 0.036700 0.021800 0.044400 0.036500 0.049900 0.059600 0.067300 0.059300 0.037000 0.029400 0.052500 0.036600 0.052700 0.037000 0.036800 0.068200 0.044400 0.044300 0.067200 0.029400 0.052400 0.000000 0.075000 0.044500 0.036700 0.021900 0.029400 0.052300 0.044400 0.052300 0.052500 0.052000 0.044900 0.029400 0.021900 0.036900 0.091300 0.052000 0.037000 0.029800 0.029400 0.029600
Pronghorn 0.044400 0.221200 0.073400 0.125000 0.059800 0.036700 0.044300 0.060000 0.073800 0.068000 0.051700 0.051900 0.059600 0.066800 0.065000 0.075100 0.074800 0.066800 0.052200 0.065100 0.068000 0.051700 0.068300 0.067800 0.051800 0.084000 0.059700 0.064700 0.067000 0.065100 0.067900 0.075000 0.000000 0.059700 0.067200 0.052000 0.044400 0.067800 0.059700 0.067700 0.052100 0.067400 0.060300 0.059900 0.052000 0.052100 0.107300 0.051800 0.052100 0.060700 0.065100 0.065400
BlueWildeb 0.014600 0.171400 0.037300 0.106100 0.029500 0.021900 0.014600 0.060300 0.037400 0.037300 0.021900 0.022000 0.014600 0.036600 0.035800 0.044500 0.059700 0.051800 0.022100 0.029600 0.037300 0.021900 0.037500 0.037200 0.021900 0.052800 0.014600 0.044500 0.052000 0.029600 0.037300 0.044500 0.059700 0.000000 0.036800 0.022000 0.014600 0.037100 0.029500 0.037200 0.037300 0.037000 0.029800 0.029600 0.022000 0.022100 0.075700 0.036800 0.022100 0.030000 0.029600 0.029700
Gemsbok 0.021900 0.170000 0.029500 0.097100 0.021900 0.029200 0.021900 0.067800 0.029700 0.044800 0.029200 0.014500 0.036700 0.044000 0.043400 0.051900 0.067200 0.059200 0.029500 0.022000 0.044800 0.029200 0.044900 0.044700 0.029200 0.060300 0.036800 0.036700 0.059400 0.022000 0.044700 0.036700 0.067200 0.036800 0.000000 0.014500 0.021900 0.044500 0.036900 0.044600 0.044800 0.044400 0.037200 0.022000 0.014500 0.029400 0.083200 0.044200 0.029400 0.022300 0.022000 0.022100
Yak 0.007300 0.151200 0.014700 0.080100 0.007300 0.014500 0.007300 0.052400 0.014700 0.029700 0.014500 0.000000 0.022000 0.029100 0.025400 0.036900 0.050500 0.042200 0.014700 0.007300 0.029700 0.014500 0.029800 0.029600 0.014500 0.045000 0.022000 0.021900 0.044300 0.007300 0.029600 0.021900 0.052000 0.022000 0.014500 0.000000 0.007300 0.029600 0.022000 0.029500 0.029700 0.029400 0.022200 0.007300 0.000000 0.014600 0.067700 0.029300 0.014600 0.007400 0.007300 0.007300
BlueSheep 0.000000 0.162000 0.022200 0.089400 0.014600 0.007200 0.000000 0.044800 0.022300 0.022200 0.007200 0.007300 0.014600 0.021800 0.019800 0.029400 0.044300 0.036600 0.007300 0.014700 0.022200 0.007200 0.022300 0.022100 0.007200 0.037400 0.014600 0.029400 0.036800 0.014700 0.022200 0.029400 0.044400 0.014600 0.021900 0.007300 0.000000 0.022000 0.014600 0.022100 0.022200 0.022000 0.014800 0.014700 0.007300 0.007300 0.059900 0.021900 0.007300 0.014900 0.014700 0.014700
BohorReedb 0.022000 0.172100 0.045100 0.098100 0.022100 0.029400 0.022100 0.068500 0.045300 0.045200 0.029500 0.029500 0.037100 0.044300 0.043900 0.052300 0.067700 0.059700 0.029700 0.037300 0.045200 0.029400 0.045400 0.045100 0.029400 0.060900 0.037100 0.052300 0.059900 0.037300 0.045100 0.052300 0.067800 0.037100 0.044500 0.029600 0.022000 0.000000 0.037200 0.045000 0.045200 0.044800 0.037600 0.037300 0.029600 0.029700 0.084000 0.044600 0.029700 0.037800 0.037300 0.037500
KirksDik 0.014600 0.182400 0.037300 0.088600 0.029500 0.021900 0.014600 0.029500 0.037500 0.037300 0.021900 0.022000 0.029500 0.036600 0.034500 0.014500 0.044400 0.036700 0.022100 0.029600 0.007300 0.021900 0.037500 0.037200 0.021900 0.022100 0.029500 0.044500 0.021800 0.029600 0.037300 0.044400 0.059700 0.029500 0.036900 0.022000 0.014600 0.037200 0.000000 0.037200 0.037300 0.007200 0.029800 0.029600 0.022000 0.022100 0.044300 0.036900 0.022100 0.030000 0.029600 0.029800
RoeDeer 0.022100 0.189000 0.045100 0.111900 0.037200 0.029500 0.022100 0.068400 0.045300 0.029800 0.029400 0.029500 0.037100 0.044300 0.040300 0.052300 0.066500 0.058300 0.029700 0.037300 0.045100 0.034800 0.029900 0.029800 0.029500 0.060800 0.037100 0.052300 0.059900 0.037300 0.029800 0.052300 0.067700 0.037200 0.044600 0.029500 0.022100 0.045000 0.037200 0.000000 0.029800 0.044800 0.022300 0.022200 0.029500 0.029700 0.084000 0.044600 0.029700 0.037800 0.037300 0.037500
WhiteLippe 0.022200 0.191000 0.045300 0.114800 0.037400 0.029600 0.022200 0.068700 0.045500 0.014800 0.029600 0.029600 0.037300 0.044500 0.041600 0.052600 0.067300 0.059000 0.029800 0.037400 0.045300 0.029500 0.014800 0.029800 0.029600 0.061100 0.037300 0.052500 0.060200 0.037400 0.014700 0.052500 0.052100 0.037300 0.044800 0.029700 0.022200 0.045200 0.037300 0.029800 0.000000 0.044900 0.007400 0.022200 0.029700 0.014700 0.084400 0.044800 0.029800 0.038000 0.037400 0.037600
ThomsonGaz 0.022000 0.191400 0.044900 0.097100 0.037000 0.029400 0.022000 0.036900 0.045100 0.044900 0.029300 0.029400 0.036900 0.044100 0.043200 0.022400 0.051900 0.044200 0.029600 0.037100 0.014600 0.029200 0.045100 0.044800 0.029400 0.029600 0.037000 0.052100 0.029000 0.037100 0.044900 0.052000 0.067400 0.037000 0.044400 0.029400 0.022000 0.044800 0.007200 0.044800 0.044900 0.000000 0.037400 0.037100 0.029400 0.029800 0.051900 0.044500 0.029500 0.037600 0.037100 0.037300
MuntiacusC 0.014800 0.181800 0.037700 0.106400 0.029800 0.022200 0.014700 0.060900 0.037800 0.007400 0.022100 0.022200 0.029800 0.037000 0.033500 0.044900 0.059500 0.051300 0.022300 0.029900 0.037700 0.022100 0.007400 0.022300 0.022200 0.053300 0.029800 0.044900 0.052500 0.029900 0.007400 0.044900 0.060300 0.029800 0.037200 0.022200 0.014800 0.037600 0.029800 0.022300 0.007400 0.037400 0.000000 0.014800 0.022200 0.007300 0.076500 0.037300 0.022300 0.030300 0.029900 0.030000
WhiteTaile 0.014700 0.161100 0.022200 0.088700 0.014700 0.022000 0.014600 0.060500 0.022300 0.022200 0.022000 0.007300 0.029500 0.036700 0.033300 0.044700 0.059100 0.050900 0.022200 0.014700 0.037400 0.021900 0.022300 0.022200 0.022000 0.053000 0.029600 0.029500 0.052200 0.014700 0.022200 0.029400 0.059900 0.029600 0.022000 0.007300 0.014700 0.037300 0.029600 0.022200 0.022200 0.037100 0.014800 0.000000 0.007300 0.022100 0.075900 0.037000 0.022100 0.014900 0.014700 0.014800
Cattle 0.007300 0.151200 0.014700 0.080100 0.007300 0.014500 0.007300 0.052400 0.014700 0.029700 0.014500 0.000000 0.022000 0.029100 0.025400 0.036900 0.050500 0.042200 0.014700 0.007300 0.029700 0.014500 0.029800 0.029600 0.014500 0.045000 0.022000 0.021900 0.044300 0.007300 0.029600 0.021900 0.052000 0.022000 0.014500 0.000000 0.007300 0.029600 0.022000 0.029500 0.029700 0.029400 0.022200 0.007300 0.000000 0.014600 0.067700 0.029300 0.014600 0.007400 0.007300 0.007300
RoyalAntel 0.007300 0.173200 0.029800 0.097500 0.022100 0.014600 0.007300 0.052600 0.029900 0.014700 0.014600 0.014600 0.022000 0.029200 0.027500 0.036900 0.052100 0.044300 0.014700 0.022100 0.029800 0.014500 0.014800 0.029700 0.014600 0.045100 0.022100 0.037000 0.044300 0.022100 0.014700 0.036900 0.052100 0.022100 0.029400 0.014600 0.007300 0.029700 0.022100 0.029700 0.014700 0.029800 0.007300 0.022100 0.014600 0.000000 0.067900 0.029500 0.014700 0.022400 0.022100 0.022300
Steenbok 0.059900 0.239800 0.084200 0.139400 0.075700 0.067600 0.059800 0.075400 0.084600 0.084300 0.067400 0.067600 0.075600 0.082700 0.082400 0.059400 0.091200 0.082900 0.068000 0.075900 0.052400 0.067300 0.084700 0.084100 0.067600 0.068000 0.075600 0.091400 0.067000 0.075900 0.084300 0.091300 0.107300 0.075700 0.083200 0.067700 0.059900 0.084000 0.044300 0.084000 0.084400 0.051900 0.076500 0.075900 0.067700 0.067900 0.000000 0.083400 0.067900 0.082400 0.075900 0.076300
Impala 0.021900 0.189700 0.044800 0.097300 0.036900 0.014500 0.021900 0.052300 0.045000 0.044800 0.029300 0.029300 0.036800 0.044100 0.043500 0.052000 0.051800 0.044100 0.029500 0.037000 0.044800 0.029200 0.045000 0.044700 0.029200 0.060400 0.036800 0.036800 0.044200 0.037000 0.044800 0.052000 0.051800 0.036800 0.044200 0.029300 0.021900 0.044600 0.036900 0.044600 0.044800 0.044500 0.037300 0.037000 0.029300 0.029500 0.083400 0.000000 0.029500 0.037500 0.037000 0.037200
Klipspring 0.007300 0.171600 0.029700 0.097700 0.022100 0.014600 0.007300 0.052600 0.029900 0.029800 0.014600 0.014600 0.022000 0.029200 0.026900 0.037000 0.052100 0.044300 0.014700 0.022100 0.029800 0.014500 0.029900 0.029700 0.014600 0.045100 0.022100 0.037000 0.044400 0.022100 0.029800 0.037000 0.052100 0.022100 0.029400 0.014600 0.007300 0.029700 0.022100 0.029700 0.029800 0.029500 0.022300 0.022100 0.014600 0.014700 0.067900 0.029500 0.000000 0.022400 0.022100 0.022200
ForestMusk 0.014900 0.162500 0.022500 0.089500 0.014900 0.022300 0.014800 0.061300 0.022600 0.038000 0.022300 0.007400 0.029900 0.037200 0.032500 0.045200 0.060700 0.052600 0.022500 0.014900 0.037900 0.022200 0.038100 0.037900 0.022300 0.053700 0.030000 0.029800 0.052800 0.014900 0.037900 0.029800 0.060700 0.030000 0.022300 0.007400 0.014900 0.037800 0.030000 0.037800 0.038000 0.037600 0.030300 0.014900 0.007400 0.022400 0.082400 0.037500 0.022400 0.000000 0.014900 0.015000
Bushbuck 0.014700 0.164200 0.007200 0.092100 0.014700 0.022000 0.014600 0.065500 0.007300 0.037400 0.022000 0.007300 0.029500 0.036700 0.033600 0.044700 0.059800 0.051900 0.022200 0.000000 0.037400 0.021900 0.037600 0.037300 0.022000 0.053000 0.029600 0.014400 0.052200 0.000000 0.037400 0.029400 0.065100 0.029600 0.022000 0.007300 0.014700 0.037300 0.029600 0.037300 0.037400 0.037100 0.029900 0.014700 0.007300 0.022100 0.075900 0.037000 0.022100 0.014900 0.000000 0.000100
GreaterKud 0.014700 0.164200 0.007300 0.091700 0.014700 0.022100 0.014700 0.065500 0.007300 0.037600 0.022100 0.007300 0.029700 0.036900 0.033000 0.043900 0.060200 0.052200 0.022300 0.000100 0.037600 0.022000 0.037800 0.037500 0.022100 0.053300 0.029700 0.014500 0.051600 0.000100 0.037600 0.029600 0.065400 0.029700 0.022100 0.007300 0.014700 0.037500 0.029800 0.037500 0.037600 0.037300 0.030000 0.014800 0.007300 0.022300 0.076300 0.037200 0.022200 0.015000 0.000100 0.000000
