1
52 1
Argali 0.000000 0.498500 0.202200 0.533800 0.145600 0.038600 0.120400 0.138900 0.206200 0.251000 0.063700 0.180800 0.124600 0.129500 0.194300 0.128500 0.266900 0.276300 0.096300 0.202000 0.112300 0.060700 0.272000 0.238600 0.066200 0.130800 0.132700 0.209000 0.139600 0.208400 0.245200 0.129500 0.288500 0.121500 0.130600 0.198200 0.052300 0.131200 0.150800 0.229700 0.253000 0.131900 0.245100 0.272800 0.201100 0.145800 0.155600 0.175000 0.119800 0.203000 0.199400 0.211400
LesserMous 0.498500 0.000000 0.505900 0.544000 0.510600 0.545500 0.495000 0.462300 0.521800 0.534100 0.512800 0.472200 0.480700 0.501700 0.537300 0.491500 0.517000 0.506800 0.501700 0.513700 0.458500 0.515800 0.540200 0.545200 0.518200 0.496800 0.491600 0.519700 0.499800 0.505100 0.523300 0.499400 0.524600 0.493800 0.476700 0.497500 0.493900 0.472400 0.492900 0.502600 0.535000 0.479700 0.526700 0.572700 0.481700 0.531900 0.504200 0.497000 0.470400 0.542100 0.502200 0.517500
LesserKudu 0.202200 0.505900 0.000000 0.534300 0.216800 0.237500 0.199000 0.199500 0.059300 0.256100 0.197400 0.143300 0.198200 0.200100 0.229100 0.204300 0.307000 0.315200 0.204600 0.051100 0.178200 0.213000 0.260700 0.243800 0.199900 0.191300 0.188200 0.063700 0.197600 0.051200 0.250200 0.209100 0.303800 0.188500 0.219800 0.147900 0.199100 0.216500 0.206000 0.248000 0.251500 0.177500 0.250200 0.274400 0.147800 0.210500 0.232700 0.198000 0.212700 0.217200 0.038200 0.069600
KillerWhal 0.533800 0.544000 0.534300 0.000000 0.503800 0.573200 0.488100 0.529900 0.529400 0.518500 0.529500 0.495800 0.542400 0.495200 0.545200 0.509700 0.506500 0.494900 0.517800 0.521500 0.524100 0.558300 0.544600 0.543700 0.541500 0.552500 0.554500 0.528100 0.549900 0.512700 0.515500 0.479800 0.508600 0.532000 0.516600 0.484500 0.505900 0.509600 0.520400 0.521600 0.515200 0.552600 0.521600 0.579700 0.473300 0.516600 0.538500 0.525200 0.508000 0.523400 0.528800 0.552900
DefassaWat 0.145600 0.510600 0.216800 0.503800 0.000000 0.166200 0.140300 0.147300 0.208300 0.275000 0.164200 0.174000 0.159000 0.155400 0.184100 0.142400 0.271600 0.276900 0.153600 0.216600 0.140700 0.161100 0.244000 0.259200 0.172600 0.158800 0.167100 0.210800 0.147700 0.216500 0.269200 0.140900 0.298300 0.167400 0.153600 0.187700 0.154300 0.039800 0.155800 0.263200 0.247200 0.154300 0.269100 0.296000 0.199900 0.156900 0.172700 0.165300 0.151000 0.223900 0.220200 0.225900
Sheep 0.038600 0.545500 0.237500 0.573200 0.166200 0.000000 0.134700 0.165200 0.241700 0.274600 0.085400 0.208900 0.136300 0.144100 0.212700 0.157700 0.291300 0.306800 0.110300 0.237100 0.132200 0.077100 0.286000 0.258800 0.087900 0.154100 0.147200 0.244100 0.163200 0.230600 0.268800 0.144000 0.313900 0.129900 0.142300 0.217300 0.068400 0.157300 0.159500 0.256200 0.277000 0.155400 0.268600 0.293500 0.220200 0.166400 0.176200 0.193500 0.142900 0.228700 0.234500 0.246900
MaxwellsDu 0.120400 0.495000 0.199000 0.488100 0.140300 0.134700 0.000000 0.122500 0.190600 0.247100 0.132800 0.165900 0.125200 0.063900 0.173500 0.115300 0.253100 0.275400 0.131200 0.192500 0.107600 0.124000 0.264400 0.238100 0.135300 0.131300 0.133100 0.199500 0.120400 0.192600 0.241300 0.058600 0.289400 0.127700 0.131100 0.185500 0.095100 0.134500 0.128300 0.229500 0.242300 0.121000 0.241200 0.255300 0.185400 0.126100 0.147500 0.145900 0.120500 0.202900 0.202400 0.214100
GazellaPrz 0.138900 0.462300 0.199500 0.529900 0.147300 0.165200 0.122500 0.000000 0.209500 0.266800 0.145700 0.166800 0.120900 0.137100 0.194900 0.086700 0.256300 0.278600 0.140900 0.205300 0.079300 0.137100 0.265000 0.238300 0.148100 0.107600 0.128800 0.206200 0.091800 0.211600 0.264100 0.134300 0.275400 0.123400 0.126600 0.180300 0.130500 0.141500 0.088700 0.245300 0.252800 0.097600 0.264000 0.268100 0.174400 0.135900 0.112600 0.170200 0.130400 0.219000 0.196800 0.214600
MountainNy 0.206200 0.521800 0.059300 0.529400 0.208300 0.241700 0.190600 0.209500 0.000000 0.266700 0.220500 0.152500 0.208400 0.204100 0.214700 0.205000 0.331700 0.319500 0.214900 0.022700 0.185200 0.216600 0.261800 0.251100 0.222900 0.207400 0.204200 0.030100 0.210500 0.033000 0.260700 0.213100 0.308700 0.198600 0.208500 0.157200 0.184300 0.192900 0.216300 0.242400 0.262000 0.193400 0.260700 0.268900 0.163000 0.192700 0.249800 0.189700 0.210400 0.227600 0.035700 0.051200
MuntiacusM 0.251000 0.534100 0.256100 0.518500 0.275000 0.274600 0.247100 0.266800 0.266700 0.000000 0.259300 0.250100 0.266000 0.264700 0.294000 0.253000 0.281400 0.271200 0.260100 0.255400 0.241500 0.272400 0.105600 0.095500 0.268400 0.245600 0.275100 0.249100 0.252100 0.249100 0.004900 0.257500 0.291200 0.268800 0.252800 0.241800 0.250700 0.268100 0.270500 0.086500 0.087800 0.241200 0.007400 0.123400 0.244800 0.275400 0.262900 0.268600 0.271300 0.262600 0.253000 0.271700
goat 0.063700 0.512800 0.197400 0.529500 0.164200 0.085400 0.132800 0.145700 0.220500 0.259300 0.000000 0.188300 0.131400 0.142200 0.201500 0.129300 0.280100 0.292000 0.091300 0.209700 0.118800 0.072200 0.273700 0.256500 0.018200 0.143300 0.133700 0.216800 0.140500 0.216100 0.253500 0.142200 0.290500 0.122400 0.131400 0.205900 0.063600 0.155300 0.151800 0.237700 0.261500 0.132700 0.253400 0.291200 0.199500 0.158700 0.156600 0.176200 0.137800 0.217100 0.207200 0.219200
AfricanBuf 0.180800 0.472200 0.143300 0.495800 0.174000 0.208900 0.165900 0.166800 0.152500 0.250100 0.188300 0.000000 0.158600 0.175900 0.210600 0.189300 0.272900 0.282400 0.186000 0.154700 0.151600 0.185000 0.248100 0.228700 0.190700 0.188400 0.154900 0.150000 0.188800 0.154800 0.244300 0.184800 0.269700 0.161300 0.171200 0.086300 0.171600 0.179900 0.179000 0.235500 0.238800 0.174800 0.244100 0.258900 0.089000 0.180200 0.202400 0.183200 0.188800 0.198700 0.146400 0.166600
Topi 0.124600 0.480700 0.198200 0.542400 0.159000 0.136300 0.125200 0.120900 0.208400 0.266000 0.131400 0.158600 0.000000 0.134400 0.196100 0.130300 0.259100 0.284200 0.132500 0.204100 0.100200 0.122500 0.267400 0.260000 0.133900 0.135300 0.038200 0.211100 0.130100 0.204200 0.260200 0.140200 0.292400 0.043600 0.103900 0.181700 0.116000 0.147300 0.126800 0.247700 0.258300 0.125000 0.260000 0.290600 0.181600 0.130200 0.140100 0.165000 0.124400 0.214500 0.201700 0.213500
CommonDuik 0.129500 0.501700 0.200100 0.495200 0.155400 0.144100 0.063900 0.137100 0.204100 0.264700 0.142200 0.175900 0.134400 0.000000 0.189200 0.141100 0.264900 0.293700 0.140600 0.193700 0.119300 0.133500 0.265900 0.262000 0.144700 0.131800 0.148300 0.206900 0.135000 0.200000 0.258900 0.050900 0.291500 0.136900 0.146200 0.189800 0.109700 0.149600 0.140300 0.253000 0.250200 0.130100 0.258700 0.279200 0.189700 0.146700 0.139600 0.164300 0.138000 0.213400 0.209900 0.221800
Suni 0.194300 0.537300 0.229100 0.545200 0.184100 0.212700 0.173500 0.194900 0.214700 0.294000 0.201500 0.210600 0.196100 0.189200 0.000000 0.181400 0.286600 0.308800 0.187200 0.216600 0.156700 0.192300 0.253300 0.262300 0.203900 0.197900 0.200800 0.223200 0.180800 0.216600 0.288100 0.194900 0.310100 0.189700 0.205400 0.230900 0.176600 0.166900 0.177600 0.262800 0.256800 0.187600 0.288100 0.298800 0.231000 0.198800 0.194200 0.175600 0.192800 0.226900 0.211200 0.234900
Springbuck 0.128500 0.491500 0.204300 0.509700 0.142400 0.157700 0.115300 0.086700 0.205000 0.253000 0.129300 0.189300 0.130300 0.141100 0.181400 0.000000 0.268100 0.264700 0.139200 0.207000 0.079800 0.135100 0.256600 0.240400 0.137500 0.070900 0.144100 0.201600 0.050100 0.213200 0.250200 0.135400 0.274800 0.133000 0.142200 0.190900 0.120200 0.136700 0.100100 0.222100 0.241600 0.060900 0.250100 0.263900 0.184900 0.145500 0.124200 0.162900 0.114600 0.224200 0.198300 0.216200
Okapi 0.266900 0.517000 0.307000 0.506500 0.271600 0.291300 0.253100 0.256300 0.331700 0.281400 0.280100 0.272900 0.259100 0.264900 0.286600 0.268100 0.000000 0.112300 0.269200 0.312700 0.257000 0.289400 0.275800 0.268900 0.285500 0.257100 0.274100 0.326300 0.270300 0.316200 0.275400 0.270200 0.240500 0.281300 0.255800 0.285000 0.274000 0.274600 0.266300 0.265700 0.256900 0.252700 0.275300 0.302200 0.284400 0.281600 0.249800 0.264500 0.277700 0.208500 0.313500 0.330300
Giraffe 0.276300 0.506800 0.315200 0.494900 0.276900 0.306800 0.275400 0.278600 0.319500 0.271200 0.292000 0.282400 0.284200 0.293700 0.308800 0.264700 0.112300 0.000000 0.298100 0.301100 0.279200 0.311700 0.278500 0.265600 0.301100 0.266800 0.299100 0.307400 0.273300 0.301200 0.265500 0.289400 0.272800 0.286600 0.268400 0.277200 0.289600 0.260700 0.301600 0.253100 0.250700 0.262500 0.265400 0.297800 0.286900 0.303500 0.284700 0.274000 0.306400 0.240500 0.305500 0.325000
TibetanAnt 0.096300 0.501700 0.204600 0.517800 0.153600 0.110300 0.131200 0.140900 0.214900 0.260100 0.091300 0.186000 0.132500 0.140600 0.187200 0.139200 0.269200 0.298100 0.000000 0.210500 0.120300 0.099600 0.274000 0.257000 0.099400 0.138600 0.129100 0.217500 0.139000 0.210500 0.254300 0.137400 0.283000 0.117900 0.147100 0.203300 0.082300 0.147600 0.129800 0.231900 0.265000 0.133900 0.254100 0.287700 0.206200 0.159600 0.151900 0.171200 0.138900 0.208100 0.208100 0.219900
Sitatunga 0.202000 0.513700 0.051100 0.521500 0.216600 0.237100 0.192500 0.205300 0.022700 0.255400 0.209700 0.154700 0.204100 0.193700 0.216600 0.207000 0.312700 0.301100 0.210500 0.000000 0.181300 0.215800 0.250500 0.240000 0.212100 0.203300 0.200100 0.027500 0.200200 0.025200 0.249500 0.208900 0.286100 0.194400 0.210600 0.159400 0.186400 0.201100 0.211900 0.231500 0.244200 0.189400 0.249500 0.257400 0.159300 0.188700 0.245300 0.191800 0.212300 0.223200 0.027800 0.043100
Oribi 0.112300 0.458500 0.178200 0.524100 0.140700 0.132200 0.107600 0.079300 0.185200 0.241500 0.118800 0.151600 0.100200 0.119300 0.156700 0.079800 0.257000 0.279200 0.120300 0.181300 0.000000 0.110300 0.248800 0.241900 0.121200 0.090100 0.113700 0.188200 0.074200 0.181200 0.238700 0.122100 0.273200 0.102800 0.128600 0.177200 0.109700 0.117800 0.076500 0.226600 0.236800 0.079900 0.238600 0.265600 0.177100 0.129400 0.094900 0.158100 0.106900 0.206500 0.166700 0.187400
BarbaryShe 0.060700 0.515800 0.213000 0.558300 0.161100 0.077100 0.124000 0.137100 0.216600 0.272400 0.072200 0.185000 0.122500 0.133500 0.192300 0.135100 0.289400 0.311700 0.099600 0.215800 0.110300 0.000000 0.270300 0.256700 0.074700 0.146200 0.130600 0.222700 0.140500 0.222300 0.266500 0.133400 0.307700 0.119200 0.134200 0.202400 0.049900 0.152200 0.143200 0.240800 0.261300 0.135700 0.266300 0.291300 0.205400 0.138000 0.153700 0.176200 0.128900 0.213900 0.213200 0.225300
Daviddeer 0.272000 0.540200 0.260700 0.544600 0.244000 0.286000 0.264400 0.265000 0.261800 0.105600 0.273700 0.248100 0.267400 0.265900 0.253300 0.256600 0.275800 0.278500 0.274000 0.250500 0.248800 0.270300 0.000000 0.100200 0.276000 0.252500 0.269600 0.250700 0.243100 0.244200 0.100400 0.256100 0.282200 0.263700 0.260800 0.246600 0.261900 0.256400 0.277800 0.099300 0.045000 0.251200 0.100300 0.122500 0.249600 0.263500 0.241700 0.260200 0.260000 0.260700 0.248200 0.279800
Reindeer 0.238600 0.545200 0.243800 0.543700 0.259200 0.258800 0.238100 0.238300 0.251100 0.095500 0.256500 0.228700 0.260000 0.262000 0.262300 0.240400 0.268900 0.265600 0.257000 0.240000 0.241900 0.256700 0.100200 0.000000 0.259000 0.226400 0.269100 0.227900 0.252200 0.233900 0.090300 0.248700 0.265200 0.262700 0.247100 0.227000 0.238400 0.259000 0.274200 0.084100 0.085200 0.234600 0.090300 0.037000 0.217400 0.259400 0.256600 0.256400 0.258800 0.234600 0.228300 0.256100
Ibex 0.066200 0.518200 0.199900 0.541500 0.172600 0.087900 0.135300 0.148100 0.222900 0.268400 0.018200 0.190700 0.133900 0.144700 0.203900 0.137500 0.285500 0.301100 0.099400 0.212100 0.121200 0.074700 0.276000 0.259000 0.000000 0.145700 0.136200 0.219100 0.142900 0.218600 0.262600 0.144600 0.299800 0.124800 0.142600 0.208200 0.066100 0.163700 0.154200 0.240000 0.263900 0.135100 0.262400 0.286700 0.204900 0.161100 0.159000 0.184700 0.140200 0.219600 0.209700 0.221600
GyrantGaze 0.130800 0.496800 0.191300 0.552500 0.158800 0.154100 0.131300 0.107600 0.207400 0.245600 0.143300 0.188400 0.135300 0.131800 0.197900 0.070900 0.257100 0.266800 0.138600 0.203300 0.090100 0.146200 0.252500 0.226400 0.145700 0.000000 0.149100 0.204000 0.076000 0.209500 0.242800 0.140300 0.270200 0.143700 0.152800 0.196200 0.133900 0.158800 0.105000 0.227300 0.237500 0.022300 0.242800 0.253200 0.190000 0.141800 0.118200 0.161900 0.130600 0.219900 0.194700 0.206200
Hartebeest 0.132700 0.491600 0.188200 0.554500 0.167100 0.147200 0.133100 0.128800 0.204200 0.275100 0.133700 0.154900 0.038200 0.148300 0.200800 0.144100 0.274100 0.299100 0.129100 0.200100 0.113700 0.130600 0.269600 0.269100 0.136200 0.149100 0.000000 0.207000 0.138000 0.200100 0.269200 0.154100 0.305600 0.040800 0.111800 0.183700 0.124000 0.155300 0.146000 0.256500 0.260500 0.138700 0.269000 0.299700 0.183700 0.126700 0.142500 0.167200 0.146700 0.216700 0.191500 0.209300
Bongo 0.209000 0.519700 0.063700 0.528100 0.210800 0.244100 0.199500 0.206200 0.030100 0.249100 0.216800 0.150000 0.211100 0.206900 0.223200 0.201600 0.326300 0.307400 0.217500 0.027500 0.188200 0.222700 0.250700 0.227900 0.219100 0.204000 0.207000 0.000000 0.207000 0.037700 0.243300 0.215900 0.296000 0.201400 0.205200 0.154700 0.193400 0.201800 0.218900 0.225700 0.244400 0.190200 0.243300 0.251500 0.154700 0.195700 0.252000 0.192600 0.213100 0.223800 0.040300 0.055600
Gerenuk 0.139600 0.499800 0.197600 0.549900 0.147700 0.163200 0.120400 0.091800 0.210500 0.252100 0.140500 0.188800 0.130100 0.135000 0.180800 0.050100 0.270300 0.273300 0.139000 0.200200 0.074200 0.140500 0.243100 0.252200 0.142900 0.076000 0.138000 0.207000 0.000000 0.206300 0.249400 0.134900 0.287300 0.127100 0.153400 0.202600 0.131200 0.147600 0.105300 0.233800 0.228000 0.066000 0.249300 0.275800 0.202500 0.145100 0.118500 0.174100 0.130800 0.229700 0.197700 0.215500
CommonElan 0.208400 0.505100 0.051200 0.512700 0.216500 0.230600 0.192600 0.211600 0.033000 0.249100 0.216100 0.154800 0.204200 0.200000 0.216600 0.213200 0.316200 0.301200 0.210500 0.025200 0.181200 0.222300 0.244200 0.233900 0.218600 0.209500 0.200100 0.037700 0.206300 0.000000 0.243200 0.202700 0.289100 0.188300 0.210700 0.159400 0.192600 0.207300 0.212000 0.231700 0.237900 0.195600 0.243200 0.264300 0.159300 0.201100 0.238900 0.191800 0.206200 0.210800 0.027800 0.048400
MuntiacusR 0.245200 0.523300 0.250200 0.515500 0.269200 0.268800 0.241300 0.264100 0.260700 0.004900 0.253500 0.244300 0.260200 0.258900 0.288100 0.250200 0.275400 0.265500 0.254300 0.249500 0.238700 0.266500 0.100400 0.090300 0.262600 0.242800 0.269200 0.243300 0.249400 0.243200 0.000000 0.251700 0.285300 0.263000 0.247000 0.236000 0.244900 0.262400 0.267800 0.081400 0.082600 0.238400 0.002500 0.118200 0.239100 0.272700 0.260100 0.262800 0.265500 0.256800 0.247200 0.265700
HarveysDui 0.129500 0.499400 0.209100 0.479800 0.140900 0.144000 0.058600 0.134300 0.213100 0.257500 0.142200 0.184800 0.140200 0.050900 0.194900 0.135400 0.270200 0.289400 0.137400 0.208900 0.122100 0.133400 0.256100 0.248700 0.144600 0.140300 0.154100 0.215900 0.134900 0.202700 0.251700 0.000000 0.300200 0.142600 0.140400 0.198700 0.109600 0.152500 0.143000 0.227000 0.240400 0.135600 0.251600 0.272500 0.198600 0.141000 0.145100 0.167100 0.129300 0.206900 0.219000 0.230900
Pronghorn 0.288500 0.524600 0.303800 0.508600 0.298300 0.313900 0.289400 0.275400 0.308700 0.291200 0.290500 0.269700 0.292400 0.291500 0.310100 0.274800 0.240500 0.272800 0.283000 0.286100 0.273200 0.307700 0.282200 0.265200 0.299800 0.270200 0.305600 0.296000 0.287300 0.289100 0.285300 0.300200 0.000000 0.295400 0.302900 0.277900 0.284700 0.294300 0.286000 0.269000 0.266800 0.261900 0.285100 0.295800 0.284700 0.319400 0.285300 0.301800 0.304700 0.289700 0.293700 0.320600
BlueWildeb 0.121500 0.493800 0.188500 0.532000 0.167400 0.129900 0.127700 0.123400 0.198600 0.268800 0.122400 0.161300 0.043600 0.136900 0.189700 0.133000 0.281300 0.286600 0.117900 0.194400 0.102800 0.119200 0.263700 0.262700 0.124800 0.143700 0.040800 0.201400 0.127100 0.188300 0.263000 0.142600 0.295400 0.000000 0.103600 0.184200 0.107100 0.149900 0.129300 0.250400 0.261100 0.133300 0.262800 0.293300 0.184100 0.132700 0.142700 0.173600 0.135600 0.219800 0.185900 0.209800
Gemsbok 0.130600 0.476700 0.219800 0.516600 0.153600 0.142300 0.131100 0.126600 0.208500 0.252800 0.131400 0.171200 0.103900 0.146200 0.205400 0.142200 0.255800 0.268400 0.147100 0.210600 0.128600 0.134200 0.260800 0.247100 0.142600 0.152800 0.111800 0.205200 0.153400 0.210700 0.247000 0.140400 0.302900 0.103600 0.000000 0.181900 0.127600 0.141900 0.149900 0.241300 0.245400 0.142400 0.247000 0.277600 0.175900 0.141900 0.154200 0.153600 0.136000 0.208500 0.214500 0.226400
Yak 0.198200 0.497500 0.147900 0.484500 0.187700 0.217300 0.185500 0.180300 0.157200 0.241800 0.205900 0.086300 0.181700 0.189800 0.230900 0.190900 0.285000 0.277200 0.203300 0.159400 0.177200 0.202400 0.246600 0.227000 0.208200 0.196200 0.183700 0.154700 0.202600 0.159400 0.236000 0.198700 0.277900 0.184200 0.181900 0.000000 0.182600 0.193600 0.186800 0.240400 0.237200 0.182600 0.235900 0.260600 0.022600 0.178900 0.213600 0.184800 0.190700 0.203800 0.156900 0.171300
BlueSheep 0.052300 0.493900 0.199100 0.505900 0.154300 0.068400 0.095100 0.130500 0.184300 0.250700 0.063600 0.171600 0.116000 0.109700 0.176600 0.120200 0.274000 0.289600 0.082300 0.186400 0.109700 0.049900 0.261900 0.238400 0.066100 0.133900 0.124000 0.193400 0.131200 0.192600 0.244900 0.109600 0.284700 0.107100 0.127600 0.182600 0.000000 0.145500 0.136600 0.220200 0.246100 0.123500 0.244800 0.259400 0.185500 0.131300 0.147100 0.166100 0.111300 0.199900 0.202600 0.201900
BohorReedb 0.131200 0.472400 0.216500 0.509600 0.039800 0.157300 0.134500 0.141500 0.192900 0.268100 0.155300 0.179900 0.147300 0.149600 0.166900 0.136700 0.274600 0.260700 0.147600 0.201100 0.117800 0.152200 0.256400 0.259000 0.163700 0.158800 0.155300 0.201800 0.147600 0.207300 0.262400 0.152500 0.294300 0.149900 0.141900 0.193600 0.145500 0.000000 0.150000 0.249900 0.253500 0.154200 0.262200 0.289200 0.205900 0.156700 0.166700 0.153800 0.139400 0.217500 0.201600 0.216400
KirksDik 0.150800 0.492900 0.206000 0.520400 0.155800 0.159500 0.128300 0.088700 0.216300 0.270500 0.151800 0.179000 0.126800 0.140300 0.177600 0.100100 0.266300 0.301600 0.129800 0.211900 0.076500 0.143200 0.277800 0.274200 0.154200 0.105000 0.146000 0.218900 0.105300 0.212000 0.267800 0.143000 0.286000 0.129300 0.149900 0.186800 0.136600 0.150000 0.000000 0.255300 0.265900 0.094900 0.267700 0.304500 0.186700 0.142000 0.120700 0.185200 0.138800 0.232300 0.200400 0.215200
RoeDeer 0.229700 0.502600 0.248000 0.521600 0.263200 0.256200 0.229500 0.245300 0.242400 0.086500 0.237700 0.235500 0.247700 0.253000 0.262800 0.222100 0.265700 0.253100 0.231900 0.231500 0.226600 0.240800 0.099300 0.084100 0.240000 0.227300 0.256500 0.225700 0.233800 0.231700 0.081400 0.227000 0.269000 0.250400 0.241300 0.240400 0.220200 0.249900 0.255300 0.000000 0.084400 0.222900 0.081400 0.111600 0.243400 0.253700 0.241400 0.257000 0.234000 0.241500 0.235500 0.244300
WhiteLippe 0.253000 0.535000 0.251500 0.515200 0.247200 0.277000 0.242300 0.252800 0.262000 0.087800 0.261500 0.238800 0.258300 0.250200 0.256800 0.241600 0.256900 0.250700 0.265000 0.244200 0.236800 0.261300 0.045000 0.085200 0.263900 0.237500 0.260500 0.244400 0.228000 0.237900 0.082600 0.240400 0.266800 0.261100 0.245400 0.237200 0.246100 0.253500 0.265900 0.084400 0.000000 0.236100 0.082500 0.107700 0.240300 0.260900 0.242200 0.251200 0.253800 0.238400 0.241800 0.273700
ThomsonGaz 0.131900 0.479700 0.177500 0.552600 0.154300 0.155400 0.121000 0.097600 0.193400 0.241200 0.132700 0.174800 0.125000 0.130100 0.187600 0.060900 0.252700 0.262500 0.133900 0.189400 0.079900 0.135700 0.251200 0.234600 0.135100 0.022300 0.138700 0.190200 0.066000 0.195600 0.238400 0.135600 0.261900 0.133300 0.142400 0.182600 0.123500 0.154200 0.094900 0.222900 0.236100 0.000000 0.238300 0.255300 0.182600 0.142900 0.108100 0.160200 0.120300 0.212500 0.180900 0.198500
MuntiacusC 0.245100 0.526700 0.250200 0.521600 0.269100 0.268600 0.241200 0.264000 0.260700 0.007400 0.253400 0.244100 0.260000 0.258700 0.288100 0.250100 0.275300 0.265400 0.254100 0.249500 0.238600 0.266300 0.100300 0.090300 0.262400 0.242800 0.269000 0.243300 0.249300 0.243200 0.002500 0.251600 0.285100 0.262800 0.247000 0.235900 0.244800 0.262200 0.267700 0.081400 0.082500 0.238300 0.000000 0.118200 0.238900 0.272600 0.260000 0.262700 0.265300 0.256700 0.247100 0.265700
WhiteTaile 0.272800 0.572700 0.274400 0.579700 0.296000 0.293500 0.255300 0.268100 0.268900 0.123400 0.291200 0.258900 0.290600 0.279200 0.298800 0.263900 0.302200 0.297800 0.287700 0.257400 0.265600 0.291300 0.122500 0.037000 0.286700 0.253200 0.299700 0.251500 0.275800 0.264300 0.118200 0.272500 0.295800 0.293300 0.277600 0.260600 0.259400 0.289200 0.304500 0.111600 0.107700 0.255300 0.118200 0.000000 0.250700 0.283000 0.286600 0.280200 0.276100 0.264700 0.258800 0.280100
Cattle 0.201100 0.481700 0.147800 0.473300 0.199900 0.220200 0.185400 0.174400 0.163000 0.244800 0.199500 0.089000 0.181600 0.189700 0.231000 0.184900 0.284400 0.286900 0.206200 0.159300 0.177100 0.205400 0.249600 0.217400 0.204900 0.190000 0.183700 0.154700 0.202500 0.159300 0.239100 0.198600 0.284700 0.184100 0.175900 0.022600 0.185500 0.205900 0.186700 0.243400 0.240300 0.182600 0.238900 0.250700 0.000000 0.172900 0.222400 0.184800 0.184700 0.206800 0.156800 0.165200
RoyalAntel 0.145800 0.531900 0.210500 0.516600 0.156900 0.166400 0.126100 0.135900 0.192700 0.275400 0.158700 0.180200 0.130200 0.146700 0.198800 0.145500 0.281600 0.303500 0.159600 0.188700 0.129400 0.138000 0.263500 0.259400 0.161100 0.141800 0.126700 0.195700 0.145100 0.201100 0.272700 0.141000 0.319400 0.132700 0.141900 0.178900 0.131300 0.156700 0.142000 0.253700 0.260900 0.142900 0.272600 0.283000 0.172900 0.000000 0.166800 0.165400 0.131000 0.211300 0.204700 0.197800
Steenbok 0.155600 0.504200 0.232700 0.538500 0.172700 0.176200 0.147500 0.112600 0.249800 0.262900 0.156600 0.202400 0.140100 0.139600 0.194200 0.124200 0.249800 0.284700 0.151900 0.245300 0.094900 0.153700 0.241700 0.256600 0.159000 0.118200 0.142500 0.252000 0.118500 0.238900 0.260100 0.145100 0.285300 0.142700 0.154200 0.213600 0.147100 0.166700 0.120700 0.241400 0.242200 0.108100 0.260000 0.286600 0.222400 0.166800 0.000000 0.178700 0.143900 0.208900 0.236400 0.254800
Impala 0.175000 0.497000 0.198000 0.525200 0.165300 0.193500 0.145900 0.170200 0.189700 0.268600 0.176200 0.183200 0.165000 0.164300 0.175600 0.162900 0.264500 0.274000 0.171200 0.191800 0.158100 0.176200 0.260200 0.256400 0.184700 0.161900 0.167200 0.192600 0.174100 0.191800 0.262800 0.167100 0.301800 0.173600 0.153600 0.184800 0.166100 0.153800 0.185200 0.257000 0.251200 0.160200 0.262700 0.280200 0.184800 0.165400 0.178700 0.000000 0.142400 0.214500 0.195300 0.213100
Klipspring 0.119800 0.470400 0.212700 0.508000 0.151000 0.142900 0.120500 0.130400 0.210400 0.271300 0.137800 0.188800 0.124400 0.138000 0.192800 0.114600 0.277700 0.306400 0.138900 0.212300 0.106900 0.128900 0.260000 0.258800 0.140200 0.130600 0.146700 0.213100 0.130800 0.206200 0.265500 0.129300 0.304700 0.135600 0.136000 0.190700 0.111300 0.139400 0.138800 0.234000 0.253800 0.120300 0.265300 0.276100 0.184700 0.131000 0.143900 0.142400 0.000000 0.213900 0.216200 0.215300
ForestMusk 0.203000 0.542100 0.217200 0.523400 0.223900 0.228700 0.202900 0.219000 0.227600 0.262600 0.217100 0.198700 0.214500 0.213400 0.226900 0.224200 0.208500 0.240500 0.208100 0.223200 0.206500 0.213900 0.260700 0.234600 0.219600 0.219900 0.216700 0.223800 0.229700 0.210800 0.256800 0.206900 0.289700 0.219800 0.208500 0.203800 0.199900 0.217500 0.232300 0.241500 0.238400 0.212500 0.256700 0.264700 0.206800 0.211300 0.208900 0.214500 0.213900 0.000000 0.214300 0.239100
Bushbuck 0.199400 0.502200 0.038200 0.528800 0.220200 0.234500 0.202400 0.196800 0.035700 0.253000 0.207200 0.146400 0.201700 0.209900 0.211200 0.198300 0.313500 0.305500 0.208100 0.027800 0.166700 0.213200 0.248200 0.228300 0.209700 0.194700 0.191500 0.040300 0.197700 0.027800 0.247200 0.219000 0.293700 0.185900 0.214500 0.156900 0.202600 0.201600 0.200400 0.235500 0.241800 0.180900 0.247100 0.258800 0.156800 0.204700 0.236400 0.195300 0.216200 0.214300 0.000000 0.051100
GreaterKud 0.211400 0.517500 0.069600 0.552900 0.225900 0.246900 0.214100 0.214600 0.051200 0.271700 0.219200 0.166600 0.213500 0.221800 0.234900 0.216200 0.330300 0.325000 0.219900 0.043100 0.187400 0.225300 0.279800 0.256100 0.221600 0.206200 0.209300 0.055600 0.215500 0.048400 0.265700 0.230900 0.320600 0.209800 0.226400 0.171300 0.201900 0.216400 0.215200 0.244300 0.273700 0.198500 0.265700 0.280100 0.165200 0.197800 0.254800 0.213100 0.215300 0.239100 0.051100 0.000000
