CODONML (in paml version 4.10.7, June 2023)  /home/rachel/ruminants_paml/6406-phy-tree/ENSBTAT00000003703.fasta.phy
Model: free dN/dS Ratios for branches,  kappa = 2.000 fixed

Codon frequency model: F3x4
ns =  54  ls =  46

Codon usage in sequences
--------------------------------------------------------------------------------------------------------------------------------------
Phe TTT   1   1   1   1   1   1 | Ser TCT   2   2   2   2   1   1 | Tyr TAT   2   2   2   1   1   2 | Cys TGT   0   0   0   0   1   0
    TTC   0   0   0   0   0   0 |     TCC   0   0   0   0   0   0 |     TAC   1   1   1   2   2   1 |     TGC   0   0   0   0   0   0
Leu TTA   0   0   0   0   0   0 |     TCA   2   2   2   2   2   2 | *** TAA   0   0   0   0   0   0 | *** TGA   0   0   0   0   0   0
    TTG   0   0   0   0   0   0 |     TCG   0   0   0   0   0   0 |     TAG   0   0   0   0   0   0 | Trp TGG   1   1   1   1   1   1
--------------------------------------------------------------------------------------------------------------------------------------
Leu CTT   0   0   0   0   0   0 | Pro CCT   0   0   0   0   0   0 | His CAT   0   0   0   0   1   1 | Arg CGT   1   1   1   1   0   0
    CTC   0   0   0   0   0   0 |     CCC   0   0   0   0   0   0 |     CAC   0   0   0   0   0   1 |     CGC   0   0   0   0   0   0
    CTA   0   0   0   0   0   0 |     CCA   1   1   1   1   1   1 | Gln CAA   4   4   4   4   4   3 |     CGA   1   1   1   1   1   1
    CTG   1   1   1   1   1   1 |     CCG   0   0   0   0   0   0 |     CAG   0   0   0   0   0   0 |     CGG   0   0   0   0   0   0
--------------------------------------------------------------------------------------------------------------------------------------
Ile ATT   1   1   1   1   0   1 | Thr ACT   0   0   0   0   0   0 | Asn AAT   1   1   2   1   1   1 | Ser AGT   2   2   1   2   2   2
    ATC   0   0   0   0   0   0 |     ACC   0   0   0   0   0   0 |     AAC   0   0   0   0   0   0 |     AGC   0   0   0   0   0   0
    ATA   2   1   2   2   1   1 |     ACA   0   0   0   0   0   0 | Lys AAA   5   5   5   5   5   4 | Arg AGA   1   1   1   1   1   1
Met ATG   2   2   2   2   2   2 |     ACG   0   0   0   0   0   0 |     AAG   1   1   1   1   1   2 |     AGG   0   0   0   0   0   0
--------------------------------------------------------------------------------------------------------------------------------------
Val GTT   1   1   1   1   1   1 | Ala GCT   1   1   1   1   2   2 | Asp GAT   1   1   1   1   1   1 | Gly GGT   0   0   0   0   0   0
    GTC   0   0   0   0   0   0 |     GCC   1   1   1   1   1   1 |     GAC   1   1   1   1   1   1 |     GGC   0   0   0   0   0   0
    GTA   0   1   0   0   1   1 |     GCA   1   1   1   1   1   1 | Glu GAA   4   4   4   4   4   4 |     GGA   1   1   1   1   1   1
    GTG   2   2   2   2   2   2 |     GCG   0   0   0   0   0   0 |     GAG   1   1   1   1   1   1 |     GGG   0   0   0   0   0   0
--------------------------------------------------------------------------------------------------------------------------------------

--------------------------------------------------------------------------------------------------------------------------------------
Phe TTT   1   1   1   1   1   1 | Ser TCT   2   2   2   2   2   2 | Tyr TAT   2   2   2   2   2   2 | Cys TGT   0   0   0   0   0   0
    TTC   0   0   0   0   0   0 |     TCC   0   0   0   0   0   0 |     TAC   1   1   1   1   1   1 |     TGC   0   0   0   0   0   0
Leu TTA   0   0   0   0   0   0 |     TCA   2   2   2   2   2   2 | *** TAA   0   0   0   0   0   0 | *** TGA   0   0   0   0   0   0
    TTG   0   0   0   0   0   0 |     TCG   0   0   0   0   0   0 |     TAG   0   0   0   0   0   0 | Trp TGG   1   1   1   1   1   1
--------------------------------------------------------------------------------------------------------------------------------------
Leu CTT   0   0   0   0   0   0 | Pro CCT   0   0   0   0   0   0 | His CAT   0   0   0   0   0   0 | Arg CGT   1   1   1   1   1   1
    CTC   0   0   0   0   0   0 |     CCC   0   0   0   0   0   0 |     CAC   0   0   0   0   0   0 |     CGC   0   0   0   0   0   0
    CTA   0   0   0   0   0   0 |     CCA   1   1   1   1   1   1 | Gln CAA   4   4   4   4   4   4 |     CGA   1   1   0   1   1   1
    CTG   1   1   1   1   1   1 |     CCG   0   0   0   0   0   0 |     CAG   0   0   0   0   0   0 |     CGG   0   0   0   0   0   0
--------------------------------------------------------------------------------------------------------------------------------------
Ile ATT   1   1   1   1   1   1 | Thr ACT   0   0   0   0   0   0 | Asn AAT   1   1   1   1   2   1 | Ser AGT   2   2   2   2   1   2
    ATC   0   0   0   0   0   0 |     ACC   0   0   0   0   0   0 |     AAC   0   0   0   0   0   0 |     AGC   0   0   0   0   0   0
    ATA   2   2   2   2   1   2 |     ACA   0   0   0   0   0   0 | Lys AAA   5   5   4   5   5   5 | Arg AGA   1   1   2   1   1   1
Met ATG   2   2   2   2   2   2 |     ACG   0   0   0   0   0   0 |     AAG   1   1   2   1   1   1 |     AGG   0   0   0   0   0   0
--------------------------------------------------------------------------------------------------------------------------------------
Val GTT   1   1   1   1   1   1 | Ala GCT   1   1   1   1   1   1 | Asp GAT   1   1   1   2   1   1 | Gly GGT   0   0   0   0   0   0
    GTC   0   0   0   0   0   0 |     GCC   1   1   1   1   1   1 |     GAC   1   1   1   0   1   1 |     GGC   0   0   0   0   0   0
    GTA   0   0   0   0   1   0 |     GCA   1   1   1   1   1   1 | Glu GAA   4   4   4   4   4   4 |     GGA   1   1   1   1   1   1
    GTG   2   2   2   2   1   2 |     GCG   0   0   0   0   0   0 |     GAG   1   1   1   1   1   1 |     GGG   0   0   0   0   1   0
--------------------------------------------------------------------------------------------------------------------------------------

--------------------------------------------------------------------------------------------------------------------------------------
Phe TTT   1   1   1   1   1   1 | Ser TCT   2   2   2   2   2   2 | Tyr TAT   2   2   2   2   2   2 | Cys TGT   0   0   0   0   0   0
    TTC   0   0   0   0   0   0 |     TCC   0   0   0   0   0   0 |     TAC   1   1   1   1   1   1 |     TGC   0   0   0   0   0   0
Leu TTA   0   0   0   0   0   0 |     TCA   2   2   2   2   2   2 | *** TAA   0   0   0   0   0   0 | *** TGA   0   0   0   0   0   0
    TTG   0   0   0   0   0   0 |     TCG   0   0   0   0   0   0 |     TAG   0   0   0   0   0   0 | Trp TGG   1   1   1   1   1   1
--------------------------------------------------------------------------------------------------------------------------------------
Leu CTT   0   0   0   0   0   0 | Pro CCT   0   0   0   0   0   0 | His CAT   0   0   0   0   0   0 | Arg CGT   1   1   1   1   1   1
    CTC   0   0   0   0   0   0 |     CCC   0   0   0   0   0   0 |     CAC   0   0   0   0   0   0 |     CGC   0   0   0   0   0   0
    CTA   0   0   0   0   0   0 |     CCA   1   1   1   1   1   1 | Gln CAA   4   4   4   4   4   4 |     CGA   1   1   1   1   0   1
    CTG   1   1   1   1   1   1 |     CCG   0   0   0   0   0   0 |     CAG   0   0   0   0   0   0 |     CGG   0   0   0   0   1   0
--------------------------------------------------------------------------------------------------------------------------------------
Ile ATT   1   1   1   1   1   1 | Thr ACT   0   0   0   0   0   0 | Asn AAT   1   2   1   1   1   1 | Ser AGT   2   1   2   2   2   2
    ATC   0   0   0   0   0   1 |     ACC   0   0   0   0   0   0 |     AAC   0   0   0   0   0   0 |     AGC   0   0   0   0   0   0
    ATA   2   2   2   2   2   1 |     ACA   0   0   0   0   0   0 | Lys AAA   5   5   5   5   5   5 | Arg AGA   1   1   1   1   1   1
Met ATG   2   2   2   2   2   2 |     ACG   0   0   0   0   0   0 |     AAG   1   1   1   1   1   1 |     AGG   0   0   0   0   0   0
--------------------------------------------------------------------------------------------------------------------------------------
Val GTT   1   1   1   1   1   1 | Ala GCT   1   1   1   1   1   1 | Asp GAT   1   1   1   1   1   1 | Gly GGT   0   0   0   0   0   0
    GTC   0   0   0   0   0   0 |     GCC   1   1   1   1   1   1 |     GAC   1   1   1   1   1   1 |     GGC   0   0   0   0   0   0
    GTA   0   0   0   0   0   0 |     GCA   1   1   1   1   1   1 | Glu GAA   4   4   4   4   4   4 |     GGA   1   1   1   1   1   1
    GTG   2   2   2   2   2   2 |     GCG   0   0   0   0   0   0 |     GAG   1   1   1   1   1   1 |     GGG   0   0   0   0   0   0
--------------------------------------------------------------------------------------------------------------------------------------

--------------------------------------------------------------------------------------------------------------------------------------
Phe TTT   1   1   1   1   1   1 | Ser TCT   2   2   2   2   2   2 | Tyr TAT   2   2   2   2   2   2 | Cys TGT   0   0   0   0   0   0
    TTC   0   0   0   0   0   0 |     TCC   0   0   0   0   0   0 |     TAC   1   1   1   1   1   1 |     TGC   0   0   0   0   0   0
Leu TTA   0   0   0   0   0   0 |     TCA   2   2   2   2   2   2 | *** TAA   0   0   0   0   0   0 | *** TGA   0   0   0   0   0   0
    TTG   0   0   0   0   0   0 |     TCG   0   0   0   0   0   0 |     TAG   0   0   0   0   0   0 | Trp TGG   1   1   1   1   1   1
--------------------------------------------------------------------------------------------------------------------------------------
Leu CTT   0   0   0   0   0   0 | Pro CCT   0   0   0   0   0   0 | His CAT   1   1   0   0   0   0 | Arg CGT   0   0   1   1   1   1
    CTC   0   0   0   0   0   0 |     CCC   0   0   0   0   0   0 |     CAC   0   0   0   0   0   0 |     CGC   0   0   0   0   0   0
    CTA   0   0   0   0   0   0 |     CCA   1   1   1   1   1   1 | Gln CAA   4   4   4   3   4   4 |     CGA   1   1   1   1   1   1
    CTG   1   1   1   1   1   1 |     CCG   0   0   0   0   0   0 |     CAG   0   0   0   1   0   0 |     CGG   0   0   0   0   0   0
--------------------------------------------------------------------------------------------------------------------------------------
Ile ATT   1   1   1   1   1   1 | Thr ACT   0   0   0   0   0   0 | Asn AAT   1   1   1   2   1   1 | Ser AGT   2   2   2   1   2   2
    ATC   0   0   0   0   0   0 |     ACC   0   0   0   0   0   0 |     AAC   0   0   0   0   0   0 |     AGC   0   0   0   0   0   0
    ATA   2   2   2   1   2   2 |     ACA   0   0   0   0   0   0 | Lys AAA   5   5   5   5   5   5 | Arg AGA   1   1   1   1   1   1
Met ATG   3   3   2   2   2   2 |     ACG   0   0   0   0   0   0 |     AAG   1   1   1   1   1   1 |     AGG   0   0   0   0   0   0
--------------------------------------------------------------------------------------------------------------------------------------
Val GTT   1   1   1   1   1   1 | Ala GCT   1   1   1   1   1   1 | Asp GAT   1   1   1   1   1   1 | Gly GGT   0   0   0   0   0   0
    GTC   0   0   0   0   0   0 |     GCC   1   1   1   1   1   1 |     GAC   1   1   1   1   1   1 |     GGC   0   0   0   0   0   0
    GTA   0   0   0   1   0   0 |     GCA   1   1   1   1   1   1 | Glu GAA   4   4   4   4   4   4 |     GGA   1   1   1   1   1   1
    GTG   1   1   2   1   2   2 |     GCG   0   0   0   0   0   0 |     GAG   1   1   1   1   1   1 |     GGG   0   0   0   1   0   0
--------------------------------------------------------------------------------------------------------------------------------------

--------------------------------------------------------------------------------------------------------------------------------------
Phe TTT   1   1   1   1   1   1 | Ser TCT   1   2   2   2   2   2 | Tyr TAT   2   2   2   2   2   2 | Cys TGT   0   0   0   0   0   0
    TTC   0   0   0   0   0   0 |     TCC   1   0   0   0   0   0 |     TAC   1   1   1   1   1   1 |     TGC   0   0   0   0   0   0
Leu TTA   0   0   0   0   0   0 |     TCA   2   2   2   2   2   2 | *** TAA   0   0   0   0   0   0 | *** TGA   0   0   0   0   0   0
    TTG   0   0   0   0   0   0 |     TCG   0   0   0   0   0   0 |     TAG   0   0   0   0   0   0 | Trp TGG   1   1   1   1   1   1
--------------------------------------------------------------------------------------------------------------------------------------
Leu CTT   0   0   0   0   0   0 | Pro CCT   0   0   0   0   0   0 | His CAT   0   0   0   0   0   0 | Arg CGT   1   1   1   1   1   1
    CTC   0   0   0   0   0   0 |     CCC   0   0   0   0   0   0 |     CAC   0   0   0   0   0   0 |     CGC   0   0   0   0   0   0
    CTA   0   0   0   0   0   0 |     CCA   1   1   1   1   1   1 | Gln CAA   4   4   4   4   4   4 |     CGA   1   1   1   1   1   1
    CTG   1   1   1   1   1   1 |     CCG   0   0   0   0   0   0 |     CAG   0   0   0   0   0   0 |     CGG   0   0   0   0   0   0
--------------------------------------------------------------------------------------------------------------------------------------
Ile ATT   1   1   1   1   1   1 | Thr ACT   0   0   0   0   0   0 | Asn AAT   1   1   1   1   1   2 | Ser AGT   2   2   1   2   2   1
    ATC   0   0   0   0   0   0 |     ACC   0   0   0   0   0   0 |     AAC   0   0   0   0   0   0 |     AGC   0   0   1   0   0   0
    ATA   2   2   2   2   2   1 |     ACA   0   0   0   0   0   0 | Lys AAA   5   5   5   5   5   5 | Arg AGA   1   1   1   1   1   1
Met ATG   2   2   2   2   2   2 |     ACG   0   0   0   0   0   0 |     AAG   1   1   1   1   1   1 |     AGG   0   0   0   0   0   0
--------------------------------------------------------------------------------------------------------------------------------------
Val GTT   1   1   1   1   1   1 | Ala GCT   1   1   1   1   1   1 | Asp GAT   1   1   1   1   1   1 | Gly GGT   0   0   0   0   0   0
    GTC   0   0   0   0   0   0 |     GCC   1   1   1   1   1   1 |     GAC   1   1   1   1   1   1 |     GGC   0   0   0   0   0   0
    GTA   0   0   0   0   0   1 |     GCA   1   1   1   1   1   1 | Glu GAA   4   4   4   4   4   4 |     GGA   1   1   1   1   1   1
    GTG   2   2   2   2   2   1 |     GCG   0   0   0   0   0   0 |     GAG   1   1   1   1   1   1 |     GGG   0   0   0   0   0   1
--------------------------------------------------------------------------------------------------------------------------------------

--------------------------------------------------------------------------------------------------------------------------------------
Phe TTT   1   1   1   1   1   1 | Ser TCT   2   2   2   2   2   2 | Tyr TAT   2   2   2   2   2   2 | Cys TGT   0   0   0   0   0   0
    TTC   0   0   0   0   0   0 |     TCC   0   0   0   0   0   0 |     TAC   1   1   1   1   1   1 |     TGC   0   0   0   0   0   0
Leu TTA   0   0   0   0   0   0 |     TCA   2   2   2   2   2   2 | *** TAA   0   0   0   0   0   0 | *** TGA   0   0   0   0   0   0
    TTG   0   0   0   0   0   0 |     TCG   0   0   0   0   0   0 |     TAG   0   0   0   0   0   0 | Trp TGG   1   1   1   1   1   1
--------------------------------------------------------------------------------------------------------------------------------------
Leu CTT   0   0   0   0   0   0 | Pro CCT   0   0   0   0   0   0 | His CAT   0   0   0   0   1   0 | Arg CGT   1   1   1   1   0   1
    CTC   0   0   0   0   0   0 |     CCC   0   0   0   0   0   0 |     CAC   0   0   0   0   0   0 |     CGC   0   0   0   0   0   0
    CTA   0   0   0   0   0   0 |     CCA   1   1   1   1   1   1 | Gln CAA   4   4   4   4   4   4 |     CGA   1   1   1   1   1   1
    CTG   1   1   1   1   2   1 |     CCG   0   0   0   0   0   0 |     CAG   0   0   0   0   0   0 |     CGG   0   0   0   0   0   0
--------------------------------------------------------------------------------------------------------------------------------------
Ile ATT   1   1   1   1   1   1 | Thr ACT   0   0   0   0   0   0 | Asn AAT   1   2   1   1   2   1 | Ser AGT   2   1   2   2   1   2
    ATC   0   0   0   0   0   0 |     ACC   0   0   0   0   0   0 |     AAC   0   0   0   0   0   0 |     AGC   0   0   0   0   0   0
    ATA   2   2   2   2   2   2 |     ACA   0   0   0   0   0   0 | Lys AAA   5   5   5   5   5   5 | Arg AGA   1   1   1   1   1   1
Met ATG   2   2   2   2   2   2 |     ACG   0   0   0   0   0   0 |     AAG   1   1   1   1   1   1 |     AGG   0   0   0   0   0   0
--------------------------------------------------------------------------------------------------------------------------------------
Val GTT   1   1   1   1   1   1 | Ala GCT   1   1   1   1   1   1 | Asp GAT   1   1   1   1   1   1 | Gly GGT   0   0   0   0   0   0
    GTC   0   0   0   0   0   0 |     GCC   1   1   1   1   1   1 |     GAC   1   1   1   1   1   1 |     GGC   0   0   0   0   0   0
    GTA   0   0   0   0   0   0 |     GCA   1   1   1   1   1   1 | Glu GAA   4   4   4   4   4   4 |     GGA   1   1   1   1   1   1
    GTG   2   2   2   2   1   2 |     GCG   0   0   0   0   0   0 |     GAG   1   1   1   1   1   1 |     GGG   0   0   0   0   0   0
--------------------------------------------------------------------------------------------------------------------------------------

--------------------------------------------------------------------------------------------------------------------------------------
Phe TTT   1   1   1   1   1   1 | Ser TCT   2   2   2   2   2   2 | Tyr TAT   1   2   2   2   2   2 | Cys TGT   0   0   0   0   0   0
    TTC   0   0   0   0   0   0 |     TCC   0   0   0   0   0   0 |     TAC   2   1   1   1   1   1 |     TGC   0   0   0   0   0   0
Leu TTA   0   0   0   0   0   0 |     TCA   2   2   2   2   2   2 | *** TAA   0   0   0   0   0   0 | *** TGA   0   0   0   0   0   0
    TTG   0   0   0   0   0   0 |     TCG   0   0   0   0   0   0 |     TAG   0   0   0   0   0   0 | Trp TGG   1   1   1   1   1   1
--------------------------------------------------------------------------------------------------------------------------------------
Leu CTT   0   0   0   0   0   0 | Pro CCT   0   0   0   0   0   0 | His CAT   1   0   0   0   0   0 | Arg CGT   0   1   1   1   1   1
    CTC   0   0   0   0   0   0 |     CCC   0   0   0   0   0   0 |     CAC   0   0   0   0   0   0 |     CGC   0   0   0   0   0   0
    CTA   0   0   0   0   0   0 |     CCA   1   1   1   1   0   1 | Gln CAA   4   4   4   4   4   4 |     CGA   1   1   1   1   1   1
    CTG   1   1   1   1   1   1 |     CCG   0   0   0   0   1   0 |     CAG   0   0   0   0   0   0 |     CGG   0   0   0   0   0   0
--------------------------------------------------------------------------------------------------------------------------------------
Ile ATT   1   1   1   1   1   1 | Thr ACT   0   0   0   0   0   0 | Asn AAT   1   2   1   1   1   1 | Ser AGT   2   1   2   2   2   2
    ATC   0   0   0   0   0   0 |     ACC   0   0   0   0   0   0 |     AAC   0   0   0   0   0   0 |     AGC   0   0   0   0   0   0
    ATA   2   2   2   2   2   2 |     ACA   0   0   0   0   0   0 | Lys AAA   5   5   5   5   5   5 | Arg AGA   1   1   1   1   1   1
Met ATG   2   2   2   2   2   2 |     ACG   0   0   0   0   0   0 |     AAG   1   1   1   1   1   1 |     AGG   0   0   0   0   0   0
--------------------------------------------------------------------------------------------------------------------------------------
Val GTT   1   1   1   1   1   1 | Ala GCT   1   1   1   1   1   1 | Asp GAT   1   1   1   1   1   1 | Gly GGT   0   0   0   0   0   0
    GTC   0   0   0   0   0   0 |     GCC   1   1   1   1   1   1 |     GAC   1   1   1   1   1   1 |     GGC   0   0   0   0   0   0
    GTA   0   0   0   0   0   0 |     GCA   1   1   1   1   1   1 | Glu GAA   4   4   4   4   4   4 |     GGA   1   1   1   1   1   1
    GTG   2   2   2   2   2   2 |     GCG   0   0   0   0   0   0 |     GAG   1   1   1   1   1   1 |     GGG   0   0   0   0   0   0
--------------------------------------------------------------------------------------------------------------------------------------

--------------------------------------------------------------------------------------------------------------------------------------
Phe TTT   1   1   1   1   1   1 | Ser TCT   1   2   2   2   2   2 | Tyr TAT   2   2   2   2   2   2 | Cys TGT   0   0   0   0   0   0
    TTC   0   0   0   0   0   0 |     TCC   1   0   0   0   0   0 |     TAC   1   1   1   1   1   1 |     TGC   0   0   0   0   0   0
Leu TTA   0   0   0   0   0   0 |     TCA   2   2   2   2   2   2 | *** TAA   0   0   0   0   0   0 | *** TGA   0   0   0   0   0   0
    TTG   0   0   0   0   0   0 |     TCG   0   0   0   0   0   0 |     TAG   0   0   0   0   0   0 | Trp TGG   1   1   1   1   1   1
--------------------------------------------------------------------------------------------------------------------------------------
Leu CTT   0   0   0   0   0   0 | Pro CCT   0   0   0   0   0   0 | His CAT   0   0   0   0   0   0 | Arg CGT   1   1   1   1   1   1
    CTC   0   0   0   0   0   0 |     CCC   0   0   0   0   0   0 |     CAC   0   0   0   0   0   0 |     CGC   0   0   0   0   0   0
    CTA   0   0   0   0   0   0 |     CCA   1   1   1   1   1   1 | Gln CAA   4   4   4   4   4   4 |     CGA   1   1   1   1   1   1
    CTG   1   1   1   1   1   1 |     CCG   0   0   0   0   0   0 |     CAG   0   0   0   0   0   0 |     CGG   0   0   0   0   0   0
--------------------------------------------------------------------------------------------------------------------------------------
Ile ATT   1   1   1   1   1   2 | Thr ACT   0   0   0   0   0   0 | Asn AAT   1   1   1   1   2   1 | Ser AGT   2   2   2   1   1   1
    ATC   0   0   0   0   0   0 |     ACC   0   0   0   0   0   0 |     AAC   0   0   0   0   0   0 |     AGC   0   0   0   0   0   0
    ATA   2   2   2   2   2   2 |     ACA   0   0   0   0   0   0 | Lys AAA   5   5   5   5   5   5 | Arg AGA   1   1   1   1   1   1
Met ATG   2   2   2   2   2   2 |     ACG   0   0   0   0   0   0 |     AAG   1   1   1   1   1   1 |     AGG   0   0   0   0   0   0
--------------------------------------------------------------------------------------------------------------------------------------
Val GTT   1   1   1   1   1   1 | Ala GCT   1   1   1   1   1   1 | Asp GAT   1   1   1   1   1   2 | Gly GGT   0   0   0   1   0   0
    GTC   0   0   0   0   0   0 |     GCC   1   1   1   1   1   1 |     GAC   1   1   1   1   1   0 |     GGC   0   0   0   0   0   0
    GTA   0   0   0   0   0   0 |     GCA   1   1   1   1   1   1 | Glu GAA   4   4   4   4   4   3 |     GGA   1   1   1   1   1   1
    GTG   2   2   2   2   2   2 |     GCG   0   0   0   0   0   0 |     GAG   1   1   1   1   1   2 |     GGG   0   0   0   0   0   0
--------------------------------------------------------------------------------------------------------------------------------------

--------------------------------------------------------------------------------------------------------------------------------------
Phe TTT   1   1   1   1   1   1 | Ser TCT   2   2   2   2   2   2 | Tyr TAT   2   1   2   1   2   2 | Cys TGT   0   0   0   0   0   0
    TTC   0   0   0   0   0   0 |     TCC   0   0   0   0   0   0 |     TAC   1   2   1   2   1   1 |     TGC   0   0   0   0   0   0
Leu TTA   0   0   0   0   0   0 |     TCA   2   2   2   2   2   2 | *** TAA   0   0   0   0   0   0 | *** TGA   0   0   0   0   0   0
    TTG   0   0   0   0   0   0 |     TCG   0   0   0   0   0   0 |     TAG   0   0   0   0   0   0 | Trp TGG   1   1   1   1   1   1
--------------------------------------------------------------------------------------------------------------------------------------
Leu CTT   0   0   0   0   0   0 | Pro CCT   0   0   0   0   0   0 | His CAT   1   0   0   0   0   0 | Arg CGT   0   1   1   1   1   1
    CTC   0   0   0   0   0   0 |     CCC   0   0   0   0   0   0 |     CAC   0   0   0   0   0   0 |     CGC   0   0   0   0   0   0
    CTA   0   0   0   0   0   0 |     CCA   1   1   1   1   1   1 | Gln CAA   4   4   4   4   4   4 |     CGA   1   1   1   1   1   1
    CTG   1   1   1   1   1   1 |     CCG   0   0   0   0   0   0 |     CAG   0   0   0   0   0   0 |     CGG   0   0   0   0   0   0
--------------------------------------------------------------------------------------------------------------------------------------
Ile ATT   1   2   0   1   1   1 | Thr ACT   0   0   0   0   0   0 | Asn AAT   1   1   1   1   2   2 | Ser AGT   2   1   2   2   1   1
    ATC   0   0   0   0   0   0 |     ACC   0   0   0   0   0   0 |     AAC   0   0   0   0   0   0 |     AGC   0   0   0   0   0   0
    ATA   2   2   2   2   2   2 |     ACA   0   0   0   0   0   0 | Lys AAA   5   5   5   5   5   5 | Arg AGA   1   1   1   1   1   1
Met ATG   2   3   2   2   2   2 |     ACG   0   0   0   0   0   0 |     AAG   1   1   1   1   1   1 |     AGG   0   0   0   0   0   0
--------------------------------------------------------------------------------------------------------------------------------------
Val GTT   1   1   2   1   1   1 | Ala GCT   1   1   1   1   1   1 | Asp GAT   1   1   1   1   1   1 | Gly GGT   0   0   0   0   0   0
    GTC   0   0   0   0   0   0 |     GCC   1   1   1   1   1   1 |     GAC   1   1   1   1   1   1 |     GGC   0   0   0   0   0   0
    GTA   0   0   0   0   0   0 |     GCA   1   1   1   1   1   1 | Glu GAA   4   4   4   4   4   4 |     GGA   1   1   1   1   1   1
    GTG   2   1   2   2   2   2 |     GCG   0   0   0   0   0   0 |     GAG   1   1   1   1   1   1 |     GGG   0   0   0   0   0   0
--------------------------------------------------------------------------------------------------------------------------------------

Codon position x base (3x4) table for each sequence.

#1: Argali         
position  1:    T:0.19565    C:0.17391    A:0.32609    G:0.30435
position  2:    T:0.21739    C:0.17391    A:0.45652    G:0.15217
position  3:    T:0.28261    C:0.06522    A:0.47826    G:0.17391
Average         T:0.23188    C:0.13768    A:0.42029    G:0.21014

#2: LesserMouseDeer
position  1:    T:0.19565    C:0.17391    A:0.30435    G:0.32609
position  2:    T:0.21739    C:0.17391    A:0.45652    G:0.15217
position  3:    T:0.28261    C:0.06522    A:0.47826    G:0.17391
Average         T:0.23188    C:0.13768    A:0.41304    G:0.21739

#3: LesserKudu     
position  1:    T:0.19565    C:0.17391    A:0.32609    G:0.30435
position  2:    T:0.21739    C:0.17391    A:0.47826    G:0.13043
position  3:    T:0.28261    C:0.06522    A:0.47826    G:0.17391
Average         T:0.23188    C:0.13768    A:0.42754    G:0.20290

#4: ForestMuskDeer2
position  1:    T:0.19565    C:0.17391    A:0.32609    G:0.30435
position  2:    T:0.21739    C:0.17391    A:0.45652    G:0.15217
position  3:    T:0.26087    C:0.08696    A:0.47826    G:0.17391
Average         T:0.22464    C:0.14493    A:0.42029    G:0.21014

#5: Camel          
position  1:    T:0.19565    C:0.17391    A:0.28261    G:0.34783
position  2:    T:0.19565    C:0.17391    A:0.47826    G:0.15217
position  3:    T:0.26087    C:0.08696    A:0.47826    G:0.17391
Average         T:0.21739    C:0.14493    A:0.41304    G:0.22464

#6: KillerWhale    
position  1:    T:0.17391    C:0.17391    A:0.30435    G:0.34783
position  2:    T:0.21739    C:0.17391    A:0.47826    G:0.13043
position  3:    T:0.28261    C:0.08696    A:0.43478    G:0.19565
Average         T:0.22464    C:0.14493    A:0.40580    G:0.22464

#7: DefassaWaterbuck
position  1:    T:0.19565    C:0.17391    A:0.32609    G:0.30435
position  2:    T:0.21739    C:0.17391    A:0.45652    G:0.15217
position  3:    T:0.28261    C:0.06522    A:0.47826    G:0.17391
Average         T:0.23188    C:0.13768    A:0.42029    G:0.21014

#8: Sheep          
position  1:    T:0.19565    C:0.17391    A:0.32609    G:0.30435
position  2:    T:0.21739    C:0.17391    A:0.45652    G:0.15217
position  3:    T:0.28261    C:0.06522    A:0.47826    G:0.17391
Average         T:0.23188    C:0.13768    A:0.42029    G:0.21014

#9: MaxwellsDuiker 
position  1:    T:0.19565    C:0.15217    A:0.34783    G:0.30435
position  2:    T:0.21739    C:0.17391    A:0.45652    G:0.15217
position  3:    T:0.28261    C:0.06522    A:0.45652    G:0.19565
Average         T:0.23188    C:0.13043    A:0.42029    G:0.21739

#10: GazellaPrzewalskyi
position  1:    T:0.19565    C:0.17391    A:0.32609    G:0.30435
position  2:    T:0.21739    C:0.17391    A:0.45652    G:0.15217
position  3:    T:0.30435    C:0.04348    A:0.47826    G:0.17391
Average         T:0.23913    C:0.13043    A:0.42029    G:0.21014

#11: MountainNyala  
position  1:    T:0.19565    C:0.17391    A:0.30435    G:0.32609
position  2:    T:0.19565    C:0.17391    A:0.47826    G:0.15217
position  3:    T:0.28261    C:0.06522    A:0.47826    G:0.17391
Average         T:0.22464    C:0.13768    A:0.42029    G:0.21739

#12: MuntiacusMuntjak
position  1:    T:0.19565    C:0.17391    A:0.32609    G:0.30435
position  2:    T:0.21739    C:0.17391    A:0.45652    G:0.15217
position  3:    T:0.28261    C:0.06522    A:0.47826    G:0.17391
Average         T:0.23188    C:0.13768    A:0.42029    G:0.21014

#13: goat           
position  1:    T:0.19565    C:0.17391    A:0.32609    G:0.30435
position  2:    T:0.21739    C:0.17391    A:0.45652    G:0.15217
position  3:    T:0.28261    C:0.06522    A:0.47826    G:0.17391
Average         T:0.23188    C:0.13768    A:0.42029    G:0.21014

#14: AfricanBuffalo 
position  1:    T:0.19565    C:0.17391    A:0.32609    G:0.30435
position  2:    T:0.21739    C:0.17391    A:0.47826    G:0.13043
position  3:    T:0.28261    C:0.06522    A:0.47826    G:0.17391
Average         T:0.23188    C:0.13768    A:0.42754    G:0.20290

#15: Topi           
position  1:    T:0.19565    C:0.17391    A:0.32609    G:0.30435
position  2:    T:0.21739    C:0.17391    A:0.45652    G:0.15217
position  3:    T:0.28261    C:0.06522    A:0.47826    G:0.17391
Average         T:0.23188    C:0.13768    A:0.42029    G:0.21014

#16: CommonDuiker   
position  1:    T:0.19565    C:0.17391    A:0.32609    G:0.30435
position  2:    T:0.21739    C:0.17391    A:0.45652    G:0.15217
position  3:    T:0.28261    C:0.06522    A:0.47826    G:0.17391
Average         T:0.23188    C:0.13768    A:0.42029    G:0.21014

#17: Suni           
position  1:    T:0.19565    C:0.17391    A:0.32609    G:0.30435
position  2:    T:0.21739    C:0.17391    A:0.45652    G:0.15217
position  3:    T:0.28261    C:0.06522    A:0.45652    G:0.19565
Average         T:0.23188    C:0.13768    A:0.41304    G:0.21739

#18: Springbuck     
position  1:    T:0.19565    C:0.17391    A:0.32609    G:0.30435
position  2:    T:0.21739    C:0.17391    A:0.45652    G:0.15217
position  3:    T:0.28261    C:0.08696    A:0.45652    G:0.17391
Average         T:0.23188    C:0.14493    A:0.41304    G:0.21014

#19: Okapi          
position  1:    T:0.19565    C:0.17391    A:0.34783    G:0.28261
position  2:    T:0.21739    C:0.17391    A:0.47826    G:0.13043
position  3:    T:0.28261    C:0.06522    A:0.47826    G:0.17391
Average         T:0.23188    C:0.13768    A:0.43478    G:0.19565

#20: Giraffe        
position  1:    T:0.19565    C:0.17391    A:0.34783    G:0.28261
position  2:    T:0.21739    C:0.17391    A:0.47826    G:0.13043
position  3:    T:0.28261    C:0.06522    A:0.47826    G:0.17391
Average         T:0.23188    C:0.13768    A:0.43478    G:0.19565

#21: TibetanAntelope
position  1:    T:0.19565    C:0.17391    A:0.32609    G:0.30435
position  2:    T:0.21739    C:0.17391    A:0.45652    G:0.15217
position  3:    T:0.28261    C:0.06522    A:0.47826    G:0.17391
Average         T:0.23188    C:0.13768    A:0.42029    G:0.21014

#22: Sitatunga      
position  1:    T:0.19565    C:0.17391    A:0.30435    G:0.32609
position  2:    T:0.19565    C:0.17391    A:0.47826    G:0.15217
position  3:    T:0.28261    C:0.06522    A:0.45652    G:0.19565
Average         T:0.22464    C:0.13768    A:0.41304    G:0.22464

#23: Oribi          
position  1:    T:0.19565    C:0.17391    A:0.32609    G:0.30435
position  2:    T:0.21739    C:0.17391    A:0.45652    G:0.15217
position  3:    T:0.28261    C:0.06522    A:0.47826    G:0.17391
Average         T:0.23188    C:0.13768    A:0.42029    G:0.21014

#24: BarbarySheep   
position  1:    T:0.19565    C:0.17391    A:0.32609    G:0.30435
position  2:    T:0.21739    C:0.17391    A:0.45652    G:0.15217
position  3:    T:0.28261    C:0.06522    A:0.47826    G:0.17391
Average         T:0.23188    C:0.13768    A:0.42029    G:0.21014

#25: Daviddeer      
position  1:    T:0.19565    C:0.17391    A:0.32609    G:0.30435
position  2:    T:0.21739    C:0.17391    A:0.45652    G:0.15217
position  3:    T:0.26087    C:0.08696    A:0.47826    G:0.17391
Average         T:0.22464    C:0.14493    A:0.42029    G:0.21014

#26: Reindeer       
position  1:    T:0.19565    C:0.17391    A:0.32609    G:0.30435
position  2:    T:0.21739    C:0.17391    A:0.45652    G:0.15217
position  3:    T:0.28261    C:0.06522    A:0.47826    G:0.17391
Average         T:0.23188    C:0.13768    A:0.42029    G:0.21014

#27: Ibex           
position  1:    T:0.19565    C:0.17391    A:0.32609    G:0.30435
position  2:    T:0.21739    C:0.17391    A:0.45652    G:0.15217
position  3:    T:0.26087    C:0.08696    A:0.47826    G:0.17391
Average         T:0.22464    C:0.14493    A:0.42029    G:0.21014

#28: GyrantGazelle  
position  1:    T:0.19565    C:0.17391    A:0.32609    G:0.30435
position  2:    T:0.21739    C:0.17391    A:0.45652    G:0.15217
position  3:    T:0.28261    C:0.06522    A:0.47826    G:0.17391
Average         T:0.23188    C:0.13768    A:0.42029    G:0.21014

#29: Hartebeest     
position  1:    T:0.19565    C:0.17391    A:0.32609    G:0.30435
position  2:    T:0.21739    C:0.17391    A:0.45652    G:0.15217
position  3:    T:0.28261    C:0.06522    A:0.47826    G:0.17391
Average         T:0.23188    C:0.13768    A:0.42029    G:0.21014

#30: Bongo          
position  1:    T:0.19565    C:0.17391    A:0.30435    G:0.32609
position  2:    T:0.19565    C:0.17391    A:0.47826    G:0.15217
position  3:    T:0.28261    C:0.06522    A:0.47826    G:0.17391
Average         T:0.22464    C:0.13768    A:0.42029    G:0.21739

#31: Gerenuk        
position  1:    T:0.19565    C:0.17391    A:0.32609    G:0.30435
position  2:    T:0.21739    C:0.17391    A:0.45652    G:0.15217
position  3:    T:0.28261    C:0.06522    A:0.47826    G:0.17391
Average         T:0.23188    C:0.13768    A:0.42029    G:0.21014

#32: CommonEland    
position  1:    T:0.19565    C:0.17391    A:0.32609    G:0.30435
position  2:    T:0.21739    C:0.17391    A:0.47826    G:0.13043
position  3:    T:0.28261    C:0.06522    A:0.47826    G:0.17391
Average         T:0.23188    C:0.13768    A:0.42754    G:0.20290

#33: MuntiacusReevesi
position  1:    T:0.19565    C:0.17391    A:0.32609    G:0.30435
position  2:    T:0.21739    C:0.17391    A:0.45652    G:0.15217
position  3:    T:0.28261    C:0.06522    A:0.47826    G:0.17391
Average         T:0.23188    C:0.13768    A:0.42029    G:0.21014

#34: HarveysDuiker  
position  1:    T:0.19565    C:0.17391    A:0.32609    G:0.30435
position  2:    T:0.21739    C:0.17391    A:0.45652    G:0.15217
position  3:    T:0.28261    C:0.06522    A:0.47826    G:0.17391
Average         T:0.23188    C:0.13768    A:0.42029    G:0.21014

#35: Pronghorn      
position  1:    T:0.19565    C:0.19565    A:0.32609    G:0.28261
position  2:    T:0.21739    C:0.17391    A:0.50000    G:0.10870
position  3:    T:0.28261    C:0.06522    A:0.47826    G:0.17391
Average         T:0.23188    C:0.14493    A:0.43478    G:0.18841

#36: BlueWildebeest 
position  1:    T:0.19565    C:0.17391    A:0.32609    G:0.30435
position  2:    T:0.21739    C:0.17391    A:0.45652    G:0.15217
position  3:    T:0.28261    C:0.06522    A:0.47826    G:0.17391
Average         T:0.23188    C:0.13768    A:0.42029    G:0.21014

#37: Gemsbok        
position  1:    T:0.19565    C:0.17391    A:0.32609    G:0.30435
position  2:    T:0.21739    C:0.17391    A:0.47826    G:0.13043
position  3:    T:0.26087    C:0.08696    A:0.47826    G:0.17391
Average         T:0.22464    C:0.14493    A:0.42754    G:0.20290

#38: Yak            
position  1:    T:0.19565    C:0.17391    A:0.32609    G:0.30435
position  2:    T:0.21739    C:0.17391    A:0.47826    G:0.13043
position  3:    T:0.28261    C:0.06522    A:0.47826    G:0.17391
Average         T:0.23188    C:0.13768    A:0.42754    G:0.20290

#39: BlueSheep      
position  1:    T:0.19565    C:0.17391    A:0.32609    G:0.30435
position  2:    T:0.21739    C:0.17391    A:0.45652    G:0.15217
position  3:    T:0.28261    C:0.06522    A:0.47826    G:0.17391
Average         T:0.23188    C:0.13768    A:0.42029    G:0.21014

#40: BohorReedbuck  
position  1:    T:0.19565    C:0.17391    A:0.32609    G:0.30435
position  2:    T:0.21739    C:0.17391    A:0.45652    G:0.15217
position  3:    T:0.28261    C:0.06522    A:0.47826    G:0.17391
Average         T:0.23188    C:0.13768    A:0.42029    G:0.21014

#41: KirksDik       
position  1:    T:0.19565    C:0.17391    A:0.32609    G:0.30435
position  2:    T:0.21739    C:0.17391    A:0.45652    G:0.15217
position  3:    T:0.28261    C:0.06522    A:0.45652    G:0.19565
Average         T:0.23188    C:0.13768    A:0.41304    G:0.21739

#42: RoeDeer        
position  1:    T:0.19565    C:0.17391    A:0.32609    G:0.30435
position  2:    T:0.21739    C:0.17391    A:0.45652    G:0.15217
position  3:    T:0.28261    C:0.06522    A:0.47826    G:0.17391
Average         T:0.23188    C:0.13768    A:0.42029    G:0.21014

#43: WhiteLippedDeer
position  1:    T:0.19565    C:0.17391    A:0.32609    G:0.30435
position  2:    T:0.21739    C:0.17391    A:0.45652    G:0.15217
position  3:    T:0.26087    C:0.08696    A:0.47826    G:0.17391
Average         T:0.22464    C:0.14493    A:0.42029    G:0.21014

#44: ThomsonGazelle 
position  1:    T:0.19565    C:0.17391    A:0.32609    G:0.30435
position  2:    T:0.21739    C:0.17391    A:0.45652    G:0.15217
position  3:    T:0.28261    C:0.06522    A:0.47826    G:0.17391
Average         T:0.23188    C:0.13768    A:0.42029    G:0.21014

#45: MuntiacusCrinifrons
position  1:    T:0.19565    C:0.17391    A:0.32609    G:0.30435
position  2:    T:0.21739    C:0.17391    A:0.45652    G:0.15217
position  3:    T:0.28261    C:0.06522    A:0.47826    G:0.17391
Average         T:0.23188    C:0.13768    A:0.42029    G:0.21014

#46: WhiteTailedDeer
position  1:    T:0.19565    C:0.17391    A:0.30435    G:0.32609
position  2:    T:0.21739    C:0.17391    A:0.45652    G:0.15217
position  3:    T:0.28261    C:0.06522    A:0.47826    G:0.17391
Average         T:0.23188    C:0.13768    A:0.41304    G:0.21739

#47: Cattle         
position  1:    T:0.19565    C:0.17391    A:0.32609    G:0.30435
position  2:    T:0.21739    C:0.17391    A:0.47826    G:0.13043
position  3:    T:0.28261    C:0.06522    A:0.47826    G:0.17391
Average         T:0.23188    C:0.13768    A:0.42754    G:0.20290

#48: RoyalAntelope  
position  1:    T:0.19565    C:0.17391    A:0.32609    G:0.30435
position  2:    T:0.23913    C:0.17391    A:0.45652    G:0.13043
position  3:    T:0.30435    C:0.04348    A:0.45652    G:0.19565
Average         T:0.24638    C:0.13043    A:0.41304    G:0.21014

#49: Steenbok       
position  1:    T:0.19565    C:0.17391    A:0.32609    G:0.30435
position  2:    T:0.21739    C:0.17391    A:0.47826    G:0.13043
position  3:    T:0.28261    C:0.06522    A:0.47826    G:0.17391
Average         T:0.23188    C:0.13768    A:0.42754    G:0.20290

#50: Impala         
position  1:    T:0.19565    C:0.17391    A:0.34783    G:0.28261
position  2:    T:0.23913    C:0.17391    A:0.45652    G:0.13043
position  3:    T:0.26087    C:0.08696    A:0.47826    G:0.17391
Average         T:0.23188    C:0.14493    A:0.42754    G:0.19565

#51: Klipspringer   
position  1:    T:0.19565    C:0.17391    A:0.30435    G:0.32609
position  2:    T:0.21739    C:0.17391    A:0.45652    G:0.15217
