1
52 1
Argali 0.000000 0.157800 0.119800 0.182000 0.033200 0.000000 0.083200 0.066400 0.118800 0.158800 0.016000 0.157100 0.032300 0.155100 0.102200 0.084400 0.103600 0.068200 0.016100 0.119200 0.066800 0.032900 0.102000 0.101900 0.016200 0.066800 0.049600 0.119200 0.066900 0.119200 0.157700 0.137400 0.138800 0.032000 0.049400 0.137400 0.016100 0.033200 0.101600 0.119400 0.138200 0.066800 0.157600 0.119800 0.137400 0.083300 0.066400 0.101900 0.083500 0.084100 0.137800 0.119200
LesserMous 0.157800 0.000000 0.168600 0.278300 0.116900 0.157800 0.175300 0.115400 0.168500 0.195200 0.178500 0.195000 0.118300 0.117400 0.135500 0.134000 0.137600 0.144100 0.137600 0.168500 0.115800 0.160100 0.096500 0.096700 0.178300 0.115400 0.158000 0.168500 0.105500 0.168500 0.156100 0.136700 0.145600 0.118300 0.177000 0.196100 0.137600 0.157300 0.155200 0.114000 0.127100 0.115400 0.154900 0.114800 0.196100 0.134900 0.115900 0.134800 0.136000 0.136000 0.168400 0.168500
LesserKudu 0.119800 0.168600 0.000000 0.237700 0.066500 0.119800 0.135700 0.082500 0.000100 0.119200 0.138800 0.099600 0.119400 0.136100 0.118200 0.100600 0.157800 0.121000 0.101600 0.000100 0.083100 0.121300 0.118100 0.117900 0.139100 0.083100 0.139000 0.000100 0.083300 0.000100 0.119100 0.154700 0.119200 0.119400 0.138300 0.082100 0.101600 0.102000 0.118000 0.135000 0.117100 0.083100 0.118700 0.135500 0.082100 0.099600 0.082600 0.118300 0.100200 0.100600 0.015800 0.000100
KillerWhal 0.182000 0.278300 0.237700 0.000000 0.181000 0.182000 0.156300 0.138900 0.235800 0.263100 0.203600 0.216600 0.221600 0.214600 0.199100 0.159100 0.201800 0.183000 0.202300 0.236500 0.139800 0.226500 0.198400 0.198200 0.203800 0.139700 0.183700 0.236500 0.140000 0.236500 0.260200 0.196400 0.238200 0.221600 0.203700 0.256200 0.202300 0.181000 0.177500 0.217300 0.238500 0.139700 0.260400 0.218100 0.256200 0.156700 0.138900 0.197800 0.157600 0.198100 0.237200 0.236500
DefassaWat 0.033200 0.116900 0.066500 0.181000 0.000000 0.033200 0.083200 0.032500 0.065900 0.102700 0.050400 0.101800 0.033000 0.100900 0.066500 0.050600 0.103500 0.067900 0.016400 0.066200 0.032600 0.033500 0.066300 0.066300 0.050500 0.033600 0.050600 0.066200 0.033500 0.066200 0.102100 0.101200 0.084100 0.033000 0.050300 0.083400 0.016400 0.032300 0.066200 0.085200 0.101000 0.033600 0.102000 0.083400 0.083400 0.048900 0.032500 0.066400 0.049200 0.049400 0.083600 0.066200
Sheep 0.000000 0.157800 0.119800 0.182000 0.033200 0.000000 0.083200 0.066400 0.118800 0.158800 0.016100 0.157100 0.032300 0.155100 0.102200 0.084400 0.103600 0.068200 0.016100 0.119200 0.066800 0.032900 0.102000 0.101900 0.016200 0.066800 0.049600 0.119200 0.066900 0.119200 0.157700 0.137400 0.138800 0.032300 0.049400 0.137400 0.016000 0.033200 0.101600 0.119400 0.138200 0.066800 0.157600 0.119800 0.137400 0.083300 0.066400 0.101900 0.083500 0.084100 0.137800 0.119200
MaxwellsDu 0.083200 0.175300 0.135700 0.156300 0.083200 0.083200 0.000000 0.048300 0.134600 0.173200 0.101100 0.172500 0.118700 0.099400 0.117500 0.065200 0.119100 0.084100 0.101000 0.135000 0.048600 0.120600 0.117100 0.117000 0.101300 0.048600 0.137800 0.135000 0.048700 0.135000 0.173300 0.082300 0.155200 0.118700 0.137300 0.154100 0.101000 0.083200 0.082100 0.134100 0.153300 0.048600 0.172500 0.134500 0.154100 0.031900 0.048300 0.117400 0.032000 0.099900 0.153100 0.135000
GazellaPrz 0.066400 0.115400 0.082500 0.138900 0.032500 0.066400 0.048300 0.000000 0.081800 0.118500 0.084100 0.117700 0.066100 0.081900 0.065400 0.015800 0.101700 0.066800 0.049300 0.082100 0.000200 0.067100 0.065400 0.065300 0.084200 0.000200 0.084300 0.082100 0.000300 0.082100 0.118200 0.065100 0.100300 0.066100 0.083800 0.099600 0.049300 0.066300 0.032000 0.081800 0.099600 0.000200 0.117900 0.082100 0.099600 0.015800 0.000100 0.065500 0.015800 0.048700 0.099500 0.082100
MountainNy 0.118800 0.168500 0.000100 0.235800 0.065900 0.118800 0.134600 0.081800 0.000000 0.117900 0.137700 0.098700 0.118300 0.134900 0.117100 0.099700 0.156300 0.119900 0.100800 0.000100 0.082400 0.120300 0.116900 0.116800 0.138000 0.082400 0.137800 0.000100 0.082500 0.000100 0.117800 0.153400 0.118100 0.118300 0.137100 0.081400 0.100800 0.101100 0.117000 0.133700 0.116000 0.082400 0.117400 0.134200 0.081400 0.098800 0.081900 0.117300 0.099300 0.099700 0.015600 0.000100
MuntiacusM 0.158800 0.195200 0.119200 0.263100 0.102700 0.158800 0.173200 0.118500 0.117900 0.000000 0.179400 0.119800 0.157600 0.136700 0.119600 0.138000 0.159800 0.160400 0.139600 0.118400 0.119400 0.160600 0.083100 0.083600 0.179900 0.119300 0.141600 0.118400 0.119600 0.118400 0.065100 0.155900 0.156500 0.157600 0.178300 0.136600 0.139600 0.140200 0.155700 0.100500 0.132400 0.119300 0.030800 0.100900 0.136600 0.135900 0.118600 0.118800 0.136600 0.137500 0.101100 0.118400
goat 0.016000 0.178500 0.138800 0.203600 0.050400 0.016100 0.101100 0.084100 0.137700 0.179400 0.000000 0.177100 0.049100 0.174700 0.120900 0.102700 0.122700 0.086500 0.032600 0.138100 0.084600 0.050000 0.120800 0.120700 0.000100 0.084600 0.067100 0.138100 0.084800 0.138100 0.178000 0.156800 0.158300 0.049100 0.066800 0.156700 0.032600 0.050500 0.100500 0.138500 0.157800 0.084600 0.177900 0.138900 0.156700 0.101300 0.084100 0.120600 0.101500 0.102300 0.157200 0.138100
AfricanBuf 0.157100 0.195000 0.099600 0.216600 0.101800 0.157100 0.172500 0.117700 0.098700 0.119800 0.177100 0.000000 0.156500 0.136500 0.118600 0.136900 0.158500 0.158700 0.138200 0.099100 0.118600 0.159000 0.118800 0.118500 0.177500 0.118600 0.102600 0.099100 0.118900 0.099100 0.119700 0.118200 0.156200 0.156500 0.176300 0.048400 0.138200 0.138800 0.154700 0.135800 0.155000 0.118600 0.119400 0.136300 0.048400 0.135300 0.117900 0.119000 0.136000 0.136900 0.082100 0.099100
Topi 0.032300 0.118300 0.119400 0.221600 0.033000 0.032300 0.118700 0.066100 0.118300 0.157600 0.049100 0.156500 0.000000 0.118300 0.101500 0.083900 0.140600 0.104000 0.015900 0.118700 0.066500 0.032700 0.066500 0.066400 0.049400 0.066500 0.049200 0.118700 0.066600 0.118700 0.120000 0.136900 0.138400 0.000000 0.049100 0.137100 0.016000 0.067400 0.101100 0.083300 0.101300 0.066500 0.119800 0.083600 0.137100 0.083000 0.066100 0.101400 0.083100 0.083800 0.137100 0.118700
CommonDuik 0.155100 0.117400 0.136100 0.214600 0.100900 0.155100 0.099400 0.081900 0.134900 0.136700 0.174700 0.136500 0.118300 0.000000 0.117600 0.099700 0.157100 0.157500 0.136500 0.135400 0.082400 0.157100 0.082500 0.082400 0.175600 0.082400 0.137500 0.135400 0.082600 0.135400 0.101000 0.048500 0.155600 0.118300 0.174500 0.154700 0.136500 0.137500 0.117000 0.099100 0.117500 0.082400 0.100500 0.099300 0.154700 0.064900 0.081900 0.117900 0.065000 0.135900 0.117500 0.135400
Suni 0.102200 0.135500 0.118200 0.199100 0.066500 0.102200 0.117500 0.065400 0.117100 0.119600 0.120900 0.118600 0.101500 0.117600 0.000000 0.083100 0.102700 0.103100 0.084200 0.117500 0.065800 0.103300 0.066000 0.065900 0.121100 0.065800 0.085200 0.117500 0.065900 0.117500 0.118900 0.100300 0.136800 0.101500 0.120400 0.135600 0.084200 0.102000 0.100200 0.048800 0.100500 0.065800 0.118800 0.049000 0.135600 0.082200 0.065500 0.065900 0.082600 0.083000 0.100200 0.117500
Springbuck 0.084400 0.134000 0.100600 0.159100 0.050600 0.084400 0.065200 0.015800 0.099700 0.138000 0.102700 0.136900 0.083900 0.099700 0.083100 0.000000 0.120800 0.085100 0.066800 0.100100 0.016100 0.085400 0.083200 0.083100 0.103000 0.016100 0.103000 0.100100 0.016100 0.100100 0.137400 0.082700 0.119100 0.083900 0.102300 0.118000 0.066800 0.086600 0.048700 0.100200 0.118200 0.016100 0.137100 0.100400 0.118000 0.032000 0.015900 0.083300 0.032200 0.066000 0.118000 0.100100
Okapi 0.103600 0.137600 0.157800 0.201800 0.103500 0.103600 0.119100 0.101700 0.156300 0.159800 0.122700 0.158500 0.140600 0.157100 0.102700 0.120800 0.000000 0.065800 0.122300 0.156900 0.102400 0.143200 0.102600 0.102500 0.122900 0.102400 0.123800 0.156900 0.102600 0.156900 0.159000 0.139000 0.177900 0.140600 0.160900 0.176200 0.122300 0.103500 0.138600 0.120000 0.139100 0.102400 0.158700 0.120400 0.176200 0.135300 0.101800 0.084500 0.120000 0.102100 0.138700 0.156900
Giraffe 0.068200 0.144100 0.121000 0.183000 0.067900 0.068200 0.084100 0.066800 0.119900 0.160400 0.086500 0.158700 0.104000 0.157500 0.103100 0.085100 0.065800 0.000000 0.086200 0.120400 0.067300 0.087200 0.102900 0.102800 0.086700 0.067400 0.124100 0.120400 0.067400 0.120400 0.159400 0.139300 0.140300 0.104000 0.123500 0.138900 0.086200 0.067900 0.102500 0.120600 0.139600 0.067400 0.159200 0.120900 0.138900 0.096300 0.066900 0.084700 0.084600 0.067100 0.139100 0.120400
TibetanAnt 0.016100 0.137600 0.101600 0.202300 0.016400 0.016100 0.101000 0.049300 0.100800 0.139600 0.032600 0.138200 0.015900 0.136500 0.084200 0.066800 0.122300 0.086200 0.000000 0.101100 0.049600 0.016000 0.084100 0.084000 0.032800 0.049600 0.032400 0.101100 0.049700 0.101100 0.138700 0.119000 0.120200 0.016000 0.032600 0.119000 0.000000 0.050300 0.083700 0.101200 0.119600 0.049600 0.138600 0.101500 0.119000 0.065900 0.049300 0.084100 0.066100 0.066600 0.119300 0.101100
Sitatunga 0.119200 0.168500 0.000100 0.236500 0.066200 0.119200 0.135000 0.082100 0.000100 0.118400 0.138100 0.099100 0.118700 0.135400 0.117500 0.100100 0.156900 0.120400 0.101100 0.000000 0.082600 0.120700 0.117400 0.117200 0.138400 0.082700 0.138300 0.000000 0.082800 0.000000 0.118300 0.153900 0.118600 0.118700 0.137500 0.081700 0.101100 0.101500 0.117400 0.134200 0.116400 0.082700 0.117900 0.134700 0.081700 0.099100 0.082100 0.117700 0.099600 0.100100 0.015600 0.000000
Oribi 0.066800 0.115800 0.083100 0.139800 0.032600 0.066800 0.048600 0.000200 0.082400 0.119400 0.084600 0.118600 0.066500 0.082400 0.065800 0.016100 0.102400 0.067300 0.049600 0.082600 0.000000 0.067500 0.065900 0.065800 0.084700 0.000100 0.084800 0.082600 0.000100 0.082600 0.119100 0.065600 0.101100 0.066500 0.084300 0.100300 0.049600 0.066700 0.032200 0.082500 0.100300 0.000100 0.118800 0.082700 0.100300 0.015900 0.000100 0.065900 0.016000 0.049000 0.100100 0.082600
BarbaryShe 0.032900 0.160100 0.121300 0.226500 0.033500 0.032900 0.120600 0.067100 0.120300 0.160600 0.050000 0.159000 0.032700 0.157100 0.103300 0.085400 0.143200 0.087200 0.016000 0.120700 0.067500 0.000000 0.103100 0.103100 0.050200 0.067600 0.050100 0.120700 0.067700 0.120700 0.159600 0.139100 0.140600 0.032700 0.050000 0.139200 0.016300 0.068600 0.102800 0.120700 0.139700 0.067600 0.159400 0.121100 0.139200 0.084300 0.067100 0.103100 0.084400 0.085100 0.139400 0.120700
Daviddeer 0.102000 0.096500 0.118100 0.198400 0.066300 0.102000 0.117100 0.065400 0.116900 0.083100 0.120800 0.118800 0.066500 0.082500 0.066000 0.083200 0.102600 0.102900 0.084100 0.117400 0.065900 0.103100 0.000000 0.000100 0.121100 0.065900 0.085200 0.117400 0.066000 0.117400 0.048800 0.100300 0.136700 0.066500 0.120300 0.135400 0.084100 0.101800 0.100100 0.015900 0.032100 0.065900 0.048700 0.016000 0.135400 0.082100 0.065400 0.065600 0.082500 0.083000 0.100200 0.117400
Reindeer 0.101900 0.096700 0.117900 0.198200 0.066300 0.101900 0.117000 0.065300 0.116800 0.083600 0.120700 0.118500 0.066400 0.082400 0.065900 0.083100 0.102500 0.102800 0.084000 0.117200 0.065800 0.103100 0.000100 0.000000 0.120900 0.065800 0.085100 0.117200 0.065900 0.117200 0.049100 0.100200 0.136500 0.066400 0.120200 0.135100 0.084000 0.101700 0.099900 0.015900 0.032300 0.065800 0.049000 0.016000 0.135100 0.082000 0.065400 0.065900 0.082400 0.082900 0.100000 0.117200
Ibex 0.016200 0.178300 0.139100 0.203800 0.050500 0.016200 0.101300 0.084200 0.138000 0.179900 0.000100 0.177500 0.049400 0.175600 0.121100 0.103000 0.122900 0.086700 0.032800 0.138400 0.084700 0.050200 0.121100 0.120900 0.000000 0.084800 0.067400 0.138400 0.085000 0.138400 0.178400 0.157500 0.158600 0.049400 0.067000 0.156900 0.032800 0.050500 0.100700 0.138900 0.158100 0.084800 0.178400 0.139200 0.156900 0.101400 0.084200 0.120900 0.102000 0.102500 0.157600 0.138400
GyrantGaze 0.066800 0.115400 0.083100 0.139700 0.033600 0.066800 0.048600 0.000200 0.082400 0.119300 0.084600 0.118600 0.066500 0.082400 0.065800 0.016100 0.102400 0.067400 0.049600 0.082700 0.000100 0.067600 0.065900 0.065800 0.084800 0.000000 0.084800 0.082700 0.000100 0.082700 0.119100 0.065600 0.101200 0.066500 0.084300 0.100400 0.049600 0.069000 0.032200 0.082600 0.100400 0.000000 0.118700 0.082800 0.100400 0.015900 0.000200 0.066000 0.016000 0.049000 0.100200 0.082700
Hartebeest 0.049600 0.158000 0.139000 0.183700 0.050600 0.049600 0.137800 0.084300 0.137800 0.141600 0.067100 0.102600 0.049200 0.137500 0.085200 0.103000 0.123800 0.124100 0.032400 0.138300 0.084800 0.050100 0.085200 0.085100 0.067400 0.084800 0.000000 0.138300 0.085000 0.138300 0.140300 0.120100 0.158300 0.049200 0.067100 0.156400 0.032700 0.086200 0.120300 0.102600 0.121000 0.084800 0.140400 0.102900 0.156400 0.101400 0.084300 0.085000 0.101600 0.102600 0.120600 0.138300
Bongo 0.119200 0.168500 0.000100 0.236500 0.066200 0.119200 0.135000 0.082100 0.000100 0.118400 0.138100 0.099100 0.118700 0.135400 0.117500 0.100100 0.156900 0.120400 0.101100 0.000000 0.082600 0.120700 0.117400 0.117200 0.138400 0.082700 0.138300 0.000000 0.082800 0.000000 0.118300 0.153900 0.118600 0.118700 0.137500 0.081700 0.101100 0.101500 0.117400 0.134200 0.116400 0.082700 0.117900 0.134700 0.081700 0.099100 0.082100 0.117700 0.099600 0.100100 0.015600 0.000000
Gerenuk 0.066900 0.105500 0.083300 0.140000 0.033500 0.066900 0.048700 0.000300 0.082500 0.119600 0.084800 0.118900 0.066600 0.082600 0.065900 0.016100 0.102600 0.067400 0.049700 0.082800 0.000100 0.067700 0.066000 0.065900 0.085000 0.000100 0.085000 0.082800 0.000000 0.082800 0.119300 0.065700 0.101500 0.066600 0.084500 0.100600 0.049700 0.068600 0.032200 0.082800 0.100600 0.000100 0.119000 0.083000 0.100600 0.015900 0.000200 0.066100 0.016000 0.049100 0.100400 0.082800
CommonElan 0.119200 0.168500 0.000100 0.236500 0.066200 0.119200 0.135000 0.082100 0.000100 0.118400 0.138100 0.099100 0.118700 0.135400 0.117500 0.100100 0.156900 0.120400 0.101100 0.000000 0.082600 0.120700 0.117400 0.117200 0.138400 0.082700 0.138300 0.000000 0.082800 0.000000 0.118300 0.153900 0.118600 0.118700 0.137500 0.081700 0.101100 0.101500 0.117400 0.134200 0.116400 0.082700 0.117900 0.134700 0.081700 0.099100 0.082100 0.117700 0.099600 0.100100 0.015500 0.000000
MuntiacusR 0.157700 0.156100 0.119100 0.260200 0.102100 0.157700 0.173300 0.118200 0.117800 0.065100 0.178000 0.119700 0.120000 0.101000 0.118900 0.137400 0.159000 0.159400 0.138700 0.118300 0.119100 0.159600 0.048800 0.049100 0.178400 0.119100 0.140300 0.118300 0.119300 0.118300 0.000000 0.155900 0.156700 0.120000 0.176900 0.137000 0.138700 0.139400 0.155300 0.065400 0.096000 0.119100 0.031700 0.065700 0.137000 0.135800 0.118200 0.118400 0.136500 0.137400 0.100800 0.118300
HarveysDui 0.137400 0.136700 0.154700 0.196400 0.101200 0.137400 0.082300 0.065100 0.153400 0.155900 0.156800 0.118200 0.136900 0.048500 0.100300 0.082700 0.139000 0.139300 0.119000 0.153900 0.065600 0.139100 0.100300 0.100200 0.157500 0.065600 0.120100 0.153900 0.065700 0.153900 0.155900 0.000000 0.174600 0.136900 0.156600 0.135800 0.119000 0.138000 0.099800 0.117200 0.135900 0.065600 0.155300 0.117500 0.135800 0.048400 0.065200 0.100600 0.048400 0.118200 0.135900 0.153900
Pronghorn 0.138800 0.145600 0.119200 0.238200 0.084100 0.138800 0.155200 0.100300 0.118100 0.156500 0.158300 0.156200 0.138400 0.155600 0.136800 0.119100 0.177900 0.140300 0.120200 0.118600 0.101100 0.140600 0.136700 0.136500 0.158600 0.101200 0.158300 0.118600 0.101500 0.118600 0.156700 0.174600 0.000000 0.138400 0.157600 0.137500 0.120200 0.120500 0.136800 0.154200 0.173800 0.101200 0.155900 0.154500 0.137500 0.118000 0.100400 0.137000 0.118600 0.119000 0.136700 0.118600
BlueWildeb 0.032000 0.118300 0.119400 0.221600 0.033000 0.032300 0.118700 0.066100 0.118300 0.157600 0.049100 0.156500 0.000000 0.118300 0.101500 0.083900 0.140600 0.104000 0.016000 0.118700 0.066500 0.032700 0.066500 0.066400 0.049400 0.066500 0.049200 0.118700 0.066600 0.118700 0.120000 0.136900 0.138400 0.000000 0.049100 0.137100 0.016000 0.067400 0.101100 0.083300 0.101300 0.066500 0.119800 0.083600 0.137100 0.083000 0.066100 0.101400 0.083100 0.083800 0.137100 0.118700
Gemsbok 0.049400 0.177000 0.138300 0.203700 0.050300 0.049400 0.137300 0.083800 0.137100 0.178300 0.066800 0.176300 0.049100 0.174500 0.120400 0.102300 0.160900 0.123500 0.032600 0.137500 0.084300 0.050000 0.120300 0.120200 0.067000 0.084300 0.067100 0.137500 0.084500 0.137500 0.176900 0.156600 0.157600 0.049100 0.000000 0.155800 0.032600 0.085700 0.119700 0.137900 0.157000 0.084300 0.176900 0.138300 0.155800 0.100900 0.083800 0.120100 0.101400 0.101900 0.156600 0.137500
Yak 0.137400 0.196100 0.082100 0.256200 0.083400 0.137400 0.154100 0.099600 0.081400 0.136600 0.156700 0.048400 0.137100 0.154700 0.135600 0.118000 0.176200 0.138900 0.119000 0.081700 0.100300 0.139200 0.135400 0.135100 0.156900 0.100400 0.156400 0.081700 0.100600 0.081700 0.137000 0.135800 0.137500 0.137100 0.155800 0.000000 0.119000 0.119500 0.099900 0.152400 0.172200 0.100400 0.136200 0.152800 0.000000 0.117100 0.099700 0.136100 0.117700 0.118200 0.098800 0.081700
BlueSheep 0.016100 0.137600 0.101600 0.202300 0.016400 0.016000 0.101000 0.049300 0.100800 0.139600 0.032600 0.138200 0.016000 0.136500 0.084200 0.066800 0.122300 0.086200 0.000000 0.101100 0.049600 0.016300 0.084100 0.084000 0.032800 0.049600 0.032700 0.101100 0.049700 0.101100 0.138700 0.119000 0.120200 0.016000 0.032600 0.119000 0.000000 0.050300 0.083700 0.101200 0.119600 0.049600 0.138600 0.101500 0.119000 0.065900 0.049300 0.084100 0.066100 0.066600 0.119300 0.101100
BohorReedb 0.033200 0.157300 0.102000 0.181000 0.032300 0.033200 0.083200 0.066300 0.101100 0.140200 0.050500 0.138800 0.067400 0.137500 0.102000 0.086600 0.103500 0.067900 0.050300 0.101500 0.066700 0.068600 0.101800 0.101700 0.050500 0.069000 0.086200 0.101500 0.068600 0.101500 0.139400 0.138000 0.120500 0.067400 0.085700 0.119500 0.050300 0.000000 0.101600 0.122400 0.137900 0.069000 0.139300 0.119400 0.119500 0.083300 0.066400 0.101900 0.083700 0.084100 0.119700 0.101500
KirksDik 0.101600 0.155200 0.118000 0.177500 0.066200 0.101600 0.082100 0.032000 0.117000 0.155700 0.100500 0.154700 0.101100 0.117000 0.100200 0.048700 0.138600 0.102500 0.083700 0.117400 0.032200 0.102800 0.100100 0.099900 0.100700 0.032200 0.120300 0.117400 0.032200 0.117400 0.155300 0.099800 0.136800 0.101100 0.119700 0.099900 0.083700 0.101600 0.000000 0.117000 0.135600 0.032200 0.154900 0.117300 0.099900 0.048300 0.031500 0.100200 0.048500 0.082800 0.135500 0.117400
RoeDeer 0.119400 0.114000 0.135000 0.217300 0.085200 0.119400 0.134100 0.081800 0.133700 0.100500 0.138500 0.135800 0.083300 0.099100 0.048800 0.100200 0.120000 0.120600 0.101200 0.134200 0.082500 0.120700 0.015900 0.015900 0.138900 0.082600 0.102600 0.134200 0.082800 0.134200 0.065400 0.117200 0.154200 0.083300 0.137900 0.152400 0.101200 0.122400 0.117000 0.000000 0.048600 0.082600 0.065400 0.000200 0.152400 0.098600 0.081900 0.082600 0.099200 0.099700 0.117000 0.134200
WhiteLippe 0.138200 0.127100 0.117100 0.238500 0.101000 0.138200 0.153300 0.099600 0.116000 0.132400 0.157800 0.155000 0.101300 0.117500 0.100500 0.118200 0.139100 0.139600 0.119600 0.116400 0.100300 0.139700 0.032100 0.032300 0.158100 0.100400 0.121000 0.116400 0.100600 0.116400 0.096000 0.135900 0.173800 0.101300 0.157000 0.172200 0.119600 0.137900 0.135600 0.048600 0.000000 0.100400 0.095800 0.048700 0.172200 0.116800 0.099700 0.099700 0.117400 0.118000 0.099300 0.116400
ThomsonGaz 0.066800 0.115400 0.083100 0.139700 0.033600 0.066800 0.048600 0.000200 0.082400 0.119300 0.084600 0.118600 0.066500 0.082400 0.065800 0.016100 0.102400 0.067400 0.049600 0.082700 0.000100 0.067600 0.065900 0.065800 0.084800 0.000000 0.084800 0.082700 0.000100 0.082700 0.119100 0.065600 0.101200 0.066500 0.084300 0.100400 0.049600 0.069000 0.032200 0.082600 0.100400 0.000000 0.118700 0.082800 0.100400 0.015900 0.000200 0.066000 0.016000 0.049000 0.100200 0.082700
MuntiacusC 0.157600 0.154900 0.118700 0.260400 0.102000 0.157600 0.172500 0.117900 0.117400 0.030800 0.177900 0.119400 0.119800 0.100500 0.118800 0.137100 0.158700 0.159200 0.138600 0.117900 0.118800 0.159400 0.048700 0.049000 0.178400 0.118700 0.140400 0.117900 0.119000 0.117900 0.031700 0.155300 0.155900 0.119800 0.176900 0.136200 0.138600 0.139300 0.154900 0.065400 0.095800 0.118700 0.000000 0.065700 0.136200 0.135300 0.118000 0.118200 0.136100 0.136900 0.100600 0.117900
WhiteTaile 0.119800 0.114800 0.135500 0.218100 0.083400 0.119800 0.134500 0.082100 0.134200 0.100900 0.138900 0.136300 0.083600 0.099300 0.049000 0.100400 0.120400 0.120900 0.101500 0.134700 0.082700 0.121100 0.016000 0.016000 0.139200 0.082800 0.102900 0.134700 0.083000 0.134700 0.065700 0.117500 0.154500 0.083600 0.138300 0.152800 0.101500 0.119400 0.117300 0.000200 0.048700 0.082800 0.065700 0.000000 0.152800 0.098900 0.082200 0.082900 0.099500 0.100000 0.117400 0.134700
Cattle 0.137400 0.196100 0.082100 0.256200 0.083400 0.137400 0.154100 0.099600 0.081400 0.136600 0.156700 0.048400 0.137100 0.154700 0.135600 0.118000 0.176200 0.138900 0.119000 0.081700 0.100300 0.139200 0.135400 0.135100 0.156900 0.100400 0.156400 0.081700 0.100600 0.081700 0.137000 0.135800 0.137500 0.137100 0.155800 0.000000 0.119000 0.119500 0.099900 0.152400 0.172200 0.100400 0.136200 0.152800 0.000000 0.117100 0.099700 0.136100 0.117700 0.118200 0.098800 0.081700
RoyalAntel 0.083300 0.134900 0.099600 0.156700 0.048900 0.083300 0.031900 0.015800 0.098800 0.135900 0.101300 0.135300 0.083000 0.064900 0.082200 0.032000 0.135300 0.096300 0.065900 0.099100 0.015900 0.084300 0.082100 0.082000 0.101400 0.015900 0.101400 0.099100 0.015900 0.099100 0.135800 0.048400 0.118000 0.083000 0.100900 0.117100 0.065900 0.083300 0.048300 0.098600 0.116800 0.015900 0.135300 0.098900 0.117100 0.000000 0.015800 0.082200 0.000100 0.065300 0.116600 0.099100
Steenbok 0.066400 0.115900 0.082600 0.138900 0.032500 0.066400 0.048300 0.000100 0.081900 0.118600 0.084100 0.117900 0.066100 0.081900 0.065500 0.015900 0.101800 0.066900 0.049300 0.082100 0.000100 0.067100 0.065400 0.065400 0.084200 0.000200 0.084300 0.082100 0.000200 0.082100 0.118200 0.065200 0.100400 0.066100 0.083800 0.099700 0.049300 0.066400 0.031500 0.081900 0.099700 0.000200 0.118000 0.082200 0.099700 0.015800 0.000000 0.065500 0.015900 0.048700 0.099500 0.082100
Impala 0.101900 0.134800 0.118300 0.197800 0.066400 0.101900 0.117400 0.065500 0.117300 0.118800 0.120600 0.119000 0.101400 0.117900 0.065900 0.083300 0.084500 0.084700 0.084100 0.117700 0.065900 0.103100 0.065600 0.065900 0.120900 0.066000 0.085000 0.117700 0.066100 0.117700 0.118400 0.100600 0.137000 0.101400 0.120100 0.136100 0.084100 0.101900 0.100200 0.082600 0.099700 0.066000 0.118200 0.082900 0.136100 0.082200 0.065500 0.000000 0.082600 0.048800 0.100300 0.117700
Klipspring 0.083500 0.136000 0.100200 0.157600 0.049200 0.083500 0.032000 0.015800 0.099300 0.136600 0.101500 0.136000 0.083100 0.065000 0.082600 0.032200 0.120000 0.084600 0.066100 0.099600 0.016000 0.084400 0.082500 0.082400 0.102000 0.016000 0.101600 0.099600 0.016000 0.099600 0.136500 0.048400 0.118600 0.083100 0.101400 0.117700 0.066100 0.083700 0.048500 0.099200 0.117400 0.016000 0.136100 0.099500 0.117700 0.000100 0.015900 0.082600 0.000000 0.065600 0.117300 0.099600
ForestMusk 0.084100 0.136000 0.100600 0.198100 0.049400 0.084100 0.099900 0.048700 0.099700 0.137500 0.102300 0.136900 0.083800 0.135900 0.083000 0.066000 0.102100 0.067100 0.066600 0.100100 0.049000 0.085100 0.083000 0.082900 0.102500 0.049000 0.102600 0.100100 0.049100 0.100100 0.137400 0.118200 0.119000 0.083800 0.101900 0.118200 0.066600 0.084100 0.082800 0.099700 0.118000 0.049000 0.136900 0.100000 0.118200 0.065300 0.048700 0.048800 0.065600 0.000000 0.117900 0.100100
Bushbuck 0.137800 0.168400 0.015800 0.237200 0.083600 0.137800 0.153100 0.099500 0.015600 0.101100 0.157200 0.082100 0.137100 0.117500 0.100200 0.118000 0.138700 0.139100 0.119300 0.015600 0.100100 0.139400 0.100200 0.100000 0.157600 0.100200 0.120600 0.015600 0.100400 0.015500 0.100800 0.135900 0.136700 0.137100 0.156600 0.098800 0.119300 0.119700 0.135500 0.117000 0.099300 0.100200 0.100600 0.117400 0.098800 0.116600 0.099500 0.100300 0.117300 0.117900 0.000000 0.015600
GreaterKud 0.119200 0.168500 0.000100 0.236500 0.066200 0.119200 0.135000 0.082100 0.000100 0.118400 0.138100 0.099100 0.118700 0.135400 0.117500 0.100100 0.156900 0.120400 0.101100 0.000000 0.082600 0.120700 0.117400 0.117200 0.138400 0.082700 0.138300 0.000000 0.082800 0.000000 0.118300 0.153900 0.118600 0.118700 0.137500 0.081700 0.101100 0.101500 0.117400 0.134200 0.116400 0.082700 0.117900 0.134700 0.081700 0.099100 0.082100 0.117700 0.099600 0.100100 0.015600 0.000000
