CODONML (in paml version 4.10.7, June 2023)  /home/rachel/ruminants_paml/6406-phy-tree/ENSBTAT00000053897.fasta.phy
Model: free dN/dS Ratios for branches,  kappa = 2.000 fixed

Codon frequency model: F3x4
ns =  54  ls =  27

Codon usage in sequences
--------------------------------------------------------------------------------------------------------------------------------------
Phe TTT   0   0   0   0   0   0 | Ser TCT   0   0   0   0   0   0 | Tyr TAT   1   0   1   1   1   1 | Cys TGT   0   0   0   0   0   1
    TTC   0   0   0   0   0   0 |     TCC   1   1   1   1   1   1 |     TAC   0   1   0   0   0   0 |     TGC   2   2   2   2   2   1
Leu TTA   1   1   1   1   1   0 |     TCA   0   1   0   0   0   0 | *** TAA   0   0   0   0   0   0 | *** TGA   0   0   0   0   0   0
    TTG   0   1   0   0   1   1 |     TCG   0   0   0   0   0   0 |     TAG   0   0   0   0   0   0 | Trp TGG   0   0   0   0   0   0
--------------------------------------------------------------------------------------------------------------------------------------
Leu CTT   0   0   0   0   0   0 | Pro CCT   1   0   1   1   1   1 | His CAT   1   1   1   1   1   1 | Arg CGT   0   1   0   0   0   0
    CTC   0   0   0   0   0   0 |     CCC   1   1   1   1   1   1 |     CAC   0   1   0   0   0   0 |     CGC   0   0   0   0   0   0
    CTA   1   1   1   1   0   1 |     CCA   1   0   1   1   1   1 | Gln CAA   0   0   0   0   0   0 |     CGA   0   0   0   0   0   0
    CTG   4   2   4   3   3   4 |     CCG   0   1   0   0   1   0 |     CAG   0   0   0   1   0   0 |     CGG   1   0   1   1   1   1
--------------------------------------------------------------------------------------------------------------------------------------
Ile ATT   0   0   0   0   0   0 | Thr ACT   1   1   1   0   1   1 | Asn AAT   0   0   0   0   0   0 | Ser AGT   0   0   0   0   0   0
    ATC   0   0   0   0   0   0 |     ACC   0   0   0   1   0   0 |     AAC   0   0   0   0   0   0 |     AGC   1   1   1   1   1   1
    ATA   0   0   0   0   0   0 |     ACA   1   1   1   1   2   1 | Lys AAA   1   1   1   1   0   1 | Arg AGA   1   0   1   1   1   1
Met ATG   0   0   0   1   0   0 |     ACG   1   1   1   0   0   1 |     AAG   0   0   0   0   0   0 |     AGG   0   1   0   0   1   0
--------------------------------------------------------------------------------------------------------------------------------------
Val GTT   0   0   0   0   0   0 | Ala GCT   2   1   2   2   1   1 | Asp GAT   0   0   0   0   0   0 | Gly GGT   0   0   0   0   0   0
    GTC   0   0   0   0   0   0 |     GCC   0   1   0   0   0   1 |     GAC   1   1   1   1   1   1 |     GGC   0   0   0   0   0   0
    GTA   0   0   0   0   0   0 |     GCA   0   0   0   0   0   0 | Glu GAA   0   0   0   0   0   0 |     GGA   1   1   1   1   1   0
    GTG   2   1   2   2   1   1 |     GCG   0   1   0   0   2   0 |     GAG   0   0   0   0   0   1 |     GGG   0   0   0   0   0   1
--------------------------------------------------------------------------------------------------------------------------------------

--------------------------------------------------------------------------------------------------------------------------------------
Phe TTT   0   0   0   0   0   0 | Ser TCT   0   0   0   0   0   0 | Tyr TAT   1   1   1   1   1   1 | Cys TGT   0   0   0   0   0   0
    TTC   0   0   0   0   0   0 |     TCC   1   1   1   1   1   1 |     TAC   0   0   0   0   0   0 |     TGC   2   2   2   2   2   2
Leu TTA   1   1   1   1   1   1 |     TCA   0   0   0   0   0   0 | *** TAA   0   0   0   0   0   0 | *** TGA   0   0   0   0   0   0
    TTG   0   0   0   0   0   0 |     TCG   0   0   0   0   0   0 |     TAG   0   0   0   0   0   0 | Trp TGG   0   0   0   0   0   0
--------------------------------------------------------------------------------------------------------------------------------------
Leu CTT   0   0   0   0   0   1 | Pro CCT   1   1   1   1   1   0 | His CAT   1   1   1   1   1   1 | Arg CGT   0   0   0   0   0   0
    CTC   0   0   0   0   0   0 |     CCC   1   1   1   1   1   1 |     CAC   0   0   0   0   0   0 |     CGC   0   0   0   0   0   0
    CTA   1   1   1   1   1   1 |     CCA   1   1   1   1   1   1 | Gln CAA   0   0   0   0   0   0 |     CGA   0   0   0   0   0   0
    CTG   4   4   4   4   4   4 |     CCG   0   0   0   0   0   0 |     CAG   0   0   0   0   0   0 |     CGG   1   1   1   1   1   1
--------------------------------------------------------------------------------------------------------------------------------------
Ile ATT   0   0   0   0   0   0 | Thr ACT   1   1   1   1   1   1 | Asn AAT   0   0   0   0   0   0 | Ser AGT   0   0   0   0   1   0
    ATC   0   0   0   0   0   0 |     ACC   0   0   0   0   0   0 |     AAC   0   0   0   0   0   0 |     AGC   1   1   1   1   0   1
    ATA   0   0   0   0   0   0 |     ACA   1   1   1   1   1   1 | Lys AAA   1   1   1   1   1   1 | Arg AGA   1   1   1   1   1   1
Met ATG   0   0   0   0   0   0 |     ACG   1   1   1   1   1   1 |     AAG   0   0   0   0   0   0 |     AGG   0   0   0   0   0   0
--------------------------------------------------------------------------------------------------------------------------------------
Val GTT   0   0   0   0   0   0 | Ala GCT   2   2   2   2   2   2 | Asp GAT   0   0   0   0   0   0 | Gly GGT   0   0   0   0   0   0
    GTC   0   0   0   0   0   0 |     GCC   0   0   0   0   0   0 |     GAC   1   1   1   1   1   1 |     GGC   0   0   0   0   0   0
    GTA   0   0   0   0   0   0 |     GCA   0   0   0   0   0   0 | Glu GAA   0   0   0   0   0   0 |     GGA   1   1   1   1   1   1
    GTG   2   2   2   2   2   2 |     GCG   0   0   0   0   0   0 |     GAG   0   0   0   0   0   0 |     GGG   0   0   0   0   0   0
--------------------------------------------------------------------------------------------------------------------------------------

--------------------------------------------------------------------------------------------------------------------------------------
Phe TTT   0   0   0   0   0   0 | Ser TCT   0   0   0   0   0   0 | Tyr TAT   1   1   1   1   1   1 | Cys TGT   1   0   0   0   0   0
    TTC   0   0   0   0   0   0 |     TCC   1   1   1   1   1   1 |     TAC   0   0   0   0   0   0 |     TGC   1   2   2   2   2   2
Leu TTA   1   1   1   1   0   1 |     TCA   0   0   0   0   0   0 | *** TAA   0   0   0   0   0   0 | *** TGA   0   0   0   0   0   0
    TTG   0   0   0   0   0   0 |     TCG   0   0   0   0   0   0 |     TAG   0   0   0   0   0   0 | Trp TGG   0   0   0   0   0   0
--------------------------------------------------------------------------------------------------------------------------------------
Leu CTT   0   1   0   0   0   0 | Pro CCT   1   0   1   0   1   1 | His CAT   1   1   1   1   1   1 | Arg CGT   0   0   0   0   0   0
    CTC   0   0   0   0   0   0 |     CCC   1   1   1   1   1   1 |     CAC   0   0   0   0   0   0 |     CGC   0   0   0   0   0   0
    CTA   1   1   1   1   2   1 |     CCA   1   1   1   1   1   1 | Gln CAA   0   0   0   0   0   0 |     CGA   0   0   0   0   0   0
    CTG   4   4   4   4   4   4 |     CCG   0   0   0   0   0   0 |     CAG   0   0   0   0   1   0 |     CGG   1   1   1   1   0   1
--------------------------------------------------------------------------------------------------------------------------------------
Ile ATT   0   0   0   0   0   0 | Thr ACT   1   1   1   2   1   1 | Asn AAT   0   0   0   0   0   0 | Ser AGT   0   0   0   0   0   0
    ATC   0   0   0   0   0   0 |     ACC   0   0   0   0   0   0 |     AAC   0   0   0   0   0   0 |     AGC   1   1   1   1   1   1
    ATA   0   0   0   0   0   0 |     ACA   1   1   1   1   0   1 | Lys AAA   1   1   1   0   1   1 | Arg AGA   1   1   1   2   1   1
Met ATG   0   0   0   0   0   0 |     ACG   1   1   1   1   2   1 |     AAG   0   0   0   0   0   0 |     AGG   0   0   0   0   0   0
--------------------------------------------------------------------------------------------------------------------------------------
Val GTT   0   0   0   0   0   0 | Ala GCT   2   2   2   2   2   2 | Asp GAT   0   0   0   0   0   0 | Gly GGT   0   0   0   0   0   0
    GTC   0   0   0   0   0   0 |     GCC   0   0   0   0   0   0 |     GAC   1   1   1   1   1   1 |     GGC   0   0   0   0   0   0
    GTA   0   0   0   0   0   0 |     GCA   0   0   0   0   0   0 | Glu GAA   0   0   0   0   0   0 |     GGA   1   1   1   1   1   1
    GTG   2   2   2   2   2   2 |     GCG   0   0   0   0   0   0 |     GAG   0   0   0   0   0   0 |     GGG   0   0   0   0   0   0
--------------------------------------------------------------------------------------------------------------------------------------

--------------------------------------------------------------------------------------------------------------------------------------
Phe TTT   0   0   0   0   0   0 | Ser TCT   0   0   0   0   0   0 | Tyr TAT   1   1   1   1   1   1 | Cys TGT   0   0   0   0   0   0
    TTC   0   0   0   0   0   0 |     TCC   1   1   1   1   1   1 |     TAC   0   0   0   0   0   0 |     TGC   2   2   2   2   2   2
Leu TTA   1   1   1   1   1   1 |     TCA   0   0   0   0   0   0 | *** TAA   0   0   0   0   0   0 | *** TGA   0   0   0   0   0   0
    TTG   0   0   0   0   0   0 |     TCG   0   0   0   0   0   0 |     TAG   0   0   0   0   0   0 | Trp TGG   0   0   0   0   0   0
--------------------------------------------------------------------------------------------------------------------------------------
Leu CTT   0   0   0   0   0   0 | Pro CCT   1   1   1   1   1   1 | His CAT   1   1   1   1   1   1 | Arg CGT   0   0   0   0   0   0
    CTC   0   0   0   0   0   0 |     CCC   1   1   1   1   1   1 |     CAC   0   0   0   0   0   0 |     CGC   0   0   0   0   0   0
    CTA   1   1   1   1   1   1 |     CCA   1   1   1   1   1   1 | Gln CAA   0   0   0   0   0   0 |     CGA   0   0   0   0   0   0
    CTG   4   4   4   4   4   4 |     CCG   0   0   0   0   0   0 |     CAG   0   0   0   1   0   0 |     CGG   1   1   1   0   1   1
--------------------------------------------------------------------------------------------------------------------------------------
Ile ATT   0   0   0   0   0   0 | Thr ACT   1   1   1   1   1   1 | Asn AAT   0   0   0   0   0   0 | Ser AGT   0   0   0   0   0   0
    ATC   0   0   0   0   0   0 |     ACC   0   0   0   0   0   0 |     AAC   0   0   0   0   0   0 |     AGC   1   1   1   1   1   1
    ATA   0   0   0   0   0   0 |     ACA   1   1   1   1   1   1 | Lys AAA   1   1   1   1   1   1 | Arg AGA   1   1   1   1   1   1
Met ATG   0   0   0   0   0   0 |     ACG   1   1   1   1   1   1 |     AAG   0   0   0   0   0   0 |     AGG   0   0   0   0   0   0
--------------------------------------------------------------------------------------------------------------------------------------
Val GTT   0   0   0   0   0   0 | Ala GCT   2   2   2   2   2   2 | Asp GAT   0   0   0   0   0   0 | Gly GGT   0   0   0   0   0   0
    GTC   0   0   0   0   0   0 |     GCC   0   0   0   0   0   0 |     GAC   1   1   1   1   1   1 |     GGC   0   0   0   0   0   0
    GTA   0   0   0   0   0   0 |     GCA   0   0   0   0   0   0 | Glu GAA   0   0   0   0   0   0 |     GGA   1   1   1   1   1   1
    GTG   2   2   2   2   2   2 |     GCG   0   0   0   0   0   0 |     GAG   0   0   0   0   0   0 |     GGG   0   0   0   0   0   0
--------------------------------------------------------------------------------------------------------------------------------------

--------------------------------------------------------------------------------------------------------------------------------------
Phe TTT   0   0   0   0   0   0 | Ser TCT   0   0   0   0   0   0 | Tyr TAT   1   1   1   1   1   1 | Cys TGT   0   0   1   0   0   0
    TTC   0   0   0   0   0   0 |     TCC   1   1   1   1   1   1 |     TAC   0   0   0   0   0   0 |     TGC   2   2   1   2   2   2
Leu TTA   1   1   1   1   1   1 |     TCA   1   0   0   0   0   0 | *** TAA   0   0   0   0   0   0 | *** TGA   0   0   0   0   0   0
    TTG   0   0   0   0   0   0 |     TCG   0   0   0   0   0   0 |     TAG   0   0   0   0   0   0 | Trp TGG   0   0   0   0   0   0
--------------------------------------------------------------------------------------------------------------------------------------
Leu CTT   0   0   0   0   0   0 | Pro CCT   1   1   1   1   1   1 | His CAT   1   1   1   1   1   1 | Arg CGT   0   0   0   0   0   0
    CTC   0   0   0   0   0   0 |     CCC   1   1   1   1   1   1 |     CAC   0   0   0   0   0   0 |     CGC   0   0   0   0   0   0
    CTA   1   1   1   1   1   1 |     CCA   0   1   1   1   1   1 | Gln CAA   0   0   0   0   0   0 |     CGA   0   0   0   0   0   0
    CTG   4   4   4   4   4   4 |     CCG   0   0   0   0   0   0 |     CAG   0   0   0   0   0   0 |     CGG   1   1   1   1   1   1
--------------------------------------------------------------------------------------------------------------------------------------
Ile ATT   0   0   0   0   0   0 | Thr ACT   1   1   1   1   1   1 | Asn AAT   0   0   0   0   0   0 | Ser AGT   0   0   0   0   0   0
    ATC   0   0   0   0   0   0 |     ACC   0   0   0   0   0   0 |     AAC   0   0   0   0   0   0 |     AGC   1   1   1   1   1   1
    ATA   0   0   0   0   0   0 |     ACA   1   1   1   1   1   1 | Lys AAA   1   1   1   1   1   1 | Arg AGA   1   1   1   1   1   1
Met ATG   0   1   0   0   0   0 |     ACG   1   0   1   1   1   1 |     AAG   0   0   0   0   0   0 |     AGG   0   0   0   0   0   0
--------------------------------------------------------------------------------------------------------------------------------------
Val GTT   0   0   0   0   0   0 | Ala GCT   2   2   2   2   2   2 | Asp GAT   0   0   0   0   0   0 | Gly GGT   0   0   0   0   0   0
    GTC   0   0   0   0   0   0 |     GCC   0   0   0   0   0   0 |     GAC   1   1   1   1   1   1 |     GGC   0   0   0   0   0   0
    GTA   0   0   0   0   0   0 |     GCA   0   0   0   0   0   0 | Glu GAA   0   0   0   0   0   0 |     GGA   1   1   1   1   1   1
    GTG   2   2   2   2   2   2 |     GCG   0   0   0   0   0   0 |     GAG   0   0   0   0   0   0 |     GGG   0   0   0   0   0   0
--------------------------------------------------------------------------------------------------------------------------------------

--------------------------------------------------------------------------------------------------------------------------------------
Phe TTT   0   0   0   0   0   0 | Ser TCT   0   0   0   0   0   0 | Tyr TAT   1   1   1   1   1   1 | Cys TGT   0   0   0   0   1   0
    TTC   0   0   0   0   0   0 |     TCC   1   1   1   1   1   1 |     TAC   0   0   0   0   0   0 |     TGC   2   2   2   2   1   2
Leu TTA   1   1   1   1   1   1 |     TCA   0   0   0   0   0   0 | *** TAA   0   0   0   0   0   0 | *** TGA   0   0   0   0   0   0
    TTG   0   0   0   0   0   1 |     TCG   0   0   0   0   0   0 |     TAG   0   0   0   0   0   0 | Trp TGG   0   0   0   0   0   0
--------------------------------------------------------------------------------------------------------------------------------------
Leu CTT   0   0   1   0   0   0 | Pro CCT   1   1   0   1   1   1 | His CAT   1   1   1   1   1   1 | Arg CGT   0   0   0   0   0   0
    CTC   0   0   0   0   0   0 |     CCC   1   1   1   1   1   1 |     CAC   0   0   0   0   0   0 |     CGC   0   0   0   0   0   0
    CTA   1   1   1   1   1   1 |     CCA   1   1   1   1   1   1 | Gln CAA   0   0   0   0   0   0 |     CGA   0   0   0   0   0   0
    CTG   4   4   4   4   3   3 |     CCG   0   0   0   0   0   0 |     CAG   0   0   0   0   0   0 |     CGG   1   1   1   1   1   1
--------------------------------------------------------------------------------------------------------------------------------------
Ile ATT   0   0   0   0   0   0 | Thr ACT   1   1   1   1   1   0 | Asn AAT   0   0   0   0   0   0 | Ser AGT   0   0   0   0   0   0
    ATC   0   0   0   0   0   0 |     ACC   0   0   0   0   0   1 |     AAC   0   0   0   0   0   0 |     AGC   1   1   1   1   1   1
    ATA   0   0   0   0   0   0 |     ACA   1   1   1   1   1   1 | Lys AAA   1   1   1   1   1   1 | Arg AGA   1   1   1   1   1   1
Met ATG   0   0   0   0   1   0 |     ACG   1   1   1   1   1   1 |     AAG   0   0   0   0   0   0 |     AGG   0   0   0   0   0   0
--------------------------------------------------------------------------------------------------------------------------------------
Val GTT   0   0   0   0   0   0 | Ala GCT   2   2   2   2   2   2 | Asp GAT   0   0   0   0   0   0 | Gly GGT   0   0   0   0   0   0
    GTC   0   0   0   0   0   0 |     GCC   0   0   0   0   0   0 |     GAC   1   1   1   1   1   1 |     GGC   0   0   0   0   0   0
    GTA   0   0   0   0   0   0 |     GCA   0   0   0   0   0   0 | Glu GAA   0   0   0   0   0   0 |     GGA   1   1   1   1   1   1
    GTG   2   2   2   2   2   2 |     GCG   0   0   0   0   0   0 |     GAG   0   0   0   0   0   0 |     GGG   0   0   0   0   0   0
--------------------------------------------------------------------------------------------------------------------------------------

--------------------------------------------------------------------------------------------------------------------------------------
Phe TTT   0   0   0   0   0   0 | Ser TCT   0   0   0   0   0   0 | Tyr TAT   1   1   1   1   1   1 | Cys TGT   0   0   1   0   1   0
    TTC   0   0   0   0   0   0 |     TCC   1   1   1   1   1   1 |     TAC   0   0   0   0   0   0 |     TGC   2   2   1   2   1   2
Leu TTA   1   1   1   1   1   1 |     TCA   0   0   0   0   0   0 | *** TAA   0   0   0   0   0   0 | *** TGA   0   0   0   0   0   0
    TTG   0   0   0   0   0   0 |     TCG   0   0   0   0   0   0 |     TAG   0   0   0   0   0   0 | Trp TGG   0   0   0   0   0   0
--------------------------------------------------------------------------------------------------------------------------------------
Leu CTT   0   1   0   0   0   0 | Pro CCT   1   0   1   1   1   1 | His CAT   0   1   1   1   1   1 | Arg CGT   1   0   0   0   0   0
    CTC   0   0   0   0   0   0 |     CCC   1   1   1   1   1   1 |     CAC   0   0   0   0   0   0 |     CGC   0   0   0   0   0   0
    CTA   1   1   1   1   1   1 |     CCA   1   1   1   1   1   1 | Gln CAA   0   0   0   0   0   0 |     CGA   0   0   0   0   0   0
    CTG   4   4   4   4   4   4 |     CCG   0   0   0   0   0   0 |     CAG   0   0   0   0   0   0 |     CGG   1   1   1   1   1   1
--------------------------------------------------------------------------------------------------------------------------------------
Ile ATT   0   0   0   0   0   0 | Thr ACT   1   1   1   1   1   1 | Asn AAT   0   0   0   0   0   0 | Ser AGT   0   0   0   0   0   0
    ATC   0   0   0   0   0   0 |     ACC   0   0   0   0   0   0 |     AAC   0   0   0   0   0   0 |     AGC   1   1   1   1   1   1
    ATA   0   0   0   0   0   0 |     ACA   1   1   0   1   1   1 | Lys AAA   1   1   1   1   1   1 | Arg AGA   1   1   1   1   1   1
Met ATG   0   0   0   0   0   1 |     ACG   1   1   2   1   1   0 |     AAG   0   0   0   0   0   0 |     AGG   0   0   0   0   0   0
--------------------------------------------------------------------------------------------------------------------------------------
Val GTT   0   0   0   0   0   0 | Ala GCT   2   2   2   2   2   2 | Asp GAT   0   0   0   0   0   0 | Gly GGT   0   0   0   0   0   0
    GTC   0   0   0   0   0   0 |     GCC   0   0   0   0   0   0 |     GAC   1   1   1   1   1   1 |     GGC   0   0   0   0   0   0
    GTA   0   0   0   0   0   0 |     GCA   0   0   0   0   0   0 | Glu GAA   0   0   0   0   0   0 |     GGA   1   1   1   1   1   1
    GTG   2   1   2   2   2   2 |     GCG   0   1   0   0   0   0 |     GAG   0   0   0   0   0   0 |     GGG   0   0   0   0   0   0
--------------------------------------------------------------------------------------------------------------------------------------

--------------------------------------------------------------------------------------------------------------------------------------
Phe TTT   0   0   0   0   0   0 | Ser TCT   0   0   0   0   0   0 | Tyr TAT   1   1   1   1   1   1 | Cys TGT   0   0   0   0   0   0
    TTC   0   0   0   0   0   0 |     TCC   1   1   1   1   1   1 |     TAC   0   0   0   0   0   0 |     TGC   2   2   2   2   2   2
Leu TTA   1   1   1   1   1   1 |     TCA   0   0   0   0   0   0 | *** TAA   0   0   0   0   0   0 | *** TGA   0   0   0   0   0   0
    TTG   0   0   0   0   0   0 |     TCG   0   0   0   0   0   0 |     TAG   0   0   0   0   0   0 | Trp TGG   0   0   0   0   0   0
--------------------------------------------------------------------------------------------------------------------------------------
Leu CTT   0   0   1   0   1   0 | Pro CCT   1   1   0   1   0   1 | His CAT   1   1   1   1   1   1 | Arg CGT   0   0   0   0   0   0
    CTC   0   0   0   0   0   0 |     CCC   1   1   1   1   1   1 |     CAC   0   0   0   0   0   0 |     CGC   0   0   0   0   0   0
    CTA   1   1   1   1   1   1 |     CCA   1   1   1   1   1   1 | Gln CAA   0   0   0   0   0   0 |     CGA   0   0   0   0   0   0
    CTG   4   4   4   4   4   4 |     CCG   0   0   0   0   0   0 |     CAG   0   0   0   0   0   0 |     CGG   1   1   1   1   1   1
--------------------------------------------------------------------------------------------------------------------------------------
Ile ATT   0   0   0   0   0   0 | Thr ACT   1   1   1   1   1   1 | Asn AAT   0   0   0   0   0   0 | Ser AGT   0   0   0   0   0   0
    ATC   0   0   0   0   0   0 |     ACC   0   0   0   0   0   0 |     AAC   0   0   0   0   0   0 |     AGC   1   1   1   1   1   1
    ATA   0   0   0   0   0   0 |     ACA   1   1   1   1   1   1 | Lys AAA   1   1   1   1   1   1 | Arg AGA   1   1   1   1   1   1
Met ATG   0   0   0   1   0   0 |     ACG   1   1   1   0   1   1 |     AAG   0   0   0   0   0   0 |     AGG   0   0   0   0   0   0
--------------------------------------------------------------------------------------------------------------------------------------
Val GTT   0   0   0   0   0   0 | Ala GCT   2   2   2   2   2   2 | Asp GAT   0   0   0   0   0   0 | Gly GGT   0   0   0   0   0   0
    GTC   0   0   0   0   0   0 |     GCC   0   0   0   0   0   0 |     GAC   1   1   1   1   1   1 |     GGC   0   0   0   0   0   0
    GTA   0   0   0   0   0   0 |     GCA   0   0   0   0   0   0 | Glu GAA   0   0   0   0   0   0 |     GGA   1   1   1   1   1   1
    GTG   2   2   2   2   1   2 |     GCG   0   0   0   0   1   0 |     GAG   0   0   0   0   0   0 |     GGG   0   0   0   0   0   0
--------------------------------------------------------------------------------------------------------------------------------------

--------------------------------------------------------------------------------------------------------------------------------------
Phe TTT   0   0   0   0   0   0 | Ser TCT   0   0   0   0   0   0 | Tyr TAT   1   1   1   1   1   1 | Cys TGT   0   0   0   0   0   0
    TTC   0   0   0   0   0   0 |     TCC   1   1   1   1   1   1 |     TAC   0   0   0   0   0   0 |     TGC   2   2   2   2   2   2
Leu TTA   1   0   1   1   1   1 |     TCA   0   0   0   0   0   0 | *** TAA   0   0   0   0   0   0 | *** TGA   0   0   0   0   0   0
    TTG   0   0   0   0   0   0 |     TCG   0   0   0   0   0   0 |     TAG   0   0   0   0   0   0 | Trp TGG   0   0   0   0   0   0
--------------------------------------------------------------------------------------------------------------------------------------
Leu CTT   0   0   0   0   0   0 | Pro CCT   1   1   1   1   1   1 | His CAT   1   1   1   1   1   1 | Arg CGT   0   0   0   0   0   0
    CTC   0   0   0   0   0   0 |     CCC   1   1   1   1   1   1 |     CAC   0   0   0   0   0   0 |     CGC   0   0   0   0   0   0
    CTA   1   2   1   1   1   1 |     CCA   1   1   1   1   1   1 | Gln CAA   0   0   0   0   0   0 |     CGA   0   0   0   0   0   0
    CTG   4   4   4   3   4   4 |     CCG   0   0   0   0   0   0 |     CAG   0   0   0   1   0   0 |     CGG   1   1   1   1   1   1
--------------------------------------------------------------------------------------------------------------------------------------
Ile ATT   0   0   0   0   0   0 | Thr ACT   1   1   1   0   1   1 | Asn AAT   0   0   0   0   0   0 | Ser AGT   0   0   0   0   0   0
    ATC   0   0   0   0   0   0 |     ACC   0   0   0   1   0   0 |     AAC   0   0   0   0   0   0 |     AGC   1   1   1   1   1   1
    ATA   0   0   0   0   0   0 |     ACA   1   1   1   1   1   1 | Lys AAA   1   1   1   1   1   1 | Arg AGA   1   1   1   1   1   1
Met ATG   0   0   0   1   0   0 |     ACG   1   1   1   0   1   1 |     AAG   0   0   0   0   0   0 |     AGG   0   0   0   0   0   0
--------------------------------------------------------------------------------------------------------------------------------------
Val GTT   0   0   0   0   0   0 | Ala GCT   2   2   2   2   2   2 | Asp GAT   0   0   0   0   0   0 | Gly GGT   0   0   0   0   0   0
    GTC   0   0   0   0   0   0 |     GCC   0   0   0   0   0   0 |     GAC   1   1   1   1   1   1 |     GGC   0   0   0   0   0   0
    GTA   0   0   0   0   0   0 |     GCA   0   0   0   0   0   0 | Glu GAA   0   0   0   0   0   0 |     GGA   1   1   1   1   1   1
    GTG   2   2   2   2   2   2 |     GCG   0   0   0   0   0   0 |     GAG   0   0   0   0   0   0 |     GGG   0   0   0   0   0   0
--------------------------------------------------------------------------------------------------------------------------------------

Codon position x base (3x4) table for each sequence.

#1: Argali         
position  1:    T:0.18519    C:0.37037    A:0.22222    G:0.22222
position  2:    T:0.29630    C:0.33333    A:0.14815    G:0.22222
position  3:    T:0.22222    C:0.22222    A:0.25926    G:0.29630
Average         T:0.23457    C:0.30864    A:0.20988    G:0.24691

#2: LesserMouseDeer
position  1:    T:0.25926    C:0.29630    A:0.22222    G:0.22222
position  2:    T:0.22222    C:0.37037    A:0.18519    G:0.22222
position  3:    T:0.14815    C:0.33333    A:0.22222    G:0.29630
Average         T:0.20988    C:0.33333    A:0.20988    G:0.24691

#3: LesserKudu     
position  1:    T:0.18519    C:0.37037    A:0.22222    G:0.22222
position  2:    T:0.29630    C:0.33333    A:0.14815    G:0.22222
position  3:    T:0.22222    C:0.22222    A:0.25926    G:0.29630
Average         T:0.23457    C:0.30864    A:0.20988    G:0.24691

#4: ForestMuskDeer2
position  1:    T:0.18519    C:0.37037    A:0.22222    G:0.22222
position  2:    T:0.29630    C:0.29630    A:0.18519    G:0.22222
position  3:    T:0.18519    C:0.25926    A:0.25926    G:0.29630
Average         T:0.22222    C:0.30864    A:0.22222    G:0.24691

#5: Camel          
position  1:    T:0.22222    C:0.33333    A:0.22222    G:0.22222
position  2:    T:0.22222    C:0.40741    A:0.11111    G:0.25926
position  3:    T:0.18519    C:0.22222    A:0.22222    G:0.37037
Average         T:0.20988    C:0.32099    A:0.18519    G:0.28395

#6: KillerWhale    
position  1:    T:0.18519    C:0.37037    A:0.22222    G:0.22222
position  2:    T:0.25926    C:0.33333    A:0.18519    G:0.22222
position  3:    T:0.22222    C:0.22222    A:0.18519    G:0.37037
Average         T:0.22222    C:0.30864    A:0.19753    G:0.27160

#7: DefassaWaterbuck
position  1:    T:0.18519    C:0.37037    A:0.22222    G:0.22222
position  2:    T:0.29630    C:0.33333    A:0.14815    G:0.22222
position  3:    T:0.22222    C:0.22222    A:0.25926    G:0.29630
Average         T:0.23457    C:0.30864    A:0.20988    G:0.24691

#8: Sheep          
position  1:    T:0.18519    C:0.37037    A:0.22222    G:0.22222
position  2:    T:0.29630    C:0.33333    A:0.14815    G:0.22222
position  3:    T:0.22222    C:0.22222    A:0.25926    G:0.29630
Average         T:0.23457    C:0.30864    A:0.20988    G:0.24691

#9: MaxwellsDuiker 
position  1:    T:0.18519    C:0.37037    A:0.22222    G:0.22222
position  2:    T:0.29630    C:0.33333    A:0.14815    G:0.22222
position  3:    T:0.22222    C:0.22222    A:0.25926    G:0.29630
Average         T:0.23457    C:0.30864    A:0.20988    G:0.24691

#10: GazellaPrzewalskyi
position  1:    T:0.18519    C:0.37037    A:0.22222    G:0.22222
position  2:    T:0.29630    C:0.33333    A:0.14815    G:0.22222
position  3:    T:0.22222    C:0.22222    A:0.25926    G:0.29630
Average         T:0.23457    C:0.30864    A:0.20988    G:0.24691

#11: MountainNyala  
position  1:    T:0.18519    C:0.37037    A:0.22222    G:0.22222
position  2:    T:0.29630    C:0.33333    A:0.14815    G:0.22222
position  3:    T:0.25926    C:0.18519    A:0.25926    G:0.29630
Average         T:0.24691    C:0.29630    A:0.20988    G:0.24691

#12: MuntiacusMuntjak
position  1:    T:0.18519    C:0.37037    A:0.22222    G:0.22222
position  2:    T:0.33333    C:0.29630    A:0.14815    G:0.22222
position  3:    T:0.22222    C:0.22222    A:0.25926    G:0.29630
Average         T:0.24691    C:0.29630    A:0.20988    G:0.24691

#13: goat           
position  1:    T:0.18519    C:0.37037    A:0.22222    G:0.22222
position  2:    T:0.29630    C:0.33333    A:0.14815    G:0.22222
position  3:    T:0.25926    C:0.18519    A:0.25926    G:0.29630
Average         T:0.24691    C:0.29630    A:0.20988    G:0.24691

#14: AfricanBuffalo 
position  1:    T:0.18519    C:0.37037    A:0.22222    G:0.22222
position  2:    T:0.33333    C:0.29630    A:0.14815    G:0.22222
position  3:    T:0.22222    C:0.22222    A:0.25926    G:0.29630
Average         T:0.24691    C:0.29630    A:0.20988    G:0.24691

#15: Topi           
position  1:    T:0.18519    C:0.37037    A:0.22222    G:0.22222
position  2:    T:0.29630    C:0.33333    A:0.14815    G:0.22222
position  3:    T:0.22222    C:0.22222    A:0.25926    G:0.29630
Average         T:0.23457    C:0.30864    A:0.20988    G:0.24691

#16: CommonDuiker   
position  1:    T:0.18519    C:0.33333    A:0.25926    G:0.22222
position  2:    T:0.29630    C:0.33333    A:0.11111    G:0.25926
position  3:    T:0.22222    C:0.22222    A:0.25926    G:0.29630
Average         T:0.23457    C:0.29630    A:0.20988    G:0.25926

#17: Suni           
position  1:    T:0.14815    C:0.40741    A:0.22222    G:0.22222
position  2:    T:0.29630    C:0.33333    A:0.18519    G:0.18519
position  3:    T:0.22222    C:0.22222    A:0.22222    G:0.33333
Average         T:0.22222    C:0.32099    A:0.20988    G:0.24691

#18: Springbuck     
position  1:    T:0.18519    C:0.37037    A:0.22222    G:0.22222
position  2:    T:0.29630    C:0.33333    A:0.14815    G:0.22222
position  3:    T:0.22222    C:0.22222    A:0.25926    G:0.29630
Average         T:0.23457    C:0.30864    A:0.20988    G:0.24691

#19: Okapi          
position  1:    T:0.18519    C:0.37037    A:0.22222    G:0.22222
position  2:    T:0.29630    C:0.33333    A:0.14815    G:0.22222
position  3:    T:0.22222    C:0.22222    A:0.25926    G:0.29630
Average         T:0.23457    C:0.30864    A:0.20988    G:0.24691

#20: Giraffe        
position  1:    T:0.18519    C:0.37037    A:0.22222    G:0.22222
position  2:    T:0.29630    C:0.33333    A:0.14815    G:0.22222
position  3:    T:0.22222    C:0.22222    A:0.25926    G:0.29630
Average         T:0.23457    C:0.30864    A:0.20988    G:0.24691

#21: TibetanAntelope
position  1:    T:0.18519    C:0.37037    A:0.22222    G:0.22222
position  2:    T:0.29630    C:0.33333    A:0.14815    G:0.22222
position  3:    T:0.22222    C:0.22222    A:0.25926    G:0.29630
Average         T:0.23457    C:0.30864    A:0.20988    G:0.24691

#22: Sitatunga      
position  1:    T:0.18519    C:0.37037    A:0.22222    G:0.22222
position  2:    T:0.29630    C:0.33333    A:0.18519    G:0.18519
position  3:    T:0.22222    C:0.22222    A:0.25926    G:0.29630
Average         T:0.23457    C:0.30864    A:0.22222    G:0.23457

#23: Oribi          
position  1:    T:0.18519    C:0.37037    A:0.22222    G:0.22222
position  2:    T:0.29630    C:0.33333    A:0.14815    G:0.22222
position  3:    T:0.22222    C:0.22222    A:0.25926    G:0.29630
Average         T:0.23457    C:0.30864    A:0.20988    G:0.24691

#24: BarbarySheep   
position  1:    T:0.18519    C:0.37037    A:0.22222    G:0.22222
position  2:    T:0.29630    C:0.33333    A:0.14815    G:0.22222
position  3:    T:0.22222    C:0.22222    A:0.25926    G:0.29630
Average         T:0.23457    C:0.30864    A:0.20988    G:0.24691

#25: Daviddeer      
position  1:    T:0.22222    C:0.33333    A:0.22222    G:0.22222
position  2:    T:0.29630    C:0.33333    A:0.14815    G:0.22222
position  3:    T:0.22222    C:0.22222    A:0.25926    G:0.29630
Average         T:0.24691    C:0.29630    A:0.20988    G:0.24691

#26: Reindeer       
position  1:    T:0.18519    C:0.37037    A:0.22222    G:0.22222
position  2:    T:0.33333    C:0.29630    A:0.14815    G:0.22222
position  3:    T:0.22222    C:0.22222    A:0.25926    G:0.29630
Average         T:0.24691    C:0.29630    A:0.20988    G:0.24691

#27: Ibex           
position  1:    T:0.18519    C:0.37037    A:0.22222    G:0.22222
position  2:    T:0.29630    C:0.33333    A:0.14815    G:0.22222
position  3:    T:0.25926    C:0.18519    A:0.25926    G:0.29630
Average         T:0.24691    C:0.29630    A:0.20988    G:0.24691

#28: GyrantGazelle  
position  1:    T:0.18519    C:0.37037    A:0.22222    G:0.22222
position  2:    T:0.29630    C:0.33333    A:0.14815    G:0.22222
position  3:    T:0.22222    C:0.22222    A:0.25926    G:0.29630
Average         T:0.23457    C:0.30864    A:0.20988    G:0.24691

#29: Hartebeest     
position  1:    T:0.18519    C:0.37037    A:0.22222    G:0.22222
position  2:    T:0.29630    C:0.33333    A:0.14815    G:0.22222
position  3:    T:0.22222    C:0.22222    A:0.25926    G:0.29630
Average         T:0.23457    C:0.30864    A:0.20988    G:0.24691

#30: Bongo          
position  1:    T:0.18519    C:0.37037    A:0.22222    G:0.22222
position  2:    T:0.29630    C:0.33333    A:0.14815    G:0.22222
position  3:    T:0.22222    C:0.22222    A:0.25926    G:0.29630
Average         T:0.23457    C:0.30864    A:0.20988    G:0.24691

#31: Gerenuk        
position  1:    T:0.18519    C:0.37037    A:0.22222    G:0.22222
position  2:    T:0.29630    C:0.33333    A:0.14815    G:0.22222
position  3:    T:0.22222    C:0.22222    A:0.25926    G:0.29630
Average         T:0.23457    C:0.30864    A:0.20988    G:0.24691

#32: CommonEland    
position  1:    T:0.18519    C:0.37037    A:0.22222    G:0.22222
position  2:    T:0.29630    C:0.33333    A:0.14815    G:0.22222
position  3:    T:0.22222    C:0.22222    A:0.25926    G:0.29630
Average         T:0.23457    C:0.30864    A:0.20988    G:0.24691

#33: MuntiacusReevesi
position  1:    T:0.18519    C:0.37037    A:0.22222    G:0.22222
position  2:    T:0.33333    C:0.29630    A:0.14815    G:0.22222
position  3:    T:0.22222    C:0.22222    A:0.25926    G:0.29630
Average         T:0.24691    C:0.29630    A:0.20988    G:0.24691

#34: HarveysDuiker  
position  1:    T:0.18519    C:0.37037    A:0.22222    G:0.22222
position  2:    T:0.29630    C:0.33333    A:0.14815    G:0.22222
position  3:    T:0.22222    C:0.22222    A:0.25926    G:0.29630
Average         T:0.23457    C:0.30864    A:0.20988    G:0.24691

#35: Pronghorn      
position  1:    T:0.18519    C:0.33333    A:0.25926    G:0.22222
position  2:    T:0.29630    C:0.33333    A:0.14815    G:0.22222
position  3:    T:0.25926    C:0.18519    A:0.25926    G:0.29630
Average         T:0.24691    C:0.28395    A:0.22222    G:0.24691

#36: BlueWildebeest 
position  1:    T:0.22222    C:0.33333    A:0.22222    G:0.22222
position  2:    T:0.29630    C:0.33333    A:0.14815    G:0.22222
position  3:    T:0.18519    C:0.25926    A:0.25926    G:0.29630
Average         T:0.23457    C:0.30864    A:0.20988    G:0.24691

#37: Gemsbok        
position  1:    T:0.18519    C:0.37037    A:0.22222    G:0.22222
position  2:    T:0.29630    C:0.33333    A:0.11111    G:0.25926
position  3:    T:0.22222    C:0.22222    A:0.25926    G:0.29630
Average         T:0.23457    C:0.30864    A:0.19753    G:0.25926

#38: Yak            
position  1:    T:0.18519    C:0.37037    A:0.22222    G:0.22222
position  2:    T:0.29630    C:0.33333    A:0.14815    G:0.22222
position  3:    T:0.22222    C:0.22222    A:0.25926    G:0.29630
Average         T:0.23457    C:0.30864    A:0.20988    G:0.24691

#39: BlueSheep      
position  1:    T:0.18519    C:0.37037    A:0.22222    G:0.22222
position  2:    T:0.29630    C:0.33333    A:0.14815    G:0.22222
position  3:    T:0.25926    C:0.18519    A:0.22222    G:0.33333
Average         T:0.24691    C:0.29630    A:0.19753    G:0.25926

#40: BohorReedbuck  
position  1:    T:0.18519    C:0.37037    A:0.22222    G:0.22222
position  2:    T:0.29630    C:0.33333    A:0.14815    G:0.22222
position  3:    T:0.22222    C:0.22222    A:0.25926    G:0.29630
Average         T:0.23457    C:0.30864    A:0.20988    G:0.24691

#41: KirksDik       
position  1:    T:0.18519    C:0.37037    A:0.22222    G:0.22222
position  2:    T:0.29630    C:0.33333    A:0.14815    G:0.22222
position  3:    T:0.25926    C:0.18519    A:0.25926    G:0.29630
Average         T:0.24691    C:0.29630    A:0.20988    G:0.24691

#42: RoeDeer        
position  1:    T:0.18519    C:0.37037    A:0.22222    G:0.22222
position  2:    T:0.33333    C:0.29630    A:0.14815    G:0.22222
position  3:    T:0.22222    C:0.22222    A:0.25926    G:0.29630
Average         T:0.24691    C:0.29630    A:0.20988    G:0.24691

#43: WhiteLippedDeer
position  1:    T:0.18519    C:0.37037    A:0.22222    G:0.22222
position  2:    T:0.29630    C:0.33333    A:0.14815    G:0.22222
position  3:    T:0.22222    C:0.22222    A:0.25926    G:0.29630
Average         T:0.23457    C:0.30864    A:0.20988    G:0.24691

#44: ThomsonGazelle 
position  1:    T:0.18519    C:0.37037    A:0.22222    G:0.22222
position  2:    T:0.29630    C:0.33333    A:0.14815    G:0.22222
position  3:    T:0.22222    C:0.22222    A:0.25926    G:0.29630
Average         T:0.23457    C:0.30864    A:0.20988    G:0.24691

#45: MuntiacusCrinifrons
position  1:    T:0.18519    C:0.37037    A:0.22222    G:0.22222
position  2:    T:0.33333    C:0.29630    A:0.14815    G:0.22222
position  3:    T:0.22222    C:0.22222    A:0.25926    G:0.29630
Average         T:0.24691    C:0.29630    A:0.20988    G:0.24691

#46: WhiteTailedDeer
position  1:    T:0.18519    C:0.37037    A:0.22222    G:0.22222
position  2:    T:0.33333    C:0.29630    A:0.14815    G:0.22222
position  3:    T:0.22222    C:0.22222    A:0.25926    G:0.29630
Average         T:0.24691    C:0.29630    A:0.20988    G:0.24691

#47: Cattle         
position  1:    T:0.18519    C:0.37037    A:0.22222    G:0.22222
position  2:    T:0.29630    C:0.33333    A:0.14815    G:0.22222
position  3:    T:0.22222    C:0.22222    A:0.25926    G:0.29630
Average         T:0.23457    C:0.30864    A:0.20988    G:0.24691

#48: RoyalAntelope  
position  1:    T:0.18519    C:0.37037    A:0.22222    G:0.22222
position  2:    T:0.29630    C:0.33333    A:0.14815    G:0.22222
position  3:    T:0.22222    C:0.22222    A:0.25926    G:0.29630
Average         T:0.23457    C:0.30864    A:0.20988    G:0.24691

#49: Steenbok       
position  1:    T:0.18519    C:0.37037    A:0.22222    G:0.22222
position  2:    T:0.29630    C:0.33333    A:0.14815    G:0.22222
position  3:    T:0.22222    C:0.22222    A:0.25926    G:0.29630
Average         T:0.23457    C:0.30864    A:0.20988    G:0.24691

#50: Impala         
position  1:    T:0.14815    C:0.40741    A:0.22222    G:0.22222
position  2:    T:0.29630    C:0.33333    A:0.14815    G:0.22222
position  3:    T:0.22222    C:0.22222    A:0.25926    G:0.29630
Average         T:0.22222    C:0.32099    A:0.20988    G:0.24691

#51: Klipspringer   
position  1:    T:0.18519    C:0.37037    A:0.22222    G:0.22222
position  2:    T:0.29630    C:0.33333    A:0.14815    G:0.22222
