1
52 1
Argali 0.000000 0.284300 0.082900 0.214600 0.062300 0.004000 0.079400 0.080600 0.070000 0.207200 0.020600 0.080000 0.061900 0.070500 0.071100 0.062400 0.103000 0.097600 0.050000 0.074300 0.076000 0.016300 0.176400 0.189500 0.024700 0.062900 0.053400 0.086800 0.075300 0.086500 0.197400 0.062200 0.090700 0.057900 0.066100 0.111900 0.020500 0.061900 0.076100 0.183000 0.176300 0.071400 0.213800 0.206500 0.088900 0.083400 0.088300 0.062900 0.053100 0.079900 0.094800 0.082400
LesserMous 0.284300 0.000000 0.291400 0.370200 0.285400 0.289200 0.288200 0.299700 0.286200 0.386300 0.272400 0.278000 0.277500 0.271200 0.274000 0.285000 0.296000 0.281400 0.288800 0.291600 0.293700 0.264300 0.320100 0.363000 0.277400 0.287600 0.266300 0.295300 0.279200 0.304900 0.403700 0.261900 0.282300 0.278500 0.293900 0.316900 0.271800 0.288100 0.294100 0.354900 0.320300 0.286300 0.409300 0.360500 0.286600 0.276400 0.306500 0.299900 0.270300 0.279600 0.304000 0.300500
LesserKudu 0.082900 0.291400 0.000000 0.211700 0.074600 0.087100 0.078600 0.088400 0.011900 0.226000 0.070000 0.061800 0.069700 0.078200 0.087600 0.087500 0.106500 0.096600 0.083900 0.015900 0.083600 0.074700 0.194900 0.202600 0.074100 0.079500 0.061200 0.027800 0.091800 0.027700 0.216000 0.078600 0.094100 0.065700 0.073800 0.092600 0.066600 0.069700 0.083900 0.195500 0.179200 0.088000 0.227400 0.208600 0.070400 0.082400 0.096000 0.097300 0.069300 0.087700 0.043800 0.023700
KillerWhal 0.214600 0.370200 0.211700 0.000000 0.215300 0.219200 0.214200 0.238300 0.207000 0.329200 0.202600 0.221500 0.228700 0.198400 0.210900 0.236000 0.238700 0.241100 0.227900 0.211900 0.206600 0.205700 0.292400 0.312300 0.207200 0.232300 0.218200 0.219700 0.230800 0.214700 0.319000 0.199600 0.215200 0.209400 0.203400 0.242900 0.197300 0.228400 0.248700 0.309900 0.286700 0.241600 0.325500 0.338800 0.231000 0.228300 0.260700 0.232400 0.192300 0.240900 0.224300 0.220300
DefassaWat 0.062300 0.285400 0.074600 0.215300 0.000000 0.066500 0.058000 0.067600 0.065900 0.213200 0.050300 0.071100 0.057800 0.049300 0.066900 0.066800 0.103400 0.093400 0.063100 0.070200 0.067500 0.054100 0.182100 0.195100 0.054400 0.058700 0.049300 0.082700 0.071100 0.073800 0.203300 0.041100 0.086300 0.053800 0.070600 0.094100 0.050200 0.032600 0.071900 0.178000 0.182000 0.067200 0.214600 0.201600 0.080300 0.079200 0.084100 0.076300 0.040700 0.084400 0.099400 0.078300
Sheep 0.004000 0.289200 0.087100 0.219200 0.066500 0.000000 0.083600 0.084800 0.074200 0.212100 0.024700 0.084200 0.057600 0.074600 0.075300 0.066600 0.107300 0.101900 0.054200 0.078500 0.080300 0.020400 0.181200 0.194400 0.028800 0.067200 0.049100 0.091000 0.079500 0.090600 0.202300 0.066400 0.095000 0.053600 0.070300 0.116200 0.024600 0.066000 0.080300 0.187700 0.181100 0.075600 0.218800 0.211400 0.093100 0.087600 0.092500 0.067100 0.057200 0.075400 0.098900 0.086500
MaxwellsDu 0.079400 0.288200 0.078600 0.214200 0.058000 0.083600 0.000000 0.089400 0.065800 0.228800 0.067400 0.093200 0.074700 0.049200 0.084100 0.084000 0.121300 0.111000 0.080400 0.070000 0.089300 0.071100 0.207900 0.205100 0.071600 0.076000 0.066100 0.082400 0.088300 0.073600 0.218900 0.041000 0.095200 0.066100 0.087600 0.116300 0.067300 0.074700 0.089300 0.198300 0.207800 0.084400 0.230300 0.222200 0.102200 0.096400 0.092600 0.088900 0.057300 0.093100 0.099200 0.078000
GazellaPrz 0.080600 0.299700 0.088400 0.238300 0.067600 0.084800 0.089400 0.000000 0.084100 0.245200 0.067000 0.085100 0.075800 0.080200 0.085300 0.050000 0.123200 0.112700 0.081700 0.088500 0.059100 0.072200 0.217900 0.231200 0.071200 0.041800 0.067000 0.101200 0.054200 0.096400 0.234800 0.071800 0.087500 0.071800 0.080100 0.113600 0.068300 0.075800 0.054800 0.212800 0.217700 0.050200 0.240500 0.237900 0.094600 0.089000 0.067100 0.095200 0.071000 0.094400 0.118300 0.096600
MountainNy 0.070000 0.286200 0.011900 0.207000 0.065900 0.074200 0.065800 0.084100 0.000000 0.220700 0.057100 0.057700 0.057100 0.065500 0.074600 0.074600 0.093100 0.083500 0.070900 0.003900 0.079300 0.061900 0.189800 0.192400 0.061200 0.066600 0.048700 0.015800 0.078800 0.015700 0.210800 0.065800 0.085200 0.053100 0.061100 0.088300 0.053800 0.057000 0.079600 0.185600 0.174200 0.074900 0.222100 0.198400 0.066200 0.069700 0.083000 0.084000 0.056700 0.074700 0.031600 0.011800
MuntiacusM 0.207200 0.386300 0.226000 0.329200 0.213200 0.212100 0.228800 0.245200 0.220700 0.000000 0.193300 0.209000 0.211500 0.233800 0.230200 0.236100 0.233200 0.231200 0.210700 0.226100 0.233600 0.197700 0.107400 0.154600 0.198200 0.227500 0.200400 0.241000 0.241500 0.239900 0.030100 0.224100 0.231400 0.201700 0.217000 0.247800 0.194000 0.222500 0.233500 0.170100 0.107300 0.237200 0.025100 0.167300 0.231500 0.239400 0.247000 0.220500 0.221200 0.224800 0.238900 0.235300
goat 0.020600 0.272400 0.070000 0.202600 0.050300 0.024700 0.067400 0.067000 0.057100 0.193300 0.000000 0.066500 0.050000 0.058500 0.057600 0.057500 0.089700 0.085600 0.037800 0.061500 0.062500 0.012400 0.162900 0.176200 0.004100 0.049200 0.041400 0.073800 0.061900 0.073700 0.184500 0.050200 0.078400 0.045900 0.062800 0.099000 0.008300 0.049900 0.064000 0.170400 0.162700 0.057500 0.199900 0.192900 0.076000 0.070400 0.074900 0.050800 0.039100 0.075400 0.082300 0.069500
AfricanBuf 0.080000 0.278000 0.061800 0.221500 0.071100 0.084200 0.093200 0.085100 0.057700 0.209000 0.066500 0.000000 0.074900 0.075200 0.075700 0.084400 0.103900 0.084700 0.067400 0.062000 0.080500 0.071400 0.173200 0.192100 0.070600 0.076100 0.066100 0.074200 0.079800 0.065500 0.198800 0.075600 0.095700 0.071000 0.070700 0.040700 0.067500 0.074900 0.089900 0.178700 0.167900 0.075500 0.215700 0.202900 0.023900 0.097200 0.092900 0.094400 0.065400 0.102900 0.091500 0.069900
Topi 0.061900 0.277500 0.069700 0.228700 0.057800 0.057600 0.074700 0.075800 0.057100 0.211500 0.050000 0.074900 0.000000 0.065900 0.066500 0.066400 0.093600 0.083900 0.062700 0.061300 0.080100 0.053700 0.191300 0.193600 0.054100 0.058400 0.008000 0.073600 0.070600 0.073300 0.212600 0.057700 0.085800 0.028400 0.070100 0.106900 0.049800 0.049000 0.071400 0.166600 0.180600 0.066700 0.229200 0.189100 0.075400 0.070100 0.083500 0.075800 0.057100 0.066500 0.090100 0.069300
CommonDuik 0.070500 0.271200 0.078200 0.198400 0.049300 0.074600 0.049200 0.080200 0.065500 0.233800 0.058500 0.075200 0.065900 0.000000 0.057800 0.075000 0.102600 0.083900 0.071300 0.069700 0.079800 0.062200 0.191200 0.193800 0.062600 0.067000 0.057300 0.082000 0.070600 0.064800 0.223900 0.007900 0.085700 0.061900 0.061500 0.097600 0.054100 0.065800 0.080100 0.187000 0.201800 0.075300 0.229800 0.199900 0.083900 0.070100 0.083500 0.084500 0.040400 0.092600 0.090100 0.077700
Suni 0.071100 0.274000 0.087600 0.210900 0.066900 0.075300 0.084100 0.085300 0.074600 0.230200 0.057600 0.075700 0.066500 0.057800 0.000000 0.066900 0.094500 0.075900 0.063200 0.079000 0.080800 0.062800 0.198400 0.200900 0.052900 0.067500 0.057800 0.091500 0.062600 0.082500 0.220000 0.058200 0.077500 0.062400 0.062000 0.103200 0.058900 0.066400 0.080800 0.193900 0.198300 0.076000 0.237200 0.196300 0.084800 0.079400 0.084200 0.076400 0.061800 0.093500 0.099600 0.078400
Springbuck 0.062400 0.285000 0.087500 0.236000 0.066800 0.066600 0.084000 0.050000 0.074600 0.236100 0.057500 0.084400 0.066400 0.075000 0.066900 0.000000 0.112600 0.093500 0.071900 0.078900 0.062800 0.045700 0.198800 0.217000 0.061700 0.024600 0.057800 0.082800 0.028500 0.091100 0.225800 0.066700 0.077500 0.062400 0.070600 0.116800 0.058800 0.066300 0.037200 0.199100 0.203800 0.032900 0.243100 0.223500 0.093600 0.088000 0.049400 0.085200 0.066000 0.075800 0.108300 0.086900
Okapi 0.103000 0.296000 0.106500 0.238700 0.103400 0.107300 0.121300 0.123200 0.093100 0.233200 0.089700 0.103900 0.093600 0.102600 0.094500 0.112600 0.000000 0.050500 0.086100 0.097500 0.127700 0.094500 0.185100 0.182000 0.093900 0.104400 0.084600 0.101400 0.107900 0.110000 0.217900 0.094100 0.087500 0.089600 0.116100 0.123100 0.090700 0.093600 0.109100 0.186200 0.174300 0.113100 0.228700 0.193800 0.103900 0.107000 0.130700 0.104400 0.102000 0.103600 0.105000 0.105700
Giraffe 0.097600 0.281400 0.096600 0.241100 0.093400 0.101900 0.111000 0.112700 0.083500 0.231200 0.085600 0.084700 0.083900 0.083900 0.075900 0.093500 0.050500 0.000000 0.080900 0.087800 0.117200 0.080400 0.188400 0.180500 0.089900 0.094300 0.075100 0.083000 0.097800 0.091300 0.221200 0.084400 0.086600 0.079900 0.097000 0.103500 0.085400 0.083900 0.089900 0.178500 0.177700 0.102900 0.226700 0.186500 0.085000 0.097100 0.102200 0.103400 0.092200 0.093600 0.099800 0.095900
TibetanAnt 0.050000 0.288800 0.083900 0.227900 0.063100 0.054200 0.080400 0.081700 0.070900 0.210700 0.037800 0.067400 0.062700 0.071300 0.063200 0.071900 0.086100 0.080900 0.000000 0.075300 0.077000 0.041700 0.179200 0.181800 0.033500 0.063800 0.054100 0.079100 0.076200 0.087500 0.200700 0.063000 0.082800 0.058700 0.066900 0.090400 0.037700 0.062700 0.068200 0.175300 0.179200 0.072300 0.217500 0.198900 0.067700 0.084500 0.089500 0.046300 0.053700 0.089800 0.095900 0.074700
Sitatunga 0.074300 0.291600 0.015900 0.211900 0.070200 0.078500 0.070000 0.088500 0.003900 0.226100 0.061500 0.062000 0.061300 0.069700 0.079000 0.078900 0.097500 0.087800 0.075300 0.000000 0.083700 0.066100 0.195000 0.197600 0.065500 0.070900 0.052800 0.019800 0.078800 0.019700 0.216100 0.070000 0.089700 0.057300 0.065400 0.092700 0.058000 0.061200 0.084000 0.190600 0.179300 0.079300 0.227500 0.203600 0.070500 0.073900 0.087300 0.088400 0.060900 0.079000 0.035500 0.015800
Oribi 0.076000 0.293700 0.083600 0.206600 0.067500 0.080300 0.089300 0.059100 0.079300 0.233600 0.062500 0.080500 0.080100 0.079800 0.080800 0.062800 0.127700 0.117200 0.077000 0.083700 0.000000 0.067700 0.201000 0.225100 0.057700 0.054700 0.071300 0.096300 0.067000 0.087200 0.223200 0.071700 0.101200 0.076100 0.075300 0.104100 0.063200 0.080100 0.067800 0.206700 0.195600 0.063100 0.234600 0.220300 0.090000 0.102000 0.080000 0.090500 0.061800 0.107900 0.104600 0.083000
BarbaryShe 0.016300 0.264300 0.074700 0.205700 0.054100 0.020400 0.071100 0.072200 0.061900 0.197700 0.012400 0.071400 0.053700 0.062200 0.062800 0.045700 0.094500 0.080400 0.041700 0.066100 0.067700 0.000000 0.167200 0.180300 0.016500 0.054600 0.045200 0.070100 0.067000 0.078300 0.187900 0.054000 0.082100 0.049700 0.057900 0.103400 0.012300 0.053700 0.059000 0.173900 0.167100 0.063000 0.204300 0.197200 0.080500 0.075200 0.071300 0.054600 0.045000 0.071600 0.086600 0.074200
Daviddeer 0.176400 0.320100 0.194900 0.292400 0.182100 0.181200 0.207900 0.217900 0.189800 0.107400 0.162900 0.173200 0.191300 0.191200 0.198400 0.198800 0.185100 0.188400 0.179200 0.195000 0.201000 0.167200 0.000000 0.145800 0.167600 0.190100 0.180500 0.209300 0.193300 0.208400 0.097300 0.181900 0.176900 0.171300 0.185900 0.210800 0.163300 0.191100 0.201000 0.139200 0.029000 0.189200 0.102600 0.136200 0.194400 0.207200 0.214200 0.188700 0.179700 0.182500 0.207600 0.203900
Reindeer 0.189500 0.363000 0.202600 0.312300 0.195100 0.194400 0.205100 0.231200 0.192400 0.154600 0.176200 0.192100 0.193600 0.193800 0.200900 0.217000 0.182000 0.180500 0.181800 0.197600 0.225100 0.180300 0.145800 0.000000 0.180900 0.208700 0.183000 0.201200 0.211400 0.210900 0.155400 0.184500 0.194900 0.179500 0.199100 0.223800 0.176700 0.204100 0.208600 0.110300 0.145700 0.218300 0.149800 0.076000 0.207400 0.204000 0.238500 0.196900 0.203000 0.211600 0.199800 0.206500
Ibex 0.024700 0.277400 0.074100 0.207200 0.054400 0.028800 0.071600 0.071200 0.061200 0.198200 0.004100 0.070600 0.054100 0.062600 0.052900 0.061700 0.093900 0.089900 0.033500 0.065500 0.057700 0.016500 0.167600 0.180900 0.000000 0.053400 0.045500 0.077900 0.066000 0.077800 0.189500 0.054300 0.082700 0.050000 0.058300 0.103200 0.012400 0.054100 0.068200 0.175100 0.167500 0.061700 0.204800 0.186800 0.080200 0.074500 0.079100 0.046300 0.043300 0.079600 0.086300 0.064900
GyrantGaze 0.062900 0.287600 0.079500 0.232300 0.058700 0.067200 0.076000 0.041800 0.066600 0.227500 0.049200 0.076100 0.058400 0.067000 0.067500 0.024600 0.104400 0.094300 0.063800 0.070900 0.054700 0.054600 0.190100 0.208700 0.053400 0.000000 0.049800 0.083400 0.028800 0.083200 0.217100 0.058600 0.069300 0.054300 0.071200 0.108700 0.050600 0.058300 0.037500 0.190700 0.195200 0.016400 0.234500 0.215100 0.085500 0.080000 0.049800 0.077000 0.058000 0.076500 0.100400 0.079000
Hartebeest 0.053400 0.266300 0.061200 0.218200 0.049300 0.049100 0.066100 0.067000 0.048700 0.200400 0.041400 0.066100 0.008000 0.057300 0.057800 0.057800 0.084600 0.075100 0.054100 0.052800 0.071300 0.045200 0.180500 0.183000 0.045500 0.049800 0.000000 0.065100 0.062000 0.064800 0.201400 0.049200 0.076700 0.020200 0.061500 0.097700 0.041300 0.040600 0.062600 0.156400 0.170000 0.058100 0.217800 0.178500 0.075300 0.061500 0.074800 0.067000 0.048700 0.057900 0.081500 0.060800
Bongo 0.086800 0.295300 0.027800 0.219700 0.082700 0.091000 0.082400 0.101200 0.015800 0.241000 0.073800 0.074200 0.073600 0.082000 0.091500 0.082800 0.101400 0.083000 0.079100 0.019800 0.096300 0.070100 0.209300 0.201200 0.077900 0.083400 0.065100 0.000000 0.095600 0.023600 0.231000 0.082500 0.102500 0.069600 0.077700 0.096400 0.070500 0.073500 0.079200 0.189300 0.193600 0.091800 0.242400 0.217900 0.074200 0.086300 0.091200 0.092200 0.073200 0.091600 0.047600 0.027600
Gerenuk 0.075300 0.279200 0.091800 0.230800 0.071100 0.079500 0.088300 0.054200 0.078800 0.241500 0.061900 0.079800 0.070600 0.070600 0.062600 0.028500 0.107900 0.097800 0.076200 0.078800 0.067000 0.067000 0.193300 0.211400 0.066000 0.028800 0.062000 0.095600 0.000000 0.095300 0.231200 0.062300 0.073000 0.066600 0.083500 0.103100 0.063100 0.070600 0.049900 0.204100 0.198300 0.028700 0.248600 0.217700 0.089100 0.083500 0.062000 0.089500 0.061700 0.088900 0.103800 0.091200
CommonElan 0.086500 0.304900 0.027700 0.214700 0.073800 0.090600 0.073600 0.096400 0.015700 0.239900 0.073700 0.065500 0.073300 0.064800 0.082500 0.091100 0.110000 0.091300 0.087500 0.019700 0.087200 0.078300 0.208400 0.210900 0.077800 0.083200 0.064800 0.023600 0.095300 0.000000 0.229800 0.073600 0.102200 0.069400 0.068900 0.087400 0.070300 0.073300 0.096300 0.203800 0.192700 0.091500 0.236000 0.216900 0.074000 0.086000 0.090800 0.100700 0.064500 0.091300 0.047400 0.027500
MuntiacusR 0.197400 0.403700 0.216000 0.319000 0.203300 0.202300 0.218900 0.234800 0.210800 0.030100 0.184500 0.198800 0.212600 0.223900 0.220000 0.225800 0.217900 0.221200 0.200700 0.216100 0.223200 0.187900 0.097300 0.155400 0.189500 0.217100 0.201400 0.231000 0.231200 0.229800 0.000000 0.214200 0.198500 0.191800 0.207200 0.237500 0.184100 0.212600 0.223400 0.148500 0.097200 0.226800 0.035500 0.168300 0.221300 0.229300 0.236700 0.210600 0.211200 0.225900 0.240000 0.225300
HarveysDui 0.062200 0.261900 0.078600 0.199600 0.041100 0.066400 0.041000 0.071800 0.065800 0.224100 0.050200 0.075600 0.057700 0.007900 0.058200 0.066700 0.094100 0.084400 0.063000 0.070000 0.071700 0.054000 0.181900 0.184500 0.054300 0.058600 0.049200 0.082500 0.062300 0.073600 0.214200 0.000000 0.077200 0.053700 0.070400 0.098300 0.050100 0.057600 0.071700 0.177900 0.192500 0.067000 0.225600 0.190600 0.084500 0.070400 0.083900 0.076100 0.040600 0.084300 0.090500 0.078100
Pronghorn 0.090700 0.282300 0.094100 0.215200 0.086300 0.095000 0.095200 0.087500 0.085200 0.231400 0.078400 0.095700 0.085800 0.085700 0.077500 0.077500 0.087500 0.086600 0.082800 0.089700 0.101200 0.082100 0.176900 0.194900 0.082700 0.069300 0.076700 0.102500 0.073000 0.102200 0.198500 0.077200 0.000000 0.081700 0.099100 0.124600 0.078200 0.085700 0.078300 0.172400 0.176800 0.077900 0.226900 0.195900 0.105200 0.099200 0.095400 0.105800 0.085200 0.073000 0.110900 0.098000
BlueWildeb 0.057900 0.278500 0.065700 0.209400 0.053800 0.053600 0.066100 0.071800 0.053100 0.201700 0.045900 0.071000 0.028400 0.061900 0.062400 0.062400 0.089600 0.079900 0.058700 0.057300 0.076100 0.049700 0.171300 0.179500 0.050000 0.054300 0.020200 0.069600 0.066600 0.069400 0.191800 0.053700 0.081700 0.000000 0.057600 0.102800 0.045800 0.045000 0.067400 0.162800 0.160800 0.062700 0.208200 0.185300 0.080100 0.066100 0.079500 0.062600 0.053100 0.062500 0.086200 0.065300
Gemsbok 0.066100 0.293900 0.073800 0.203400 0.070600 0.070300 0.087600 0.080100 0.061100 0.217000 0.062800 0.070700 0.070100 0.061500 0.062000 0.070600 0.116100 0.097000 0.066900 0.065400 0.075300 0.057900 0.185900 0.199100 0.058300 0.071200 0.061500 0.077700 0.083500 0.068900 0.207200 0.070400 0.099100 0.057600 0.000000 0.101900 0.058400 0.070100 0.084400 0.182000 0.180700 0.079600 0.218200 0.194600 0.079400 0.074400 0.087700 0.080000 0.061200 0.088200 0.094200 0.064900
Yak 0.111900 0.316900 0.092600 0.242900 0.094100 0.116200 0.116300 0.113600 0.088300 0.247800 0.099000 0.040700 0.106900 0.097600 0.103200 0.116800 0.123100 0.103500 0.090400 0.092700 0.104100 0.103400 0.210800 0.223800 0.103200 0.108700 0.097700 0.096400 0.103100 0.087400 0.237500 0.098300 0.124600 0.102800 0.101900 0.000000 0.099300 0.106800 0.113400 0.205600 0.205400 0.108300 0.249000 0.241300 0.028800 0.129400 0.125700 0.118000 0.088100 0.135700 0.122600 0.100900
BlueSheep 0.020500 0.271800 0.066600 0.197300 0.050200 0.024600 0.067300 0.068300 0.053800 0.194000 0.008300 0.067500 0.049800 0.054100 0.058900 0.058800 0.090700 0.085400 0.037700 0.058000 0.063200 0.012300 0.163300 0.176700 0.012400 0.050600 0.041300 0.070500 0.063100 0.070300 0.184100 0.050100 0.078200 0.045800 0.058400 0.099300 0.000000 0.049800 0.063800 0.170200 0.163300 0.059100 0.188900 0.193800 0.076400 0.067000 0.076100 0.050700 0.036900 0.076500 0.078600 0.066200
BohorReedb 0.061900 0.288100 0.069700 0.228400 0.032600 0.066000 0.074700 0.075800 0.057000 0.222500 0.049900 0.074900 0.049000 0.065800 0.066400 0.066300 0.093600 0.083900 0.062700 0.061200 0.080100 0.053700 0.191100 0.204100 0.054100 0.058300 0.040600 0.073500 0.070600 0.073300 0.212600 0.057600 0.085700 0.045000 0.070100 0.106800 0.049800 0.000000 0.071300 0.187000 0.180500 0.066700 0.229200 0.199900 0.084000 0.070000 0.083500 0.075700 0.057000 0.066200 0.090000 0.069200
KirksDik 0.076100 0.294100 0.083900 0.248700 0.071900 0.080300 0.089300 0.054800 0.079600 0.233500 0.064000 0.089900 0.071400 0.080100 0.080800 0.037200 0.109100 0.089900 0.068200 0.084000 0.067800 0.059000 0.201000 0.208600 0.068200 0.037500 0.062600 0.079200 0.049900 0.096300 0.223400 0.071700 0.078300 0.067400 0.084400 0.113400 0.063800 0.071300 0.000000 0.190900 0.200800 0.045900 0.240600 0.226100 0.090000 0.093300 0.045600 0.081600 0.070900 0.089900 0.113700 0.092100
RoeDeer 0.183000 0.354900 0.195500 0.309900 0.178000 0.187700 0.198300 0.212800 0.185600 0.170100 0.170400 0.178700 0.166600 0.187000 0.193900 0.199100 0.186200 0.178500 0.175300 0.190600 0.206700 0.173900 0.139200 0.110300 0.175100 0.190700 0.156400 0.189300 0.204100 0.203800 0.148500 0.177900 0.172400 0.162800 0.182000 0.205600 0.170200 0.187000 0.190900 0.000000 0.139100 0.200200 0.176600 0.111100 0.189700 0.202600 0.219800 0.195200 0.185700 0.199100 0.224000 0.199500
WhiteLippe 0.176300 0.320300 0.179200 0.286700 0.182000 0.181100 0.207800 0.217700 0.174200 0.107300 0.162700 0.167900 0.180600 0.201800 0.198300 0.203800 0.174300 0.177700 0.179200 0.179300 0.195600 0.167100 0.029000 0.145700 0.167500 0.195200 0.170000 0.193600 0.198300 0.192700 0.097200 0.192500 0.176800 0.160800 0.180700 0.205400 0.163300 0.180500 0.200800 0.139100 0.000000 0.194300 0.102400 0.125300 0.189100 0.190900 0.230200 0.188600 0.179600 0.171800 0.192000 0.188200
ThomsonGaz 0.071400 0.286300 0.088000 0.241600 0.067200 0.075600 0.084400 0.050200 0.074900 0.237200 0.057500 0.075500 0.066700 0.075300 0.076000 0.032900 0.113100 0.102900 0.072300 0.079300 0.063100 0.063000 0.189200 0.218300 0.061700 0.016400 0.058100 0.091800 0.028700 0.091500 0.226800 0.067000 0.077900 0.062700 0.079600 0.108300 0.059100 0.066700 0.045900 0.200200 0.194300 0.000000 0.244600 0.224700 0.085200 0.088400 0.058100 0.085600 0.057800 0.085000 0.108800 0.087400
MuntiacusC 0.213800 0.409300 0.227400 0.325500 0.214600 0.218800 0.230300 0.240500 0.222100 0.025100 0.199900 0.215700 0.229200 0.229800 0.237200 0.243100 0.228700 0.226700 0.217500 0.227500 0.234600 0.204300 0.102600 0.149800 0.204800 0.234500 0.217800 0.242400 0.248600 0.236000 0.035500 0.225600 0.226900 0.208200 0.218200 0.249000 0.188900 0.229200 0.240600 0.176600 0.102400 0.244600 0.000000 0.162700 0.238100 0.240800 0.254200 0.227300 0.217200 0.220300 0.240300 0.236700
WhiteTaile 0.206500 0.360500 0.208600 0.338800 0.201600 0.211400 0.222200 0.237900 0.198400 0.167300 0.192900 0.202900 0.189100 0.199900 0.196300 0.223500 0.193800 0.186500 0.198900 0.203600 0.220300 0.197200 0.136200 0.076000 0.186800 0.215100 0.178500 0.217900 0.217700 0.216900 0.168300 0.190600 0.195900 0.185300 0.194600 0.241300 0.193800 0.199900 0.226100 0.111100 0.125300 0.224700 0.162700 0.000000 0.224600 0.199500 0.245000 0.214200 0.209300 0.201800 0.216300 0.201900
Cattle 0.088900 0.286600 0.070400 0.231000 0.080300 0.093100 0.102200 0.094600 0.066200 0.231500 0.076000 0.023900 0.075400 0.083900 0.084800 0.093600 0.103900 0.085000 0.067700 0.070500 0.090000 0.080500 0.194400 0.207400 0.080200 0.085500 0.075300 0.074200 0.089100 0.074000 0.221300 0.084500 0.105200 0.080100 0.079400 0.028800 0.076400 0.084000 0.090000 0.189700 0.189100 0.085200 0.238100 0.224600 0.000000 0.106000 0.102300 0.094600 0.074600 0.111900 0.099800 0.078500
RoyalAntel 0.083400 0.276400 0.082400 0.228300 0.079200 0.087600 0.096400 0.089000 0.069700 0.239400 0.070400 0.097200 0.070100 0.070100 0.079400 0.088000 0.107000 0.097100 0.084500 0.073900 0.102000 0.075200 0.207200 0.204000 0.074500 0.080000 0.061500 0.086300 0.083500 0.086000 0.229300 0.070400 0.099200 0.066100 0.074400 0.129400 0.067000 0.070000 0.093300 0.202600 0.190900 0.088400 0.240800 0.199500 0.106000 0.000000 0.105500 0.097900 0.069700 0.097000 0.094300 0.081900
Steenbok 0.088300 0.306500 0.096000 0.260700 0.084100 0.092500 0.092600 0.067100 0.083000 0.247000 0.074900 0.092900 0.083500 0.083500 0.084200 0.049400 0.130700 0.102200 0.089500 0.087300 0.080000 0.071300 0.214200 0.238500 0.079100 0.049800 0.074800 0.091200 0.062000 0.090800 0.236700 0.083900 0.095400 0.079500 0.087700 0.125700 0.076100 0.083500 0.045600 0.219800 0.230200 0.058100 0.254200 0.245000 0.102300 0.105500 0.000000 0.102900 0.083000 0.102200 0.116900 0.095400
Impala 0.062900 0.299900 0.097300 0.232400 0.076300 0.067100 0.088900 0.095200 0.084000 0.220500 0.050800 0.094400 0.075800 0.084500 0.076400 0.085200 0.104400 0.103400 0.046300 0.088400 0.090500 0.054600 0.188700 0.196900 0.046300 0.077000 0.067000 0.092200 0.089500 0.100700 0.210600 0.076100 0.105800 0.062600 0.080000 0.118000 0.050700 0.075700 0.081600 0.195200 0.188600 0.085600 0.227300 0.214200 0.094600 0.097900 0.102900 0.000000 0.066600 0.103400 0.109200 0.087800
Klipspring 0.053100 0.270300 0.069300 0.192300 0.040700 0.057200 0.057300 0.071000 0.056700 0.221200 0.039100 0.065400 0.057100 0.040400 0.061800 0.066000 0.102000 0.092200 0.053700 0.060900 0.061800 0.045000 0.179700 0.203000 0.043300 0.058000 0.048700 0.073200 0.061700 0.064500 0.211200 0.040600 0.085200 0.053100 0.061200 0.088100 0.036900 0.057000 0.070900 0.185700 0.179600 0.057800 0.217200 0.209300 0.074600 0.069700 0.083000 0.066600 0.000000 0.083400 0.081100 0.068800
ForestMusk 0.079900 0.279600 0.087700 0.240900 0.084400 0.075400 0.093100 0.094400 0.074700 0.224800 0.075400 0.102900 0.066500 0.092600 0.093500 0.075800 0.103600 0.093600 0.089800 0.079000 0.107900 0.071600 0.182500 0.211600 0.079600 0.076500 0.057900 0.091600 0.088900 0.091300 0.225900 0.084300 0.073000 0.062500 0.088200 0.135700 0.076500 0.066200 0.089900 0.199100 0.171800 0.085000 0.220300 0.201800 0.111900 0.097000 0.102200 0.103400 0.083400 0.000000 0.099700 0.087100
Bushbuck 0.094800 0.304000 0.043800 0.224300 0.099400 0.098900 0.099200 0.118300 0.031600 0.238900 0.082300 0.091500 0.090100 0.090100 0.099600 0.108300 0.105000 0.099800 0.095900 0.035500 0.104600 0.086600 0.207600 0.199800 0.086300 0.100400 0.081500 0.047600 0.103800 0.047400 0.240000 0.090500 0.110900 0.086200 0.094200 0.122600 0.078600 0.090000 0.113700 0.224000 0.192000 0.108800 0.240300 0.216300 0.099800 0.094300 0.116900 0.109200 0.081100 0.099700 0.000000 0.035400
GreaterKud 0.082400 0.300500 0.023700 0.220300 0.078300 0.086500 0.078000 0.096600 0.011800 0.235300 0.069500 0.069900 0.069300 0.077700 0.078400 0.086900 0.105700 0.095900 0.074700 0.015800 0.083000 0.074200 0.203900 0.206500 0.064900 0.079000 0.060800 0.027600 0.091200 0.027500 0.225300 0.078100 0.098000 0.065300 0.064900 0.100900 0.066200 0.069200 0.092100 0.199500 0.188200 0.087400 0.236700 0.201900 0.078500 0.081900 0.095400 0.087800 0.068800 0.087100 0.035400 0.000000
