1
52 1
Argali 0.000000 0.227400 0.047800 0.183500 0.024100 0.000100 0.060900 0.024200 0.047800 0.110900 0.012000 0.043900 0.000100 0.048300 0.036400 0.023900 0.073300 0.060500 0.000100 0.073600 0.011900 0.024400 0.084800 0.048200 0.012000 0.036300 0.000100 0.035900 0.000100 0.047800 0.085000 0.036200 0.123700 0.011900 0.012000 0.048000 0.012000 0.024100 0.036400 0.072700 0.084800 0.048200 0.112800 0.073100 0.060100 0.024200 0.048500 0.024100 0.036400 0.087800 0.060300 0.073100
LesserMous 0.227400 0.000000 0.235800 0.190800 0.240700 0.228500 0.241200 0.197500 0.236000 0.187600 0.214300 0.206300 0.227800 0.257300 0.209900 0.262700 0.207700 0.222800 0.227800 0.271400 0.211100 0.231000 0.204500 0.224400 0.214300 0.276200 0.227800 0.222200 0.226600 0.236000 0.204600 0.243400 0.288700 0.242200 0.244700 0.220400 0.214300 0.240700 0.198100 0.221800 0.204500 0.290000 0.205300 0.202600 0.235300 0.217900 0.227400 0.226800 0.222600 0.245000 0.252700 0.270800
LesserKudu 0.047800 0.235800 0.000000 0.179000 0.047900 0.047100 0.084900 0.048000 0.000000 0.094900 0.060600 0.023300 0.047900 0.047500 0.060300 0.072300 0.083100 0.070100 0.047900 0.023100 0.035600 0.073600 0.069000 0.057600 0.060600 0.085400 0.047900 0.011400 0.047700 0.000000 0.069500 0.060200 0.151500 0.059900 0.060600 0.045600 0.060600 0.047900 0.035700 0.081900 0.069000 0.097500 0.083400 0.082300 0.057900 0.048100 0.072400 0.047800 0.060300 0.086300 0.011400 0.023000
KillerWhal 0.183500 0.190800 0.179000 0.000000 0.183300 0.184400 0.196400 0.184200 0.178700 0.207800 0.199800 0.176900 0.183700 0.211000 0.168300 0.195600 0.166500 0.166400 0.183700 0.208600 0.168900 0.216300 0.192600 0.181500 0.199800 0.227700 0.183700 0.165800 0.183000 0.178700 0.192900 0.197900 0.254000 0.197100 0.199300 0.136600 0.199800 0.183300 0.199100 0.179600 0.192600 0.240900 0.226400 0.151400 0.149500 0.183800 0.196700 0.183300 0.167800 0.199200 0.193500 0.209400
DefassaWat 0.024100 0.240700 0.047900 0.183300 0.000000 0.024200 0.060900 0.024200 0.047800 0.123200 0.036600 0.047900 0.024100 0.048300 0.036400 0.048500 0.085600 0.071600 0.024100 0.048300 0.012000 0.049500 0.096500 0.060000 0.036600 0.061300 0.024100 0.035900 0.024000 0.047800 0.097300 0.036300 0.126400 0.036100 0.036500 0.048000 0.036600 0.000000 0.036500 0.083800 0.096500 0.073400 0.125400 0.084200 0.060100 0.024300 0.048500 0.024100 0.036400 0.061700 0.060300 0.073100
Sheep 0.000100 0.228500 0.047100 0.184400 0.024200 0.000000 0.061200 0.024300 0.047100 0.111500 0.012100 0.044200 0.000100 0.048500 0.036500 0.024000 0.073600 0.060800 0.000100 0.072500 0.012000 0.024500 0.085200 0.048500 0.012100 0.036400 0.000100 0.035300 0.000100 0.047100 0.085400 0.036400 0.124400 0.011900 0.012000 0.048200 0.012100 0.024200 0.036600 0.073000 0.085200 0.048500 0.113400 0.073400 0.060400 0.024300 0.048700 0.024200 0.036500 0.088200 0.059400 0.072100
MaxwellsDu 0.060900 0.241200 0.084900 0.196400 0.060900 0.061200 0.000000 0.061100 0.084800 0.123000 0.074200 0.083200 0.060700 0.059600 0.073800 0.085800 0.085200 0.072400 0.060700 0.111700 0.048400 0.087600 0.096700 0.085500 0.074200 0.098900 0.055600 0.072700 0.060800 0.084800 0.096900 0.047700 0.123200 0.073000 0.074000 0.085000 0.074200 0.060900 0.073800 0.084600 0.096700 0.111500 0.125000 0.085100 0.097400 0.061300 0.086000 0.060900 0.073600 0.099800 0.097800 0.111300
GazellaPrz 0.024200 0.197500 0.048000 0.184200 0.024200 0.024300 0.061100 0.000000 0.048000 0.111200 0.012000 0.046700 0.024200 0.048500 0.036500 0.048600 0.073500 0.060700 0.024200 0.073800 0.012000 0.024400 0.085000 0.048400 0.012000 0.061500 0.024200 0.036000 0.024100 0.048000 0.085200 0.036400 0.124400 0.036300 0.036700 0.048100 0.012000 0.024200 0.031500 0.073000 0.085000 0.073600 0.113100 0.073300 0.060300 0.024300 0.046200 0.024200 0.036500 0.088000 0.060500 0.073400
MountainNy 0.047800 0.236000 0.000000 0.178700 0.047800 0.047100 0.084800 0.048000 0.000000 0.095000 0.060500 0.023200 0.047900 0.047500 0.060300 0.072200 0.083200 0.070300 0.047900 0.023100 0.035600 0.073500 0.069300 0.057900 0.060500 0.085300 0.047900 0.011100 0.047700 0.000000 0.069700 0.060100 0.151300 0.059900 0.060500 0.046000 0.060500 0.047800 0.035700 0.082100 0.069300 0.097400 0.083600 0.082500 0.058100 0.048100 0.072300 0.047800 0.060200 0.086200 0.011400 0.022900
MuntiacusM 0.110900 0.187600 0.094900 0.207800 0.123200 0.111500 0.123000 0.111200 0.095000 0.000000 0.124900 0.071000 0.111000 0.110200 0.111100 0.136600 0.083500 0.108900 0.111000 0.122200 0.097800 0.139200 0.022000 0.058700 0.124900 0.151000 0.111000 0.108600 0.110600 0.095000 0.022700 0.124000 0.121500 0.123500 0.124800 0.095800 0.124900 0.123200 0.098100 0.070300 0.022000 0.163800 0.022800 0.058400 0.108300 0.111500 0.110200 0.110800 0.123000 0.125100 0.108200 0.122000
goat 0.012000 0.214300 0.060600 0.199800 0.036600 0.012100 0.074200 0.012000 0.060500 0.124900 0.000000 0.057900 0.012000 0.061200 0.049200 0.036300 0.086700 0.073600 0.012000 0.087000 0.024200 0.012100 0.098200 0.061100 0.000000 0.049000 0.012000 0.048500 0.012000 0.060500 0.098400 0.049000 0.138700 0.024100 0.024300 0.060800 0.000000 0.036600 0.046700 0.086000 0.098200 0.061100 0.127000 0.086400 0.073100 0.036900 0.059300 0.036600 0.049100 0.101800 0.073300 0.086500
AfricanBuf 0.043900 0.206300 0.023300 0.176900 0.047900 0.044200 0.083200 0.046700 0.023200 0.071000 0.057900 0.000000 0.045600 0.045200 0.057000 0.069400 0.059400 0.059200 0.045600 0.047600 0.031600 0.070200 0.046600 0.035200 0.057900 0.083800 0.045600 0.035300 0.044500 0.023200 0.046700 0.058200 0.123600 0.057900 0.057800 0.047200 0.057900 0.047900 0.056600 0.059000 0.046600 0.095100 0.072200 0.059300 0.059100 0.044900 0.070100 0.043300 0.060300 0.084100 0.035200 0.047400
Topi 0.000100 0.227800 0.047900 0.183700 0.024100 0.000100 0.060700 0.024200 0.047900 0.111000 0.012000 0.045600 0.000000 0.048200 0.036400 0.023900 0.073400 0.060500 0.000000 0.073600 0.012000 0.024400 0.084900 0.048300 0.012000 0.036200 0.000000 0.035900 0.000000 0.047900 0.085100 0.036200 0.124600 0.011400 0.012000 0.048000 0.012000 0.024100 0.036500 0.072800 0.084900 0.048300 0.112900 0.073200 0.060200 0.024300 0.048500 0.024100 0.036400 0.087900 0.060400 0.073200
CommonDuik 0.048300 0.257300 0.047500 0.211000 0.048300 0.048500 0.059600 0.048500 0.047500 0.110200 0.061200 0.045200 0.048200 0.000000 0.060900 0.072900 0.098100 0.085100 0.048200 0.072900 0.036000 0.074400 0.084200 0.072700 0.061200 0.085800 0.048200 0.060100 0.048200 0.047500 0.084400 0.011300 0.123400 0.055300 0.061100 0.072300 0.061200 0.048300 0.061000 0.097400 0.084200 0.098300 0.112000 0.098000 0.084500 0.048600 0.073000 0.048300 0.060800 0.113300 0.059800 0.072600
Suni 0.036400 0.209900 0.060300 0.168300 0.036400 0.036500 0.073800 0.036500 0.060300 0.111100 0.049200 0.057000 0.036400 0.060900 0.000000 0.061000 0.073400 0.073200 0.036400 0.086600 0.024100 0.049600 0.097800 0.060800 0.049200 0.074200 0.036400 0.048300 0.036300 0.060300 0.098000 0.048800 0.124000 0.048600 0.049100 0.048100 0.049200 0.036400 0.049000 0.085600 0.097800 0.086400 0.126500 0.086100 0.060200 0.036600 0.048500 0.036400 0.024000 0.101300 0.073000 0.086100
Springbuck 0.023900 0.262700 0.072300 0.195600 0.048500 0.024000 0.085800 0.048600 0.072200 0.136600 0.036300 0.069400 0.023900 0.072900 0.061000 0.000000 0.098300 0.085200 0.023900 0.098800 0.036100 0.049100 0.109700 0.072900 0.036300 0.060900 0.023900 0.060200 0.023800 0.072200 0.110000 0.060800 0.150600 0.035900 0.036200 0.072500 0.036300 0.048500 0.061200 0.097500 0.109700 0.072900 0.139000 0.098100 0.084700 0.060600 0.073200 0.048400 0.061000 0.100400 0.084900 0.098200
Okapi 0.073300 0.207700 0.083100 0.166500 0.085600 0.073600 0.085200 0.073500 0.083200 0.083500 0.086700 0.059400 0.073400 0.098100 0.073400 0.098300 0.000000 0.047200 0.073400 0.110200 0.060600 0.100400 0.083400 0.072000 0.086700 0.112000 0.073400 0.071000 0.073100 0.083200 0.083300 0.085900 0.085000 0.085600 0.086600 0.059200 0.086700 0.085600 0.086400 0.071500 0.083400 0.124300 0.110900 0.071900 0.071300 0.073800 0.072700 0.073300 0.084900 0.086600 0.096300 0.109900
Giraffe 0.060500 0.222800 0.070100 0.166400 0.071600 0.060800 0.072400 0.060700 0.070300 0.108900 0.073600 0.059200 0.060500 0.085100 0.073200 0.085200 0.047200 0.000000 0.060500 0.096800 0.048100 0.086900 0.083200 0.072000 0.073600 0.098700 0.060500 0.058000 0.060300 0.070300 0.083400 0.073000 0.110900 0.072700 0.073400 0.071300 0.073600 0.071600 0.073300 0.071000 0.083200 0.110900 0.110700 0.071700 0.083600 0.060800 0.085400 0.060400 0.084700 0.073500 0.083200 0.096600
TibetanAnt 0.000100 0.227800 0.047900 0.183700 0.024100 0.000100 0.060700 0.024200 0.047900 0.111000 0.012000 0.045600 0.000000 0.048200 0.036400 0.023900 0.073400 0.060500 0.000000 0.073600 0.012000 0.024400 0.084900 0.048300 0.012000 0.036200 0.000000 0.035900 0.000000 0.047900 0.085100 0.036200 0.124600 0.011900 0.012000 0.048000 0.012000 0.024100 0.036500 0.072800 0.084900 0.048300 0.112900 0.073200 0.060200 0.024300 0.048500 0.024100 0.036400 0.087900 0.060400 0.073200
Sitatunga 0.073600 0.271400 0.023100 0.208600 0.048300 0.072500 0.111700 0.073800 0.023100 0.122200 0.087000 0.047600 0.073600 0.072900 0.086600 0.098800 0.110200 0.096800 0.073600 0.000000 0.060800 0.100700 0.095400 0.084000 0.087000 0.099000 0.073600 0.035100 0.073400 0.023100 0.095900 0.086300 0.181300 0.085900 0.086900 0.071500 0.087000 0.048300 0.061100 0.108900 0.095400 0.111400 0.110900 0.109500 0.083900 0.074000 0.098900 0.073500 0.083500 0.087100 0.034900 0.047000
Oribi 0.011900 0.211100 0.035600 0.168900 0.012000 0.012000 0.048400 0.012000 0.035600 0.097800 0.024200 0.031600 0.012000 0.036000 0.024100 0.036100 0.060600 0.048100 0.012000 0.060800 0.000000 0.036800 0.072200 0.035900 0.024200 0.048700 0.012000 0.023700 0.011900 0.035600 0.072300 0.024000 0.110400 0.023900 0.024200 0.035800 0.024200 0.012000 0.024100 0.060200 0.072200 0.060700 0.099500 0.060500 0.047800 0.012000 0.036100 0.012000 0.024100 0.074700 0.047900 0.060500
BarbaryShe 0.024400 0.231000 0.073600 0.216300 0.049500 0.024500 0.087600 0.024400 0.073500 0.139200 0.012100 0.070200 0.024400 0.074400 0.049600 0.049100 0.100400 0.086900 0.024400 0.100700 0.036800 0.000000 0.111900 0.074300 0.012100 0.062100 0.024400 0.061400 0.024300 0.073500 0.112200 0.062000 0.153200 0.036600 0.037000 0.073900 0.012100 0.049500 0.060200 0.099500 0.111900 0.074300 0.141700 0.100100 0.086400 0.049800 0.071500 0.049400 0.062200 0.116000 0.086600 0.100100
Daviddeer 0.084800 0.204500 0.069000 0.192600 0.096500 0.085200 0.096700 0.085000 0.069300 0.022000 0.098200 0.046600 0.084900 0.084200 0.097800 0.109700 0.083400 0.083200 0.084900 0.095400 0.072200 0.111900 0.000000 0.034600 0.098200 0.123500 0.084900 0.082400 0.084600 0.069300 0.000000 0.097400 0.121300 0.097100 0.098100 0.095700 0.098200 0.096500 0.072300 0.046100 0.000000 0.135900 0.023000 0.034500 0.108100 0.085200 0.110000 0.084700 0.109400 0.098200 0.082100 0.095400
Reindeer 0.048200 0.224400 0.057600 0.181500 0.060000 0.048500 0.085500 0.048400 0.057900 0.058700 0.061100 0.035200 0.048300 0.072700 0.060800 0.072900 0.072000 0.072000 0.048300 0.084000 0.035900 0.074300 0.034600 0.000000 0.061100 0.086100 0.048300 0.045600 0.048100 0.057900 0.034600 0.060600 0.110200 0.060400 0.061000 0.059400 0.061100 0.060000 0.061000 0.034900 0.034600 0.098300 0.059600 0.023200 0.071600 0.048600 0.073000 0.048200 0.072000 0.087000 0.070700 0.083900
Ibex 0.012000 0.214300 0.060600 0.199800 0.036600 0.012100 0.074200 0.012000 0.060500 0.124900 0.000000 0.057900 0.012000 0.061200 0.049200 0.036300 0.086700 0.073600 0.012000 0.087000 0.024200 0.012100 0.098200 0.061100 0.000000 0.049000 0.012000 0.048500 0.012000 0.060500 0.098400 0.049000 0.138700 0.024100 0.024300 0.060800 0.000000 0.036600 0.046700 0.086000 0.098200 0.061100 0.127000 0.086400 0.073100 0.036900 0.059300 0.036600 0.049100 0.101800 0.073300 0.086500
GyrantGaze 0.036300 0.276200 0.085400 0.227700 0.061300 0.036400 0.098900 0.061500 0.085300 0.151000 0.049000 0.083800 0.036200 0.085800 0.074200 0.060900 0.112000 0.098700 0.036200 0.099000 0.048700 0.062100 0.123500 0.086100 0.049000 0.000000 0.036200 0.073200 0.036200 0.085300 0.123800 0.073600 0.166100 0.048200 0.048900 0.085600 0.049000 0.061300 0.074300 0.111200 0.123500 0.011800 0.153600 0.111900 0.098000 0.061700 0.086500 0.061300 0.074100 0.128000 0.098300 0.111900
Hartebeest 0.000100 0.227800 0.047900 0.183700 0.024100 0.000100 0.055600 0.024200 0.047900 0.111000 0.012000 0.045600 0.000000 0.048200 0.036400 0.023900 0.073400 0.060500 0.000000 0.073600 0.012000 0.024400 0.084900 0.048300 0.012000 0.036200 0.000000 0.035900 0.000000 0.047900 0.085100 0.036200 0.124600 0.011400 0.012000 0.048000 0.012000 0.024100 0.036500 0.072800 0.084900 0.048300 0.112900 0.073200 0.060200 0.024300 0.048500 0.024100 0.036400 0.087900 0.060400 0.073200
Bongo 0.035900 0.222200 0.011400 0.165800 0.035900 0.035300 0.072700 0.036000 0.011100 0.108600 0.048500 0.035300 0.035900 0.060100 0.048300 0.060200 0.071000 0.058000 0.035900 0.035100 0.023700 0.061400 0.082400 0.045600 0.048500 0.073200 0.035900 0.000000 0.035800 0.011100 0.082900 0.048100 0.138700 0.047900 0.048400 0.033800 0.048500 0.035900 0.023800 0.069800 0.082400 0.085300 0.097300 0.070200 0.046100 0.036100 0.060300 0.035900 0.048200 0.074000 0.023000 0.033200
Gerenuk 0.000100 0.226600 0.047700 0.183000 0.024000 0.000100 0.060800 0.024100 0.047700 0.110600 0.012000 0.044500 0.000000 0.048200 0.036300 0.023800 0.073100 0.060300 0.000000 0.073400 0.011900 0.024300 0.084600 0.048100 0.012000 0.036200 0.000000 0.035800 0.000000 0.047700 0.084800 0.036200 0.123800 0.011900 0.012000 0.047900 0.012000 0.024000 0.036300 0.072500 0.084600 0.048100 0.112500 0.072900 0.060000 0.024200 0.048400 0.024000 0.036300 0.087600 0.060100 0.073000
CommonElan 0.047800 0.236000 0.000000 0.178700 0.047800 0.047100 0.084800 0.048000 0.000000 0.095000 0.060500 0.023200 0.047900 0.047500 0.060300 0.072200 0.083200 0.070300 0.047900 0.023100 0.035600 0.073500 0.069300 0.057900 0.060500 0.085300 0.047900 0.011100 0.047700 0.000000 0.069700 0.060100 0.151300 0.059900 0.060500 0.046000 0.060500 0.047800 0.035700 0.082100 0.069300 0.097400 0.083600 0.082500 0.058100 0.048100 0.072300 0.047800 0.060200 0.086200 0.011400 0.022300
MuntiacusR 0.085000 0.204600 0.069500 0.192900 0.097300 0.085400 0.096900 0.085200 0.069700 0.022700 0.098400 0.046700 0.085100 0.084400 0.098000 0.110000 0.083300 0.083400 0.085100 0.095900 0.072300 0.112200 0.000000 0.034600 0.098400 0.123800 0.085100 0.082900 0.084800 0.069700 0.000000 0.097700 0.121500 0.097300 0.098300 0.096200 0.098400 0.097300 0.072400 0.046200 0.000000 0.136200 0.023000 0.034500 0.108600 0.085500 0.110300 0.084900 0.109900 0.098400 0.082500 0.095800
HarveysDui 0.036200 0.243400 0.060200 0.197900 0.036300 0.036400 0.047700 0.036400 0.060100 0.124000 0.049000 0.058200 0.036200 0.011300 0.048800 0.060800 0.085900 0.073000 0.036200 0.086300 0.024000 0.062000 0.097400 0.060600 0.049000 0.073600 0.036200 0.048100 0.036200 0.060100 0.097700 0.000000 0.110800 0.048200 0.048900 0.060300 0.049000 0.036300 0.048800 0.085300 0.097400 0.086100 0.126100 0.085800 0.072500 0.036500 0.060900 0.036200 0.048700 0.100900 0.072700 0.085800
Pronghorn 0.123700 0.288700 0.151500 0.254000 0.126400 0.124400 0.123200 0.124400 0.151300 0.121500 0.138700 0.123600 0.124600 0.123400 0.124000 0.150600 0.085000 0.110900 0.124600 0.181300 0.110400 0.153200 0.121300 0.110200 0.138700 0.166100 0.124600 0.138700 0.123800 0.151300 0.121500 0.110800 0.000000 0.137400 0.138700 0.124200 0.138700 0.126400 0.138000 0.122300 0.121300 0.179300 0.150800 0.109700 0.137000 0.124800 0.123200 0.124200 0.099500 0.167200 0.165300 0.180400
BlueWildeb 0.011900 0.242200 0.059900 0.197100 0.036100 0.011900 0.073000 0.036300 0.059900 0.123500 0.024100 0.057900 0.011400 0.055300 0.048600 0.035900 0.085600 0.072700 0.011900 0.085900 0.023900 0.036600 0.097100 0.060400 0.024100 0.048200 0.011400 0.047900 0.011900 0.059900 0.097300 0.048200 0.137400 0.000000 0.024000 0.060100 0.024100 0.036100 0.048600 0.085000 0.097100 0.060400 0.125500 0.085400 0.072200 0.036400 0.060700 0.036100 0.048500 0.100400 0.072500 0.085500
Gemsbok 0.012000 0.244700 0.060600 0.199300 0.036500 0.012000 0.074000 0.036700 0.060500 0.124800 0.024300 0.057800 0.012000 0.061100 0.049100 0.036200 0.086600 0.073400 0.012000 0.086900 0.024200 0.037000 0.098100 0.061000 0.024300 0.048900 0.012000 0.048400 0.012000 0.060500 0.098300 0.048900 0.138700 0.024000 0.000000 0.060700 0.024300 0.036500 0.049200 0.085800 0.098100 0.061000 0.126900 0.086300 0.073000 0.036800 0.061300 0.036500 0.049000 0.101700 0.073200 0.086400
Yak 0.048000 0.220400 0.045600 0.136600 0.048000 0.048200 0.085000 0.048100 0.046000 0.095800 0.060800 0.047200 0.048000 0.072300 0.048100 0.072500 0.059200 0.071300 0.048000 0.071500 0.035800 0.073900 0.095700 0.059400 0.060800 0.085600 0.048000 0.033800 0.047900 0.046000 0.096200 0.060300 0.124200 0.060100 0.060700 0.000000 0.060800 0.048000 0.060600 0.083300 0.095700 0.097800 0.124100 0.083700 0.011400 0.048300 0.047700 0.048000 0.048000 0.086500 0.058500 0.071400
BlueSheep 0.012000 0.214300 0.060600 0.199800 0.036600 0.012100 0.074200 0.012000 0.060500 0.124900 0.000000 0.057900 0.012000 0.061200 0.049200 0.036300 0.086700 0.073600 0.012000 0.087000 0.024200 0.012100 0.098200 0.061100 0.000000 0.049000 0.012000 0.048500 0.012000 0.060500 0.098400 0.049000 0.138700 0.024100 0.024300 0.060800 0.000000 0.036600 0.046700 0.086000 0.098200 0.061100 0.127000 0.086400 0.073100 0.036900 0.059300 0.036600 0.049100 0.101800 0.073300 0.086500
BohorReedb 0.024100 0.240700 0.047900 0.183300 0.000000 0.024200 0.060900 0.024200 0.047800 0.123200 0.036600 0.047900 0.024100 0.048300 0.036400 0.048500 0.085600 0.071600 0.024100 0.048300 0.012000 0.049500 0.096500 0.060000 0.036600 0.061300 0.024100 0.035900 0.024000 0.047800 0.097300 0.036300 0.126400 0.036100 0.036500 0.048000 0.036600 0.000000 0.036500 0.083800 0.096500 0.073400 0.125400 0.084200 0.060100 0.024300 0.048500 0.024100 0.036400 0.061700 0.060300 0.073100
KirksDik 0.036400 0.198100 0.035700 0.199100 0.036500 0.036600 0.073800 0.031500 0.035700 0.098100 0.046700 0.056600 0.036500 0.061000 0.049000 0.061200 0.086400 0.073300 0.036500 0.061100 0.024100 0.060200 0.072300 0.061000 0.046700 0.074300 0.036500 0.023800 0.036300 0.035700 0.072400 0.048800 0.138000 0.048600 0.049200 0.060600 0.046700 0.036500 0.000000 0.085700 0.072300 0.086600 0.086700 0.086200 0.072900 0.036700 0.061200 0.036400 0.049000 0.101500 0.048100 0.060800
RoeDeer 0.072700 0.221800 0.081900 0.179600 0.083800 0.073000 0.084600 0.073000 0.082100 0.070300 0.086000 0.059000 0.072800 0.097400 0.085600 0.097500 0.071500 0.071000 0.072800 0.108900 0.060200 0.099500 0.046100 0.034900 0.086000 0.111200 0.072800 0.069800 0.072500 0.082100 0.046200 0.085300 0.122300 0.085000 0.085800 0.083300 0.086000 0.083800 0.085700 0.000000 0.046100 0.123400 0.071400 0.034700 0.095700 0.073100 0.097800 0.072600 0.096700 0.085900 0.095200 0.108700
WhiteLippe 0.084800 0.204500 0.069000 0.192600 0.096500 0.085200 0.096700 0.085000 0.069300 0.022000 0.098200 0.046600 0.084900 0.084200 0.097800 0.109700 0.083400 0.083200 0.084900 0.095400 0.072200 0.111900 0.000000 0.034600 0.098200 0.123500 0.084900 0.082400 0.084600 0.069300 0.000000 0.097400 0.121300 0.097100 0.098100 0.095700 0.098200 0.096500 0.072300 0.046100 0.000000 0.135900 0.023000 0.034500 0.108100 0.085200 0.110000 0.084700 0.109400 0.098200 0.082100 0.095400
ThomsonGaz 0.048200 0.290000 0.097500 0.240900 0.073400 0.048500 0.111500 0.073600 0.097400 0.163800 0.061100 0.095100 0.048300 0.098300 0.086400 0.072900 0.124300 0.110900 0.048300 0.111400 0.060700 0.074300 0.135900 0.098300 0.061100 0.011800 0.048300 0.085300 0.048100 0.097400 0.136200 0.086100 0.179300 0.060400 0.061000 0.097800 0.061100 0.073400 0.086600 0.123400 0.135900 0.000000 0.166500 0.124200 0.110200 0.073900 0.098700 0.073400 0.086300 0.140700 0.110500 0.124300
MuntiacusC 0.112800 0.205300 0.083400 0.226400 0.125400 0.113400 0.125000 0.113100 0.083600 0.022800 0.127000 0.072200 0.112900 0.112000 0.126500 0.139000 0.110900 0.110700 0.112900 0.110900 0.099500 0.141700 0.023000 0.059600 0.127000 0.153600 0.112900 0.097300 0.112500 0.083600 0.023000 0.126100 0.150800 0.125500 0.126900 0.124100 0.127000 0.125400 0.086700 0.071400 0.023000 0.166500 0.000000 0.059300 0.137000 0.113400 0.139200 0.112700 0.139100 0.127300 0.096800 0.110600
WhiteTaile 0.073100 0.202600 0.082300 0.151400 0.084200 0.073400 0.085100 0.073300 0.082500 0.058400 0.086400 0.059300 0.073200 0.098000 0.086100 0.098100 0.071900 0.071700 0.073200 0.109500 0.060500 0.100100 0.034500 0.023200 0.086400 0.111900 0.073200 0.070200 0.072900 0.082500 0.034500 0.085800 0.109700 0.085400 0.086300 0.083700 0.086400 0.084200 0.086200 0.034700 0.034500 0.124200 0.059300 0.000000 0.096200 0.073500 0.098300 0.073000 0.097300 0.086500 0.095700 0.109300
Cattle 0.060100 0.235300 0.057900 0.149500 0.060100 0.060400 0.097400 0.060300 0.058100 0.108300 0.073100 0.059100 0.060200 0.084500 0.060200 0.084700 0.071300 0.083600 0.060200 0.083900 0.047800 0.086400 0.108100 0.071600 0.073100 0.098000 0.060200 0.046100 0.060000 0.058100 0.108600 0.072500 0.137000 0.072200 0.073000 0.011400 0.073100 0.060100 0.072900 0.095700 0.108100 0.110200 0.137000 0.096200 0.000000 0.060500 0.059700 0.060100 0.060100 0.099100 0.070700 0.083700
RoyalAntel 0.024200 0.217900 0.048100 0.183800 0.024300 0.024300 0.061300 0.024300 0.048100 0.111500 0.036900 0.044900 0.024300 0.048600 0.036600 0.060600 0.073800 0.060800 0.024300 0.074000 0.012000 0.049800 0.085200 0.048600 0.036900 0.061700 0.024300 0.036100 0.024200 0.048100 0.085500 0.036500 0.124800 0.036400 0.036800 0.048300 0.036900 0.024300 0.036700 0.073100 0.085200 0.073900 0.113400 0.073500 0.060500 0.000000 0.048800 0.024200 0.036600 0.088400 0.060700 0.073600
Steenbok 0.048500 0.227400 0.072400 0.196700 0.048500 0.048700 0.086000 0.046200 0.072300 0.110200 0.059300 0.070100 0.048500 0.073000 0.048500 0.073200 0.072700 0.085400 0.048500 0.098900 0.036100 0.071500 0.110000 0.073000 0.059300 0.086500 0.048500 0.060300 0.048400 0.072300 0.110300 0.060900 0.123200 0.060700 0.061300 0.047700 0.059300 0.048500 0.061200 0.097800 0.110000 0.098700 0.139200 0.098300 0.059700 0.048800 0.000000 0.048500 0.048500 0.113800 0.085100 0.098400
Impala 0.024100 0.226800 0.047800 0.183300 0.024100 0.024200 0.060900 0.024200 0.047800 0.110800 0.036600 0.043300 0.024100 0.048300 0.036400 0.048400 0.073300 0.060400 0.024100 0.073500 0.012000 0.049400 0.084700 0.048200 0.036600 0.061300 0.024100 0.035900 0.024000 0.047800 0.084900 0.036200 0.124200 0.036100 0.036500 0.048000 0.036600 0.024100 0.036400 0.072600 0.084700 0.073400 0.112700 0.073000 0.060100 0.024200 0.048500 0.000000 0.036400 0.087800 0.060200 0.073100
Klipspring 0.036400 0.222600 0.060300 0.167800 0.036400 0.036500 0.073600 0.036500 0.060200 0.123000 0.049100 0.060300 0.036400 0.060800 0.024000 0.061000 0.084900 0.084700 0.036400 0.083500 0.024100 0.062200 0.109400 0.072000 0.049100 0.074100 0.036400 0.048200 0.036300 0.060200 0.109900 0.048700 0.099500 0.048500 0.049000 0.048000 0.049100 0.036400 0.049000 0.096700 0.109400 0.086300 0.139100 0.097300 0.060100 0.036600 0.048500 0.036400 0.000000 0.101200 0.072900 0.086000
ForestMusk 0.087800 0.245000 0.086300 0.199200 0.061700 0.088200 0.099800 0.088000 0.086200 0.125100 0.101800 0.084100 0.087900 0.113300 0.101300 0.100400 0.086600 0.073500 0.087900 0.087100 0.074700 0.116000 0.098200 0.087000 0.101800 0.128000 0.087900 0.074000 0.087600 0.086200 0.098400 0.100900 0.167200 0.100400 0.101700 0.086500 0.101800 0.061700 0.101500 0.085900 0.098200 0.140700 0.127300 0.086500 0.099100 0.088400 0.113800 0.087800 0.101200 0.000000 0.099300 0.113000
Bushbuck 0.060300 0.252700 0.011400 0.193500 0.060300 0.059400 0.097800 0.060500 0.011400 0.108200 0.073300 0.035200 0.060400 0.059800 0.073000 0.084900 0.096300 0.083200 0.060400 0.034900 0.047900 0.086600 0.082100 0.070700 0.073300 0.098300 0.060400 0.023000 0.060100 0.011400 0.082500 0.072700 0.165300 0.072500 0.073200 0.058500 0.073300 0.060300 0.048100 0.095200 0.082100 0.110500 0.096800 0.095700 0.070700 0.060700 0.085100 0.060200 0.072900 0.099300 0.000000 0.034700
GreaterKud 0.073100 0.270800 0.023000 0.209400 0.073100 0.072100 0.111300 0.073400 0.022900 0.122000 0.086500 0.047400 0.073200 0.072600 0.086100 0.098200 0.109900 0.096600 0.073200 0.047000 0.060500 0.100100 0.095400 0.083900 0.086500 0.111900 0.073200 0.033200 0.073000 0.022300 0.095800 0.085800 0.180400 0.085500 0.086400 0.071400 0.086500 0.073100 0.060800 0.108700 0.095400 0.124300 0.110600 0.109300 0.083700 0.073600 0.098400 0.073100 0.086000 0.113000 0.034700 0.000000
