1
52 1
Argali 0.000000 0.290200 0.095800 0.304600 0.134800 0.012200 0.098100 0.081800 0.141000 0.140600 0.036600 0.106400 0.062300 0.104100 0.096800 0.089100 0.173200 0.164500 0.043100 0.151200 0.087100 0.030600 0.159300 0.169600 0.031000 0.102500 0.044000 0.142400 0.084100 0.143200 0.142200 0.082900 0.182700 0.081100 0.050200 0.091300 0.042900 0.096400 0.102300 0.170000 0.135200 0.126000 0.155300 0.168100 0.091400 0.090600 0.075300 0.070400 0.075400 0.092400 0.136000 0.109000
LesserMous 0.290200 0.000000 0.272900 0.227400 0.317000 0.289700 0.315100 0.311600 0.316600 0.295800 0.319700 0.291400 0.323700 0.321400 0.304000 0.332700 0.280900 0.281500 0.321200 0.314600 0.350700 0.314100 0.264100 0.330100 0.317400 0.366800 0.311800 0.286100 0.348700 0.304500 0.289800 0.317600 0.287800 0.335300 0.336500 0.289100 0.322500 0.274500 0.332800 0.320400 0.299800 0.373800 0.302900 0.309600 0.281600 0.330900 0.338300 0.337800 0.305100 0.314700 0.303000 0.279500
LesserKudu 0.095800 0.272900 0.000000 0.288100 0.185100 0.109200 0.147600 0.164100 0.131300 0.208700 0.135700 0.103200 0.165200 0.153600 0.160600 0.181100 0.202100 0.202300 0.143200 0.126900 0.176900 0.129800 0.218700 0.214800 0.131100 0.195900 0.146600 0.118300 0.177300 0.118900 0.202300 0.130900 0.202000 0.185400 0.145900 0.109500 0.144100 0.145400 0.180900 0.215400 0.211000 0.215200 0.215500 0.212900 0.109700 0.139900 0.165100 0.132400 0.122300 0.142200 0.112200 0.093200
KillerWhal 0.304600 0.227400 0.288100 0.000000 0.325800 0.304200 0.329400 0.380400 0.307900 0.338100 0.326700 0.332700 0.338800 0.318500 0.335900 0.348500 0.320100 0.314500 0.341900 0.314000 0.358100 0.311100 0.348800 0.345900 0.331500 0.384300 0.327100 0.294000 0.373200 0.295400 0.350400 0.315100 0.258000 0.368700 0.351100 0.339700 0.346100 0.290700 0.347900 0.382700 0.342900 0.410800 0.356200 0.318100 0.332000 0.345500 0.328400 0.317400 0.312300 0.342700 0.318700 0.271000
DefassaWat 0.134800 0.317000 0.185100 0.325800 0.000000 0.149000 0.160000 0.175900 0.188300 0.158400 0.146800 0.147500 0.162400 0.137000 0.187600 0.178200 0.199500 0.198400 0.184100 0.184600 0.173900 0.155500 0.199000 0.202600 0.157500 0.208400 0.144100 0.161000 0.174400 0.176100 0.175500 0.129000 0.200700 0.182500 0.150200 0.152500 0.155700 0.036100 0.192100 0.187500 0.183700 0.211800 0.181500 0.185500 0.145800 0.166200 0.177100 0.144600 0.120100 0.160800 0.168700 0.141200
Sheep 0.012200 0.289700 0.109200 0.304200 0.149000 0.000000 0.097700 0.094900 0.154700 0.140100 0.036600 0.120400 0.062100 0.103700 0.096500 0.102400 0.187700 0.163900 0.042900 0.165400 0.086800 0.030600 0.144400 0.169000 0.030900 0.102200 0.043900 0.156300 0.083800 0.157200 0.141700 0.082600 0.182100 0.080800 0.050000 0.104900 0.043200 0.110300 0.101900 0.169400 0.134700 0.125500 0.154800 0.167500 0.105000 0.090600 0.075000 0.083600 0.075100 0.092100 0.149900 0.122500
MaxwellsDu 0.098100 0.315100 0.147600 0.329400 0.160000 0.097700 0.000000 0.139100 0.180800 0.136000 0.110500 0.122900 0.103700 0.031700 0.120000 0.147500 0.200100 0.160100 0.117900 0.176900 0.115600 0.104500 0.147300 0.165300 0.105500 0.140300 0.099000 0.167400 0.128200 0.153400 0.137700 0.037900 0.193800 0.137500 0.112700 0.114700 0.118600 0.120100 0.132100 0.150800 0.145800 0.142700 0.150900 0.163900 0.114800 0.128500 0.117700 0.121200 0.083600 0.130700 0.145900 0.132600
GazellaPrz 0.081800 0.311600 0.164100 0.380400 0.175900 0.094900 0.139100 0.000000 0.188600 0.176000 0.114000 0.141000 0.128200 0.159700 0.159500 0.081000 0.178500 0.201100 0.100600 0.200200 0.066500 0.108100 0.142700 0.168200 0.102100 0.107600 0.109900 0.190400 0.076000 0.191500 0.162700 0.136800 0.232000 0.147700 0.116100 0.138700 0.121900 0.136900 0.094000 0.176600 0.155500 0.089200 0.168800 0.188500 0.124500 0.139100 0.067600 0.116600 0.128300 0.134000 0.184000 0.155900
MountainNy 0.141000 0.316600 0.131300 0.307900 0.188300 0.154700 0.180800 0.188600 0.000000 0.219800 0.153300 0.115400 0.182600 0.172100 0.202100 0.206100 0.205200 0.197900 0.189800 0.041300 0.201300 0.161500 0.245000 0.233700 0.148900 0.236500 0.164300 0.046900 0.202500 0.041200 0.213400 0.149100 0.191000 0.187900 0.170500 0.107800 0.176100 0.149300 0.220400 0.242100 0.213400 0.250100 0.226500 0.231600 0.107900 0.203100 0.189600 0.164800 0.140100 0.190800 0.053300 0.059900
MuntiacusM 0.140600 0.295800 0.208700 0.338100 0.158400 0.140100 0.136000 0.176000 0.219800 0.000000 0.153000 0.176700 0.145800 0.127400 0.157100 0.178100 0.168200 0.114500 0.160800 0.208200 0.150800 0.147100 0.076700 0.078100 0.148600 0.192700 0.127100 0.213400 0.165900 0.214600 0.012700 0.133800 0.163900 0.166100 0.141100 0.143900 0.161900 0.133400 0.200000 0.071100 0.045600 0.180300 0.025400 0.063900 0.136900 0.173300 0.168600 0.165500 0.125100 0.114900 0.191200 0.176900
goat 0.036600 0.319700 0.135700 0.326700 0.146800 0.036600 0.110500 0.114000 0.153300 0.153000 0.000000 0.133500 0.061600 0.116500 0.116200 0.121700 0.200800 0.177100 0.055100 0.178200 0.105500 0.030300 0.178800 0.182000 0.018300 0.107700 0.043500 0.168900 0.103200 0.169900 0.154800 0.095100 0.180300 0.067400 0.049600 0.117700 0.042700 0.122600 0.121200 0.182500 0.147800 0.131000 0.152900 0.180400 0.117900 0.115800 0.080600 0.096300 0.048700 0.119100 0.162600 0.135100
AfricanBuf 0.106400 0.291400 0.103200 0.332700 0.147500 0.120400 0.122900 0.141000 0.115400 0.176700 0.133500 0.000000 0.148800 0.129100 0.159300 0.172200 0.170700 0.186000 0.156000 0.110600 0.168100 0.127400 0.187300 0.198500 0.128700 0.203300 0.129700 0.100900 0.168200 0.102800 0.170000 0.114100 0.186600 0.169400 0.136200 0.051600 0.142100 0.107400 0.187100 0.199200 0.178700 0.199200 0.167600 0.196800 0.051700 0.153000 0.156000 0.123200 0.105400 0.147100 0.095700 0.076200
Topi 0.062300 0.323700 0.165200 0.338800 0.162400 0.062100 0.103700 0.128200 0.182600 0.145800 0.061600 0.148800 0.000000 0.109600 0.137500 0.136200 0.217200 0.185100 0.081200 0.186900 0.119400 0.055700 0.186400 0.189800 0.056200 0.142800 0.018300 0.184400 0.117500 0.170500 0.162600 0.109100 0.195400 0.042100 0.049800 0.132500 0.068600 0.123400 0.135700 0.190300 0.155400 0.153100 0.175700 0.172900 0.132600 0.131900 0.107700 0.110500 0.101100 0.133900 0.177900 0.149900
CommonDuik 0.104100 0.321400 0.153600 0.318500 0.137000 0.103700 0.031700 0.159700 0.172100 0.127400 0.116500 0.129100 0.109600 0.000000 0.140800 0.168500 0.190900 0.151300 0.123900 0.168100 0.135500 0.110500 0.168400 0.171500 0.111600 0.161100 0.091100 0.158800 0.149200 0.159800 0.144100 0.031100 0.185000 0.129100 0.104500 0.120900 0.124600 0.098000 0.152700 0.157000 0.152100 0.163900 0.157300 0.154800 0.121000 0.134600 0.138000 0.127400 0.089600 0.136900 0.137700 0.124500
Suni 0.096800 0.304000 0.160600 0.335900 0.187600 0.096500 0.120000 0.159500 0.202100 0.157100 0.116200 0.159300 0.137500 0.140800 0.000000 0.138900 0.211400 0.187600 0.116100 0.205700 0.149600 0.116900 0.161400 0.171900 0.111400 0.152900 0.133400 0.195600 0.134400 0.181300 0.159100 0.118100 0.193000 0.165300 0.139800 0.142500 0.131100 0.147400 0.138100 0.172300 0.152300 0.170700 0.172400 0.170400 0.142600 0.127000 0.137700 0.148800 0.116900 0.136800 0.188900 0.160100
Springbuck 0.089100 0.332700 0.181100 0.348500 0.178200 0.102400 0.147500 0.081000 0.206100 0.178100 0.121700 0.172200 0.136200 0.168500 0.138900 0.000000 0.218900 0.219900 0.129400 0.218400 0.073500 0.115800 0.174000 0.177800 0.109700 0.061800 0.117700 0.208100 0.031100 0.209300 0.180400 0.145100 0.227800 0.155900 0.124000 0.155300 0.116000 0.138700 0.088100 0.194800 0.173100 0.069900 0.193700 0.191400 0.140600 0.112100 0.061800 0.118200 0.136400 0.142900 0.201500 0.172600
Okapi 0.173200 0.280900 0.202100 0.320100 0.199500 0.187700 0.200100 0.178500 0.205200 0.168200 0.200800 0.170700 0.217200 0.190900 0.211400 0.218900 0.000000 0.068900 0.208800 0.186600 0.220700 0.195000 0.194000 0.175400 0.181500 0.250600 0.198400 0.177100 0.223000 0.192800 0.155000 0.166700 0.131800 0.238300 0.204800 0.169000 0.210500 0.159400 0.241200 0.189700 0.163100 0.255000 0.152900 0.165700 0.162000 0.223400 0.208900 0.191900 0.172000 0.147900 0.170500 0.157300
Giraffe 0.164500 0.281500 0.202300 0.314500 0.198400 0.163900 0.160100 0.201100 0.197900 0.114500 0.177100 0.186000 0.185100 0.151300 0.187600 0.219900 0.068900 0.000000 0.201200 0.186100 0.205700 0.171100 0.155200 0.143200 0.172900 0.219000 0.166000 0.176400 0.207400 0.192600 0.101200 0.142700 0.108700 0.206100 0.180800 0.152700 0.186600 0.157300 0.226200 0.135400 0.123600 0.223000 0.114400 0.141900 0.145600 0.199000 0.193500 0.190700 0.148200 0.123400 0.169600 0.155600
TibetanAnt 0.043100 0.321200 0.143200 0.341900 0.184100 0.042900 0.117900 0.100600 0.189800 0.160800 0.055100 0.156000 0.081200 0.123900 0.116100 0.129400 0.208800 0.201200 0.000000 0.201500 0.105800 0.049200 0.179500 0.183300 0.049600 0.135900 0.063000 0.191700 0.117500 0.192800 0.162700 0.102200 0.210800 0.100000 0.069200 0.139600 0.062000 0.144600 0.121500 0.175600 0.155600 0.145900 0.175800 0.188600 0.139700 0.117200 0.107600 0.117300 0.094400 0.126600 0.185100 0.156900
Sitatunga 0.151200 0.314600 0.126900 0.314000 0.184600 0.165400 0.176900 0.200200 0.041300 0.208200 0.178200 0.110600 0.186900 0.168100 0.205700 0.218400 0.186600 0.186100 0.201500 0.000000 0.213100 0.172400 0.226000 0.230300 0.174100 0.249900 0.168200 0.041600 0.214900 0.023700 0.201800 0.144800 0.187100 0.207300 0.181800 0.109600 0.187400 0.145000 0.233200 0.230700 0.210600 0.254400 0.215000 0.228200 0.109700 0.199500 0.201300 0.176000 0.135700 0.186900 0.023700 0.054600
Oribi 0.087100 0.350700 0.176900 0.358100 0.173900 0.086800 0.115600 0.066500 0.201300 0.150800 0.105500 0.168100 0.119400 0.135500 0.149600 0.073500 0.220700 0.205700 0.105800 0.213100 0.000000 0.099700 0.147500 0.150500 0.093800 0.080000 0.101300 0.203200 0.055500 0.204300 0.152600 0.113800 0.214100 0.138400 0.107500 0.151500 0.113100 0.149500 0.048000 0.166100 0.145700 0.062000 0.165400 0.163500 0.137300 0.102100 0.047900 0.115500 0.119400 0.139100 0.181700 0.168500
BarbaryShe 0.030600 0.314100 0.129800 0.311100 0.155500 0.030600 0.104500 0.108100 0.161500 0.147100 0.030300 0.127400 0.055700 0.110500 0.116900 0.115800 0.195000 0.171100 0.049200 0.172400 0.099700 0.000000 0.172800 0.176000 0.024600 0.102000 0.037500 0.163100 0.097200 0.164000 0.148800 0.089200 0.174000 0.074400 0.043600 0.111600 0.036700 0.116700 0.115400 0.176600 0.141800 0.139500 0.161800 0.174400 0.111800 0.110700 0.074800 0.076700 0.081500 0.113000 0.156700 0.115100
Daviddeer 0.159300 0.264100 0.218700 0.348800 0.199000 0.144400 0.147300 0.142700 0.245000 0.076700 0.178800 0.187300 0.186400 0.168400 0.161400 0.174000 0.194000 0.155200 0.179500 0.226000 0.147500 0.172800 0.000000 0.103400 0.174600 0.188100 0.168000 0.231000 0.162000 0.232300 0.064100 0.159700 0.181600 0.207000 0.182300 0.177300 0.188000 0.174100 0.180300 0.110000 0.057700 0.161000 0.076700 0.089100 0.170300 0.192600 0.164700 0.192000 0.150600 0.133800 0.208800 0.194700
Reindeer 0.169600 0.330100 0.214800 0.345900 0.202600 0.169000 0.165300 0.168200 0.233700 0.078100 0.182000 0.198500 0.189800 0.171500 0.171900 0.177800 0.175400 0.143200 0.183300 0.230300 0.150500 0.176000 0.103400 0.000000 0.177900 0.192100 0.171100 0.235400 0.165500 0.236700 0.065200 0.162700 0.184800 0.210600 0.185700 0.180800 0.191400 0.177300 0.184200 0.070900 0.072300 0.179900 0.078000 0.037800 0.173600 0.172900 0.168100 0.180100 0.153400 0.128800 0.212800 0.198400
Ibex 0.031000 0.317400 0.131100 0.331500 0.157500 0.030900 0.105500 0.102100 0.148900 0.148600 0.018300 0.128700 0.056200 0.111600 0.111400 0.109700 0.181500 0.172900 0.049600 0.174100 0.093800 0.024600 0.174600 0.177900 0.000000 0.109500 0.037800 0.164700 0.091000 0.165700 0.150300 0.090000 0.176200 0.062100 0.044000 0.112800 0.037200 0.118200 0.109300 0.178400 0.143200 0.133300 0.163500 0.176300 0.112900 0.112300 0.082000 0.091200 0.069200 0.114100 0.158200 0.130400
GyrantGaze 0.102500 0.366800 0.195900 0.384300 0.208400 0.102200 0.140300 0.107600 0.236500 0.192700 0.107700 0.203300 0.142800 0.161100 0.152900 0.061800 0.250600 0.219000 0.135900 0.249900 0.080000 0.102000 0.188100 0.192100 0.109500 0.000000 0.124400 0.238900 0.056700 0.240300 0.195100 0.152500 0.258500 0.148200 0.138000 0.185100 0.115800 0.168000 0.094900 0.209600 0.187700 0.043600 0.192500 0.205800 0.170000 0.133000 0.048900 0.146900 0.135900 0.157400 0.225100 0.202300
Hartebeest 0.044000 0.311800 0.146600 0.327100 0.144100 0.043900 0.099000 0.109900 0.164300 0.127100 0.043500 0.129700 0.018300 0.091100 0.133400 0.117700 0.198400 0.166000 0.063000 0.168200 0.101300 0.037500 0.168000 0.171100 0.037800 0.124400 0.000000 0.165900 0.098800 0.166900 0.143700 0.090700 0.192100 0.036600 0.031400 0.113600 0.050300 0.104900 0.117300 0.171600 0.136500 0.134300 0.156900 0.154400 0.113700 0.113100 0.089500 0.091900 0.082900 0.115000 0.159400 0.131400
Bongo 0.142400 0.286100 0.118300 0.294000 0.161000 0.156300 0.167400 0.190400 0.046900 0.213400 0.168900 0.100900 0.184400 0.158800 0.195600 0.208100 0.177100 0.176400 0.191700 0.041600 0.203200 0.163100 0.231000 0.235400 0.164700 0.238900 0.165900 0.000000 0.204500 0.041300 0.207000 0.136100 0.178000 0.204500 0.172200 0.101300 0.177800 0.136200 0.222600 0.235600 0.215700 0.243200 0.220200 0.233300 0.101400 0.189400 0.191500 0.166500 0.141100 0.177000 0.041300 0.047700
Gerenuk 0.084100 0.348700 0.177300 0.373200 0.174400 0.083800 0.128200 0.076000 0.202500 0.165900 0.103200 0.168200 0.117500 0.149200 0.134400 0.031100 0.223000 0.207400 0.117500 0.214900 0.055500 0.097200 0.162000 0.165500 0.091000 0.056700 0.098800 0.204500 0.000000 0.205800 0.168000 0.126100 0.231700 0.137200 0.105100 0.151000 0.097300 0.134300 0.069700 0.182500 0.160700 0.064500 0.181400 0.179200 0.136100 0.099800 0.043500 0.113400 0.117600 0.130400 0.197900 0.168600
CommonElan 0.143200 0.304500 0.118900 0.295400 0.176100 0.157200 0.153400 0.191500 0.041200 0.214600 0.169900 0.102800 0.170500 0.159800 0.181300 0.209300 0.192800 0.192600 0.192800 0.023700 0.204300 0.164000 0.232300 0.236700 0.165700 0.240300 0.166900 0.041300 0.205800 0.000000 0.208200 0.136900 0.193100 0.205700 0.173200 0.101900 0.178900 0.137000 0.223900 0.237100 0.217000 0.244600 0.221400 0.234600 0.101900 0.190600 0.192600 0.167500 0.141900 0.178100 0.029500 0.048000
MuntiacusR 0.142200 0.289800 0.202300 0.350400 0.175500 0.141700 0.137700 0.162700 0.213400 0.012700 0.154800 0.170000 0.162600 0.144100 0.159100 0.180400 0.155000 0.101200 0.162700 0.201800 0.152600 0.148800 0.064100 0.065200 0.150300 0.195100 0.143700 0.207000 0.168000 0.208200 0.000000 0.135400 0.157800 0.183400 0.158100 0.137500 0.163900 0.150100 0.202500 0.058300 0.032700 0.182500 0.012700 0.064700 0.130500 0.175500 0.170600 0.167500 0.126500 0.101600 0.184900 0.170600
HarveysDui 0.082900 0.317600 0.130900 0.315100 0.129000 0.082600 0.037900 0.136800 0.149100 0.133800 0.095100 0.114100 0.109100 0.031100 0.118100 0.145100 0.166700 0.142700 0.102200 0.144800 0.113800 0.089200 0.159700 0.162700 0.090000 0.152500 0.090700 0.136100 0.126100 0.136900 0.135400 0.000000 0.161800 0.128500 0.090300 0.098700 0.102800 0.090400 0.130000 0.148300 0.143400 0.155100 0.148500 0.161300 0.098800 0.112000 0.115800 0.105000 0.069000 0.113900 0.115600 0.102700
Pronghorn 0.182700 0.287800 0.202000 0.258000 0.200700 0.182100 0.193800 0.232000 0.191000 0.163900 0.180300 0.186600 0.195400 0.185000 0.193000 0.227800 0.131800 0.108700 0.210800 0.187100 0.214100 0.174000 0.181600 0.184800 0.176200 0.258500 0.192100 0.178000 0.231700 0.193100 0.157800 0.161800 0.000000 0.200500 0.198400 0.185200 0.188800 0.176300 0.233900 0.177000 0.151200 0.263200 0.170500 0.168700 0.185300 0.209000 0.202200 0.192500 0.138800 0.150900 0.171600 0.144300
BlueWildeb 0.081100 0.335300 0.185400 0.368700 0.182500 0.080800 0.137500 0.147700 0.187900 0.166100 0.067400 0.169400 0.042100 0.129100 0.165300 0.155900 0.238300 0.206100 0.100000 0.207300 0.138400 0.074400 0.207000 0.210600 0.062100 0.148200 0.036600 0.204500 0.137200 0.205700 0.183400 0.128500 0.200500 0.000000 0.068500 0.152300 0.074300 0.143300 0.155400 0.195800 0.176100 0.173400 0.196500 0.193200 0.152600 0.151900 0.113100 0.130300 0.106800 0.139600 0.198000 0.169600
Gemsbok 0.050200 0.336500 0.145900 0.351100 0.150200 0.050000 0.112700 0.116100 0.170500 0.141100 0.049600 0.136200 0.049800 0.104500 0.139800 0.124000 0.204800 0.180800 0.069200 0.181800 0.107500 0.043600 0.182300 0.185700 0.044000 0.138000 0.031400 0.172200 0.105100 0.173200 0.158100 0.090300 0.198400 0.068500 0.000000 0.120000 0.056500 0.111100 0.123500 0.186300 0.150800 0.148300 0.171300 0.168600 0.120200 0.119400 0.095600 0.098200 0.089100 0.121400 0.165700 0.137700
Yak 0.091300 0.289100 0.109500 0.339700 0.152500 0.104900 0.114700 0.138700 0.107800 0.143900 0.117700 0.051600 0.132500 0.120900 0.142500 0.155300 0.169000 0.152700 0.139600 0.109600 0.151500 0.111600 0.177300 0.180800 0.112800 0.185100 0.113600 0.101300 0.151000 0.101900 0.137500 0.098700 0.185200 0.152300 0.120000 0.000000 0.125900 0.112900 0.169500 0.165600 0.160900 0.188500 0.150800 0.179100 0.012500 0.136200 0.139500 0.114000 0.104300 0.130400 0.095100 0.075700
BlueSheep 0.042900 0.322500 0.144100 0.346100 0.155700 0.043200 0.118600 0.121900 0.176100 0.161900 0.042700 0.142100 0.068600 0.124600 0.131100 0.116000 0.210500 0.186600 0.062000 0.187400 0.113100 0.036700 0.188000 0.191400 0.037200 0.115800 0.050300 0.177800 0.097300 0.178900 0.163900 0.102800 0.188800 0.074300 0.056500 0.125900 0.000000 0.116800 0.129200 0.176600 0.156700 0.139700 0.177000 0.189800 0.126100 0.110900 0.101400 0.104100 0.094800 0.105700 0.171400 0.143400
BohorReedb 0.096400 0.274500 0.145400 0.290700 0.036100 0.110300 0.120100 0.136900 0.149300 0.133400 0.122600 0.107400 0.123400 0.098000 0.147400 0.138700 0.159400 0.157300 0.144600 0.145000 0.149500 0.116700 0.174100 0.177300 0.118200 0.168000 0.104900 0.136200 0.134300 0.137000 0.150100 0.090400 0.176300 0.143300 0.111100 0.112900 0.116800 0.000000 0.152400 0.177600 0.158200 0.170800 0.156300 0.160600 0.106200 0.126400 0.137800 0.105300 0.095800 0.120700 0.129800 0.102800
KirksDik 0.102300 0.332800 0.180900 0.347900 0.192100 0.101900 0.132100 0.094000 0.220400 0.200000 0.121200 0.187100 0.135700 0.152700 0.138100 0.088100 0.241200 0.226200 0.121500 0.233200 0.048000 0.115400 0.180300 0.184200 0.109300 0.094900 0.117300 0.222600 0.069700 0.223900 0.202500 0.130000 0.233900 0.155400 0.123500 0.169500 0.129200 0.152400 0.000000 0.201400 0.179700 0.090000 0.215800 0.182600 0.154700 0.118300 0.061500 0.132200 0.135700 0.157000 0.200300 0.186700
RoeDeer 0.170000 0.320400 0.215400 0.382700 0.187500 0.169400 0.150800 0.176600 0.242100 0.071100 0.182500 0.199200 0.190300 0.157000 0.172300 0.194800 0.189700 0.135400 0.175600 0.230700 0.166100 0.176600 0.110000 0.070900 0.178400 0.209600 0.171600 0.235600 0.182500 0.237100 0.058300 0.148300 0.177000 0.195800 0.186300 0.165600 0.176600 0.177600 0.201400 0.000000 0.079000 0.197200 0.071100 0.083600 0.159600 0.188900 0.184700 0.180400 0.139200 0.121200 0.213000 0.198500
WhiteLippe 0.135200 0.299800 0.211000 0.342900 0.183700 0.134700 0.145800 0.155500 0.213400 0.045600 0.147800 0.178700 0.155400 0.152100 0.152300 0.173100 0.163100 0.123600 0.155600 0.210600 0.145700 0.141800 0.057700 0.072300 0.143200 0.187700 0.136500 0.215700 0.160700 0.217000 0.032700 0.143400 0.151200 0.176100 0.150800 0.160900 0.156700 0.158200 0.179700 0.079000 0.000000 0.184000 0.045600 0.057700 0.153800 0.175800 0.163500 0.160300 0.134300 0.109300 0.193300 0.178900
ThomsonGaz 0.126000 0.373800 0.215200 0.410800 0.211800 0.125500 0.142700 0.089200 0.250100 0.180300 0.131000 0.199200 0.153100 0.163900 0.170700 0.069900 0.255000 0.223000 0.145900 0.254400 0.062000 0.139500 0.161000 0.179900 0.133300 0.043600 0.134300 0.243200 0.064500 0.244600 0.182500 0.155100 0.263200 0.173400 0.148300 0.188500 0.139700 0.170800 0.090000 0.197200 0.184000 0.000000 0.180100 0.193600 0.173100 0.120600 0.069400 0.157500 0.138200 0.152300 0.229100 0.205900
MuntiacusC 0.155300 0.302900 0.215500 0.356200 0.181500 0.154800 0.150900 0.168800 0.226500 0.025400 0.152900 0.167600 0.175700 0.157300 0.172400 0.193700 0.152900 0.114400 0.175800 0.215000 0.165400 0.161800 0.076700 0.078000 0.163500 0.192500 0.156900 0.220200 0.181400 0.221400 0.012700 0.148500 0.170500 0.196500 0.171300 0.150800 0.177000 0.156300 0.215800 0.071100 0.045600 0.180100 0.000000 0.077400 0.143700 0.188900 0.168400 0.173800 0.125000 0.114800 0.197900 0.183700
WhiteTaile 0.168100 0.309600 0.212900 0.318100 0.185500 0.167500 0.163900 0.188500 0.231600 0.063900 0.180400 0.196800 0.172900 0.154800 0.170400 0.191400 0.165700 0.141900 0.188600 0.228200 0.163500 0.174400 0.089100 0.037800 0.176300 0.205800 0.154400 0.233300 0.179200 0.234600 0.064700 0.161300 0.168700 0.193200 0.168600 0.179100 0.189800 0.160600 0.182600 0.083600 0.057700 0.193600 0.077400 0.000000 0.172000 0.186600 0.181500 0.178500 0.152100 0.127700 0.210900 0.196600
Cattle 0.091400 0.281600 0.109700 0.332000 0.145800 0.105000 0.114800 0.124500 0.107900 0.136900 0.117900 0.051700 0.132600 0.121000 0.142600 0.140600 0.162000 0.145600 0.139700 0.109700 0.137300 0.111800 0.170300 0.173600 0.112900 0.170000 0.113700 0.101400 0.136100 0.101900 0.130500 0.098800 0.185300 0.152600 0.120200 0.012500 0.126100 0.106200 0.154700 0.159600 0.153800 0.173100 0.143700 0.172000 0.000000 0.136400 0.125200 0.114200 0.104400 0.123400 0.095100 0.075300
RoyalAntel 0.090600 0.330900 0.139900 0.345500 0.166200 0.090600 0.128500 0.139100 0.203100 0.173300 0.115800 0.153000 0.131900 0.134600 0.127000 0.112100 0.223400 0.199000 0.117200 0.199500 0.102100 0.110700 0.192600 0.172900 0.112300 0.133000 0.113100 0.189400 0.099800 0.190600 0.175500 0.112000 0.209000 0.151900 0.119400 0.136200 0.110900 0.126400 0.118300 0.188900 0.175800 0.120600 0.188900 0.186600 0.136400 0.000000 0.103900 0.099400 0.103800 0.115400 0.182800 0.154000
Steenbok 0.075300 0.338300 0.165100 0.328400 0.177100 0.075000 0.117700 0.067600 0.189600 0.168600 0.080600 0.156000 0.107700 0.138000 0.137700 0.061800 0.208900 0.193500 0.107600 0.201300 0.047900 0.074800 0.164700 0.168100 0.082000 0.048900 0.089500 0.191500 0.043500 0.192600 0.170600 0.115800 0.202200 0.113100 0.095600 0.139500 0.101400 0.137800 0.061500 0.184700 0.163500 0.069400 0.168400 0.181500 0.125200 0.103900 0.000000 0.089800 0.094200 0.127000 0.185000 0.142300
Impala 0.070400 0.337800 0.132400 0.317400 0.144600 0.083600 0.121200 0.116600 0.164800 0.165500 0.096300 0.123200 0.110500 0.127400 0.148800 0.118200 0.191900 0.190700 0.117300 0.176000 0.115500 0.076700 0.192000 0.180100 0.091200 0.146900 0.091900 0.166500 0.113400 0.167500 0.167500 0.105000 0.192500 0.130300 0.098200 0.114000 0.104100 0.105300 0.132200 0.180400 0.160300 0.157500 0.173800 0.178500 0.114200 0.099400 0.089800 0.000000 0.096900 0.130200 0.160000 0.117500
Klipspring 0.075400 0.305100 0.122300 0.312300 0.120100 0.075100 0.083600 0.128300 0.140100 0.125100 0.048700 0.105400 0.101100 0.089600 0.116900 0.136400 0.172000 0.148200 0.094400 0.135700 0.119400 0.081500 0.150600 0.153400 0.069200 0.135900 0.082900 0.141100 0.117600 0.141900 0.126500 0.069000 0.138800 0.106800 0.089100 0.104300 0.094800 0.095800 0.135700 0.139200 0.134300 0.138200 0.125000 0.152100 0.104400 0.103800 0.094200 0.096900 0.000000 0.105500 0.121000 0.108000
ForestMusk 0.092400 0.314700 0.142200 0.342700 0.160800 0.092100 0.130700 0.134000 0.190800 0.114900 0.119100 0.147100 0.133900 0.136900 0.136800 0.142900 0.147900 0.123400 0.126600 0.186900 0.139100 0.113000 0.133800 0.128800 0.114100 0.157400 0.115000 0.177000 0.130400 0.178100 0.101600 0.113900 0.150900 0.139600 0.121400 0.130400 0.105700 0.120700 0.157000 0.121200 0.109300 0.152300 0.114800 0.127700 0.123400 0.115400 0.127000 0.130200 0.105500 0.000000 0.170300 0.141500
Bushbuck 0.136000 0.303000 0.112200 0.318700 0.168700 0.149900 0.145900 0.184000 0.053300 0.191200 0.162600 0.095700 0.177900 0.137700 0.188900 0.201500 0.170500 0.169600 0.185100 0.023700 0.181700 0.156700 0.208800 0.212800 0.158200 0.225100 0.159400 0.041300 0.197900 0.029500 0.184900 0.115600 0.171600 0.198000 0.165700 0.095100 0.171400 0.129800 0.200300 0.213000 0.193300 0.229100 0.197900 0.210900 0.095100 0.182800 0.185000 0.160000 0.121000 0.170300 0.000000 0.041800
GreaterKud 0.109000 0.279500 0.093200 0.271000 0.141200 0.122500 0.132600 0.155900 0.059900 0.176900 0.135100 0.076200 0.149900 0.124500 0.160100 0.172600 0.157300 0.155600 0.156900 0.054600 0.168500 0.115100 0.194700 0.198400 0.130400 0.202300 0.131400 0.047700 0.168600 0.048000 0.170600 0.102700 0.144300 0.169600 0.137700 0.075700 0.143400 0.102800 0.186700 0.198500 0.178900 0.205900 0.183700 0.196600 0.075300 0.154000 0.142300 0.117500 0.108000 0.141500 0.041800 0.000000
