CODONML (in paml version 4.10.7, June 2023)  /home/rachel/ruminants_paml/6406-phy-tree/ENSBTAT00000006760.fasta.phy
Model: free dN/dS Ratios for branches,  kappa = 2.000 fixed

Codon frequency model: F3x4
ns =  54  ls = 168

Codon usage in sequences
--------------------------------------------------------------------------------------------------------------------------------------
Phe TTT   2   2   4   1   3   4 | Ser TCT   1   1   1   1   0   1 | Tyr TAT   3   0   3   3   2   2 | Cys TGT   1   0   1   1   1   1
    TTC   3   3   1   3   2   1 |     TCC   0   0   0   0   1   0 |     TAC   3   6   3   3   4   4 |     TGC   2   3   2   2   2   2
Leu TTA   0   0   0   0   0   0 |     TCA   2   2   2   2   3   2 | *** TAA   0   0   0   0   0   0 | *** TGA   0   0   0   0   0   0
    TTG   0   0   0   1   0   0 |     TCG   1   1   1   1   0   1 |     TAG   0   0   0   0   0   0 | Trp TGG   1   1   1   1   1   1
--------------------------------------------------------------------------------------------------------------------------------------
Leu CTT   2   1   2   2   2   2 | Pro CCT   0   0   0   1   0   0 | His CAT   1   0   1   1   1   1 | Arg CGT   2   1   2   2   0   1
    CTC   4   5   4   5   5   4 |     CCC   3   3   3   1   3   2 |     CAC   1   2   1   2   1   1 |     CGC   3   5   2   2   4   3
    CTA   0   0   0   0   1   1 |     CCA   0   0   0   0   1   0 | Gln CAA   1   0   1   1   0   1 |     CGA   4   1   4   4   3   3
    CTG   8   8   8   8   6   7 |     CCG   2   2   2   2   1   3 |     CAG   4   5   4   4   5   4 |     CGG   3   6   4   4   3   3
--------------------------------------------------------------------------------------------------------------------------------------
Ile ATT   5   2   4   5   3   4 | Thr ACT   4   2   4   5   2   4 | Asn AAT   3   0   3   2   3   2 | Ser AGT   1   1   1   2   1   1
    ATC   5   9   5   4   7   6 |     ACC   3   5   4   2   7   3 |     AAC   1   4   1   1   1   2 |     AGC   2   2   2   2   2   2
    ATA   2   0   3   2   2   2 |     ACA   3   0   4   3   3   4 | Lys AAA   2   1   2   3   2   2 | Arg AGA   1   0   1   1   3   2
Met ATG   2   2   2   3   2   2 |     ACG   2   5   0   1   0   1 |     AAG   8   9   8   7   8   8 |     AGG   3   3   3   3   3   4
--------------------------------------------------------------------------------------------------------------------------------------
Val GTT   4   2   4   4   5   4 | Ala GCT   6   2   5   5   3   5 | Asp GAT   8   2   8   7   4   4 | Gly GGT   4   2   4   4   3   5
    GTC   5   8   5   4   4   5 |     GCC   8  12   9  10   9   8 |     GAC   5  12   5   5   9   9 |     GGC   4   5   4   5   4   3
    GTA   0   0   0   0   0   0 |     GCA   2   1   2   2   1   2 | Glu GAA   6   4   6   6   4   6 |     GGA   1   2   1   1   1   1
    GTG   7   7   7   7   7   7 |     GCG   0   1   0   0   3   1 |     GAG   4   5   4   4   6   4 |     GGG   0   0   0   0   1   0
--------------------------------------------------------------------------------------------------------------------------------------

--------------------------------------------------------------------------------------------------------------------------------------
Phe TTT   3   2   3   3   4   3 | Ser TCT   1   1   1   1   1   1 | Tyr TAT   3   3   2   3   3   2 | Cys TGT   1   1   1   1   1   1
    TTC   2   3   2   2   1   2 |     TCC   0   0   0   0   0   0 |     TAC   3   3   4   3   3   4 |     TGC   2   2   2   2   2   2
Leu TTA   0   0   0   0   0   0 |     TCA   2   2   2   2   2   2 | *** TAA   0   0   0   0   0   0 | *** TGA   0   0   0   0   0   0
    TTG   0   0   0   0   0   0 |     TCG   1   1   1   1   1   1 |     TAG   0   0   0   0   0   0 | Trp TGG   1   1   1   1   1   1
--------------------------------------------------------------------------------------------------------------------------------------
Leu CTT   2   2   2   2   2   3 | Pro CCT   0   0   0   0   0   0 | His CAT   1   1   1   1   1   1 | Arg CGT   2   2   2   2   2   2
    CTC   4   4   4   4   4   3 |     CCC   3   3   3   3   3   3 |     CAC   1   1   1   1   1   1 |     CGC   3   3   3   3   2   2
    CTA   0   0   0   0   1   0 |     CCA   0   0   0   0   0   1 | Gln CAA   1   1   1   1   1   1 |     CGA   4   4   4   4   4   4
    CTG   8   8   8   8   7   8 |     CCG   2   2   2   2   2   1 |     CAG   4   4   4   4   4   4 |     CGG   3   3   3   3   4   4
--------------------------------------------------------------------------------------------------------------------------------------
Ile ATT   4   5   5   4   4   4 | Thr ACT   3   4   4   5   4   3 | Asn AAT   3   3   3   3   3   3 | Ser AGT   1   1   1   1   1   1
    ATC   6   5   5   6   5   6 |     ACC   4   3   3   3   4   5 |     AAC   1   1   1   1   1   1 |     AGC   2   2   2   2   2   2
    ATA   2   2   2   2   3   2 |     ACA   4   3   3   3   4   3 | Lys AAA   2   2   2   2   2   2 | Arg AGA   1   1   1   1   1   1
Met ATG   2   2   2   2   2   2 |     ACG   1   2   2   1   0   1 |     AAG   8   8   8   8   8   8 |     AGG   3   3   3   3   3   3
--------------------------------------------------------------------------------------------------------------------------------------
Val GTT   3   4   4   4   4   4 | Ala GCT   6   6   4   3   5   4 | Asp GAT   9   8   8  10   8   8 | Gly GGT   4   4   4   4   4   4
    GTC   5   5   5   5   5   5 |     GCC   8   8  10  10  10  10 |     GAC   4   5   5   3   5   5 |     GGC   4   4   4   4   4   4
    GTA   1   0   0   1   0   0 |     GCA   2   2   2   2   1   2 | Glu GAA   6   6   5   6   6   6 |     GGA   1   1   1   1   1   1
    GTG   7   7   7   6   7   7 |     GCG   0   0   0   1   0   0 |     GAG   4   4   5   4   4   4 |     GGG   0   0   0   0   0   0
--------------------------------------------------------------------------------------------------------------------------------------

--------------------------------------------------------------------------------------------------------------------------------------
Phe TTT   2   3   3   3   4   3 | Ser TCT   2   1   1   1   1   1 | Tyr TAT   3   4   3   2   3   3 | Cys TGT   1   1   1   1   1   1
    TTC   3   2   2   2   1   2 |     TCC   0   0   0   0   0   0 |     TAC   3   2   3   4   3   3 |     TGC   2   2   2   2   2   2
Leu TTA   0   0   0   0   0   0 |     TCA   2   2   2   2   2   2 | *** TAA   0   0   0   0   0   0 | *** TGA   0   0   0   0   0   0
    TTG   0   0   0   0   0   0 |     TCG   0   1   1   1   1   1 |     TAG   0   0   0   0   0   0 | Trp TGG   1   1   1   1   1   1
--------------------------------------------------------------------------------------------------------------------------------------
Leu CTT   2   2   2   2   2   2 | Pro CCT   1   1   1   0   1   0 | His CAT   1   1   1   1   1   1 | Arg CGT   2   2   2   2   2   2
    CTC   4   4   4   4   4   4 |     CCC   2   2   2   3   2   3 |     CAC   1   1   1   1   1   1 |     CGC   3   2   3   3   3   3
    CTA   0   0   0   0   0   0 |     CCA   0   0   1   0   0   1 | Gln CAA   1   1   1   1   1   1 |     CGA   4   4   4   3   4   4
    CTG   8   8   8   8   8   8 |     CCG   2   2   1   2   2   1 |     CAG   4   4   4   4   4   4 |     CGG   3   4   3   4   3   3
--------------------------------------------------------------------------------------------------------------------------------------
Ile ATT   5   4   4   4   6   4 | Thr ACT   4   4   4   4   4   4 | Asn AAT   3   3   2   3   3   3 | Ser AGT   1   1   1   1   1   1
    ATC   5   6   6   6   3   6 |     ACC   4   4   4   4   3   4 |     AAC   1   1   2   1   1   1 |     AGC   2   2   2   2   2   2
    ATA   2   2   2   2   3   2 |     ACA   3   3   3   3   3   3 | Lys AAA   2   2   2   2   2   2 | Arg AGA   1   1   1   1   1   1
Met ATG   2   2   2   2   2   2 |     ACG   1   1   1   1   2   1 |     AAG   8   8   8   8   8   8 |     AGG   3   3   3   3   3   3
--------------------------------------------------------------------------------------------------------------------------------------
Val GTT   4   5   4   4   4   4 | Ala GCT   5   5   4   4   4   3 | Asp GAT   8   9   8   8   8   9 | Gly GGT   4   4   4   4   4   4
    GTC   5   4   5   5   5   5 |     GCC   9   9  10  10  10  10 |     GAC   5   4   5   5   5   4 |     GGC   4   4   4   4   4   3
    GTA   0   0   0   0   0   0 |     GCA   2   2   2   2   2   2 | Glu GAA   6   6   6   6   6   6 |     GGA   1   1   1   1   1   2
    GTG   7   7   7   7   7   7 |     GCG   0   0   0   0   0   1 |     GAG   4   4   4   4   4   4 |     GGG   0   0   0   0   0   0
--------------------------------------------------------------------------------------------------------------------------------------

--------------------------------------------------------------------------------------------------------------------------------------
Phe TTT   3   3   2   4   3   2 | Ser TCT   0   1   1   1   1   1 | Tyr TAT   3   3   3   3   3   3 | Cys TGT   1   1   1   1   1   1
    TTC   2   2   3   1   2   3 |     TCC   0   0   0   0   0   0 |     TAC   3   3   3   3   3   3 |     TGC   2   2   2   2   2   2
Leu TTA   0   0   0   0   0   0 |     TCA   2   2   2   2   2   2 | *** TAA   0   0   0   0   0   0 | *** TGA   0   0   0   0   0   0
    TTG   0   0   0   0   0   0 |     TCG   2   1   1   1   1   1 |     TAG   0   0   0   0   0   0 | Trp TGG   1   1   1   1   1   1
--------------------------------------------------------------------------------------------------------------------------------------
Leu CTT   2   2   2   2   2   2 | Pro CCT   0   0   0   0   0   0 | His CAT   1   1   1   1   1   1 | Arg CGT   1   1   2   2   2   2
    CTC   4   4   4   4   4   4 |     CCC   3   3   3   3   3   3 |     CAC   1   1   1   1   1   1 |     CGC   3   3   4   2   3   3
    CTA   0   0   0   0   0   0 |     CCA   1   1   0   0   0   0 | Gln CAA   1   1   1   1   1   1 |     CGA   5   5   3   4   4   4
    CTG   8   8   8   8   8   8 |     CCG   1   1   2   2   2   2 |     CAG   4   4   4   4   4   4 |     CGG   3   3   3   4   3   3
--------------------------------------------------------------------------------------------------------------------------------------
Ile ATT   4   4   5   4   4   5 | Thr ACT   4   4   4   4   4   4 | Asn AAT   3   3   3   3   3   3 | Ser AGT   1   1   1   1   1   1
    ATC   6   6   5   5   6   5 |     ACC   4   4   4   4   4   3 |     AAC   1   1   1   1   1   1 |     AGC   2   2   2   2   2   2
    ATA   2   2   2   3   2   2 |     ACA   3   3   4   4   3   3 | Lys AAA   1   1   2   2   2   2 | Arg AGA   1   1   1   1   1   1
Met ATG   2   2   2   2   2   2 |     ACG   1   1   0   0   1   2 |     AAG   9   9   8   8   8   8 |     AGG   3   3   3   3   3   3
--------------------------------------------------------------------------------------------------------------------------------------
Val GTT   4   4   4   4   4   4 | Ala GCT   4   4   5   5   3   5 | Asp GAT   9   9   8   8   9   8 | Gly GGT   4   4   5   4   3   4
    GTC   5   5   5   5   5   5 |     GCC  10  10   9  10  10   9 |     GAC   4   4   5   5   4   5 |     GGC   4   4   3   4   4   4
    GTA   1   0   0   0   0   0 |     GCA   2   2   2   1   2   2 | Glu GAA   6   6   6   6   6   6 |     GGA   1   1   1   1   1   1
    GTG   6   7   7   7   7   7 |     GCG   0   0   0   0   1   0 |     GAG   4   4   4   4   4   4 |     GGG   0   0   0   0   1   0
--------------------------------------------------------------------------------------------------------------------------------------

--------------------------------------------------------------------------------------------------------------------------------------
Phe TTT   3   3   2   3   3   4 | Ser TCT   1   1   2   1   1   1 | Tyr TAT   2   2   3   3   3   3 | Cys TGT   1   1   1   1   1   1
    TTC   2   2   3   2   2   1 |     TCC   0   0   0   0   0   0 |     TAC   4   4   3   3   3   3 |     TGC   2   2   2   2   2   2
Leu TTA   0   0   0   0   0   0 |     TCA   2   2   2   2   2   2 | *** TAA   0   0   0   0   0   0 | *** TGA   0   0   0   0   0   0
    TTG   0   0   0   0   0   0 |     TCG   1   1   0   1   1   1 |     TAG   0   0   0   0   0   0 | Trp TGG   1   1   1   1   1   1
--------------------------------------------------------------------------------------------------------------------------------------
Leu CTT   3   3   2   2   2   2 | Pro CCT   0   0   1   0   1   0 | His CAT   1   1   1   1   1   1 | Arg CGT   2   2   2   2   2   2
    CTC   3   3   4   4   4   4 |     CCC   3   3   2   3   2   3 |     CAC   1   1   1   1   1   1 |     CGC   2   2   3   3   3   2
    CTA   0   0   0   0   0   0 |     CCA   1   1   0   1   1   0 | Gln CAA   1   1   1   1   1   1 |     CGA   4   4   4   4   4   4
    CTG   8   8   8   8   8   8 |     CCG   1   1   2   1   1   2 |     CAG   4   4   4   4   4   4 |     CGG   4   4   3   3   3   4
--------------------------------------------------------------------------------------------------------------------------------------
Ile ATT   4   4   5   4   4   4 | Thr ACT   3   4   3   4   4   4 | Asn AAT   3   3   3   3   2   3 | Ser AGT   1   1   1   1   1   1
    ATC   6   6   5   6   6   5 |     ACC   5   4   4   4   4   4 |     AAC   1   1   1   1   2   1 |     AGC   2   2   2   2   2   2
    ATA   2   2   2   2   2   3 |     ACA   3   3   3   3   3   4 | Lys AAA   2   2   2   2   2   2 | Arg AGA   1   1   1   1   1   1
Met ATG   2   2   2   2   2   2 |     ACG   1   1   2   1   1   0 |     AAG   8   8   8   8   8   8 |     AGG   3   3   3   3   3   3
--------------------------------------------------------------------------------------------------------------------------------------
Val GTT   4   4   4   4   4   4 | Ala GCT   4   4   5   3   4   5 | Asp GAT   8   9   8   9   8   8 | Gly GGT   4   4   4   4   4   4
    GTC   5   5   5   5   5   5 |     GCC  10  10   9  10  10  10 |     GAC   5   4   5   4   5   5 |     GGC   4   4   4   3   4   4
    GTA   0   0   0   0   0   0 |     GCA   2   1   2   2   2   1 | Glu GAA   6   6   6   6   6   6 |     GGA   1   1   1   2   1   1
    GTG   7   7   7   7   7   7 |     GCG   0   1   0   1   0   0 |     GAG   4   4   4   4   4   4 |     GGG   0   0   0   0   0   0
--------------------------------------------------------------------------------------------------------------------------------------

--------------------------------------------------------------------------------------------------------------------------------------
Phe TTT   3   4   3   3   3   3 | Ser TCT   1   1   1   1   1   1 | Tyr TAT   4   3   2   2   3   3 | Cys TGT   1   1   1   1   1   1
    TTC   2   1   2   2   2   2 |     TCC   0   0   0   0   0   0 |     TAC   2   3   4   4   3   3 |     TGC   2   2   2   2   2   2
Leu TTA   0   0   0   0   0   0 |     TCA   2   2   2   2   3   2 | *** TAA   0   0   0   0   0   0 | *** TGA   0   0   0   0   0   0
    TTG   0   0   0   0   0   0 |     TCG   1   1   1   1   0   1 |     TAG   0   0   0   0   0   0 | Trp TGG   1   1   1   1   1   1
--------------------------------------------------------------------------------------------------------------------------------------
Leu CTT   2   2   3   2   2   2 | Pro CCT   1   0   0   0   1   1 | His CAT   1   1   1   1   1   1 | Arg CGT   2   2   2   2   1   2
    CTC   4   4   3   4   4   4 |     CCC   3   3   3   3   2   2 |     CAC   1   1   1   1   1   1 |     CGC   3   2   2   3   3   3
    CTA   0   0   0   0   0   0 |     CCA   0   0   1   0   1   1 | Gln CAA   1   1   1   1   1   1 |     CGA   4   4   4   3   4   4
    CTG   8   8   8   8   8   8 |     CCG   1   2   1   2   1   1 |     CAG   4   4   4   4   4   4 |     CGG   3   4   4   4   4   3
--------------------------------------------------------------------------------------------------------------------------------------
Ile ATT   4   4   4   4   4   4 | Thr ACT   5   4   3   4   5   3 | Asn AAT   3   3   3   3   3   2 | Ser AGT   1   1   1   1   1   1
    ATC   6   5   6   6   6   6 |     ACC   3   4   5   4   3   4 |     AAC   1   1   1   1   1   2 |     AGC   2   2   2   2   2   2
    ATA   2   3   2   2   2   2 |     ACA   3   4   3   3   3   3 | Lys AAA   2   2   2   2   2   2 | Arg AGA   1   1   1   1   1   1
Met ATG   2   2   2   2   2   2 |     ACG   1   0   1   1   1   2 |     AAG   7   8   8   8   8   8 |     AGG   4   3   3   3   3   3
--------------------------------------------------------------------------------------------------------------------------------------
Val GTT   5   4   4   4   4   4 | Ala GCT   4   5   4   4   5   4 | Asp GAT   9   8   8   8   8   8 | Gly GGT   4   4   4   4   4   4
    GTC   4   5   5   5   5   5 |     GCC   9  10  10  10   9  10 |     GAC   4   5   5   5   5   5 |     GGC   3   4   4   4   4   4
    GTA   0   0   0   0   0   0 |     GCA   2   1   2   2   2   2 | Glu GAA   6   6   6   6   6   6 |     GGA   2   1   1   1   1   1
    GTG   7   7   7   7   7   7 |     GCG   1   0   0   0   0   0 |     GAG   4   4   4   4   4   4 |     GGG   0   0   0   0   0   0
--------------------------------------------------------------------------------------------------------------------------------------

--------------------------------------------------------------------------------------------------------------------------------------
Phe TTT   4   3   2   3   4   4 | Ser TCT   1   1   1   1   1   1 | Tyr TAT   3   3   3   2   4   2 | Cys TGT   1   1   1   1   1   1
    TTC   1   2   3   2   1   1 |     TCC   0   0   0   0   0   0 |     TAC   3   3   3   4   2   4 |     TGC   2   2   2   2   2   2
Leu TTA   0   0   0   0   0   0 |     TCA   3   2   2   2   2   2 | *** TAA   0   0   0   0   0   0 | *** TGA   0   0   0   0   0   0
    TTG   0   0   0   0   0   0 |     TCG   0   1   1   1   1   1 |     TAG   0   0   0   0   0   0 | Trp TGG   1   1   1   1   1   1
--------------------------------------------------------------------------------------------------------------------------------------
Leu CTT   2   2   2   2   3   3 | Pro CCT   1   0   1   0   0   0 | His CAT   1   1   1   1   1   1 | Arg CGT   2   2   2   2   3   2
    CTC   4   4   4   4   3   3 |     CCC   2   3   2   3   3   3 |     CAC   1   1   1   1   1   1 |     CGC   3   2   3   3   3   2
    CTA   0   0   0   0   0   0 |     CCA   0   1   0   0   0   1 | Gln CAA   2   1   1   1   1   1 |     CGA   4   4   4   4   3   4
    CTG   8   8   8   8   8   8 |     CCG   2   1   2   2   2   1 |     CAG   3   4   4   4   4   4 |     CGG   3   4   3   3   3   4
--------------------------------------------------------------------------------------------------------------------------------------
Ile ATT   4   4   5   4   4   4 | Thr ACT   5   4   3   3   6   3 | Asn AAT   2   3   3   3   3   3 | Ser AGT   1   1   1   1   1   1
    ATC   6   6   5   6   6   6 |     ACC   3   4   4   4   2   5 |     AAC   2   1   1   1   1   1 |     AGC   2   2   2   2   2   2
    ATA   2   2   2   2   2   2 |     ACA   3   3   3   4   3   3 | Lys AAA   2   2   2   2   2   2 | Arg AGA   1   1   1   1   1   1
Met ATG   2   2   2   2   2   2 |     ACG   1   1   2   1   1   1 |     AAG   8   8   8   8   8   8 |     AGG   3   3   3   3   3   3
--------------------------------------------------------------------------------------------------------------------------------------
Val GTT   4   4   4   3   4   4 | Ala GCT   4   3   5   6   3   4 | Asp GAT   8   8   8   9   9   8 | Gly GGT   4   4   4   4   4   4
    GTC   5   5   5   5   5   5 |     GCC  10  10   9   8  10  10 |     GAC   5   5   5   4   4   5 |     GGC   4   4   4   4   4   4
    GTA   0   0   0   1   0   0 |     GCA   2   2   2   2   2   2 | Glu GAA   6   6   6   6   6   6 |     GGA   1   1   1   1   1   1
    GTG   7   7   7   7   7   7 |     GCG   0   1   0   0   1   0 |     GAG   4   4   4   4   4   4 |     GGG   0   0   0   0   0   0
--------------------------------------------------------------------------------------------------------------------------------------

--------------------------------------------------------------------------------------------------------------------------------------
Phe TTT   3   3   3   3   3   3 | Ser TCT   1   1   1   1   1   1 | Tyr TAT   2   3   2   2   3   3 | Cys TGT   1   1   1   1   1   1
    TTC   2   2   2   2   2   2 |     TCC   0   0   0   0   0   0 |     TAC   4   3   4   4   3   3 |     TGC   2   2   2   2   2   2
Leu TTA   0   0   0   0   0   0 |     TCA   2   2   3   2   2   2 | *** TAA   0   0   0   0   0   0 | *** TGA   0   0   0   0   0   0
    TTG   0   0   0   0   0   0 |     TCG   1   1   0   1   1   1 |     TAG   0   0   0   0   0   0 | Trp TGG   1   1   1   1   1   1
--------------------------------------------------------------------------------------------------------------------------------------
Leu CTT   3   2   3   3   2   1 | Pro CCT   0   0   0   0   0   0 | His CAT   1   1   1   1   1   1 | Arg CGT   2   2   2   2   2   2
    CTC   3   4   3   3   4   5 |     CCC   3   3   3   3   3   3 |     CAC   1   1   1   1   1   1 |     CGC   2   3   2   2   2   3
    CTA   0   0   0   0   0   0 |     CCA   1   0   1   1   1   0 | Gln CAA   1   1   1   1   1   1 |     CGA   4   4   4   4   4   4
    CTG   8   8   8   8   8   8 |     CCG   1   2   1   1   1   2 |     CAG   4   4   4   4   4   4 |     CGG   4   3   4   4   4   3
--------------------------------------------------------------------------------------------------------------------------------------
Ile ATT   4   4   4   4   4   4 | Thr ACT   3   4   3   4   4   4 | Asn AAT   3   3   3   3   2   3 | Ser AGT   1   1   1   1   1   1
    ATC   6   6   6   6   6   6 |     ACC   5   4   5   4   4   4 |     AAC   1   1   1   1   2   1 |     AGC   2   2   2   2   2   2
    ATA   2   2   2   2   2   2 |     ACA   3   3   3   3   3   3 | Lys AAA   2   2   2   2   2   2 | Arg AGA   1   1   1   1   1   1
Met ATG   2   2   2   2   2   2 |     ACG   1   1   1   1   1   1 |     AAG   8   8   8   8   8   8 |     AGG   3   3   3   3   3   3
--------------------------------------------------------------------------------------------------------------------------------------
Val GTT   4   4   4   4   4   4 | Ala GCT   4   3   4   4   2   6 | Asp GAT   8   9   8   8   8   8 | Gly GGT   4   4   4   4   4   4
    GTC   5   5   5   5   5   5 |     GCC  10  10  10  10  11   8 |     GAC   5   4   5   5   5   5 |     GGC   4   3   4   4   4   4
    GTA   0   0   0   0   0   0 |     GCA   2   2   2   1   2   2 | Glu GAA   6   5   6   6   6   6 |     GGA   1   2   1   1   1   1
    GTG   7   7   7   7   7   7 |     GCG   0   1   0   1   1   0 |     GAG   4   5   4   4   4   4 |     GGG   0   0   0   0   0   0
--------------------------------------------------------------------------------------------------------------------------------------

--------------------------------------------------------------------------------------------------------------------------------------
Phe TTT   3   3   3   3   4   4 | Ser TCT   1   1   1   1   1   1 | Tyr TAT   4   2   3   3   3   3 | Cys TGT   1   1   1   1   1   1
    TTC   2   2   2   2   1   1 |     TCC   0   0   0   0   0   0 |     TAC   2   4   3   3   3   3 |     TGC   2   2   2   2   2   2
Leu TTA   0   0   0   0   0   0 |     TCA   2   2   2   3   2   2 | *** TAA   0   0   0   0   0   0 | *** TGA   0   0   0   0   0   0
    TTG   0   0   1   0   0   0 |     TCG   1   1   1   0   1   1 |     TAG   0   0   0   0   0   0 | Trp TGG   1   1   1   1   1   1
--------------------------------------------------------------------------------------------------------------------------------------
Leu CTT   2   1   3   2   2   2 | Pro CCT   0   1   0   1   0   0 | His CAT   1   1   1   1   1   1 | Arg CGT   2   2   3   2   2   2
    CTC   4   5   3   4   4   4 |     CCC   3   2   3   2   3   3 |     CAC   1   1   1   1   1   1 |     CGC   3   3   2   2   2   2
    CTA   0   0   0   0   0   0 |     CCA   0   1   0   0   0   0 | Gln CAA   1   1   1   1   1   1 |     CGA   4   4   4   4   4   4
    CTG   8   8   7   8   8   8 |     CCG   2   1   2   2   2   2 |     CAG   4   4   4   4   4   4 |     CGG   3   3   3   3   4   4
--------------------------------------------------------------------------------------------------------------------------------------
Ile ATT   4   5   4   5   4   4 | Thr ACT   4   4   4   5   4   4 | Asn AAT   3   3   3   3   3   3 | Ser AGT   1   1   1   1   1   1
    ATC   6   5   6   5   5   5 |     ACC   4   4   4   3   4   4 |     AAC   1   1   1   1   1   1 |     AGC   2   2   2   2   2   2
    ATA   2   2   2   2   3   3 |     ACA   3   3   3   3   4   4 | Lys AAA   2   2   2   3   2   2 | Arg AGA   1   1   1   1   1   1
Met ATG   2   2   2   2   2   2 |     ACG   1   1   1   1   0   0 |     AAG   8   8   8   7   8   8 |     AGG   3   3   3   4   3   3
--------------------------------------------------------------------------------------------------------------------------------------
Val GTT   4   4   4   4   5   4 | Ala GCT   2   4   3   5   5   5 | Asp GAT   9   8   9   7   8   8 | Gly GGT   4   4   4   4   4   4
    GTC   5   5   5   5   4   5 |     GCC  11  10  11   9  10  10 |     GAC   4   5   4   6   5   5 |     GGC   4   4   4   4   4   4
    GTA   0   0   0   0   0   0 |     GCA   2   2   2   2   1   1 | Glu GAA   6   6   6   7   6   6 |     GGA   1   1   1   1   1   1
    GTG   7   7   7   7   7   7 |     GCG   1   0   0   0   0   0 |     GAG   4   4   4   3   4   4 |     GGG   0   0   0   0   0   0
--------------------------------------------------------------------------------------------------------------------------------------

Codon position x base (3x4) table for each sequence.

#1: Argali         
position  1:    T:0.11310    C:0.22619    A:0.27976    G:0.38095
position  2:    T:0.29167    C:0.22024    A:0.29762    G:0.19048
position  3:    T:0.27976    C:0.30952    A:0.14286    G:0.26786
Average         T:0.22817    C:0.25198    A:0.24008    G:0.27976

#2: LesserMouseDeer
position  1:    T:0.11310    C:0.23214    A:0.26786    G:0.38690
position  2:    T:0.29167    C:0.22024    A:0.29762    G:0.19048
position  3:    T:0.10714    C:0.50000    A:0.06548    G:0.32738
Average         T:0.17063    C:0.31746    A:0.21032    G:0.30159

#3: LesserKudu     
position  1:    T:0.11310    C:0.22619    A:0.27976    G:0.38095
position  2:    T:0.29167    C:0.22024    A:0.29762    G:0.19048
position  3:    T:0.27976    C:0.30357    A:0.15476    G:0.26190
Average         T:0.22817    C:0.25000    A:0.24405    G:0.27778

#4: ForestMuskDeer2
position  1:    T:0.11310    C:0.23214    A:0.27381    G:0.38095
position  2:    T:0.29167    C:0.21429    A:0.29167    G:0.20238
position  3:    T:0.27381    C:0.30357    A:0.14881    G:0.27381
Average         T:0.22619    C:0.25000    A:0.23810    G:0.28571

#5: Camel          
position  1:    T:0.11310    C:0.21429    A:0.29167    G:0.38095
position  2:    T:0.29167    C:0.22024    A:0.29762    G:0.19048
position  3:    T:0.19643    C:0.38690    A:0.14286    G:0.27381
Average         T:0.20040    C:0.27381    A:0.24405    G:0.28175

#6: KillerWhale    
position  1:    T:0.11310    C:0.21429    A:0.29167    G:0.38095
position  2:    T:0.29167    C:0.22024    A:0.29762    G:0.19048
position  3:    T:0.24405    C:0.32738    A:0.15476    G:0.27381
Average         T:0.21627    C:0.25397    A:0.24802    G:0.28175

#7: DefassaWaterbuck
position  1:    T:0.11310    C:0.22619    A:0.27976    G:0.38095
position  2:    T:0.29167    C:0.22024    A:0.29762    G:0.19048
position  3:    T:0.27381    C:0.30952    A:0.15476    G:0.26190
Average         T:0.22619    C:0.25198    A:0.24405    G:0.27778

#8: Sheep          
position  1:    T:0.11310    C:0.22619    A:0.27976    G:0.38095
position  2:    T:0.29167    C:0.22024    A:0.29762    G:0.19048
position  3:    T:0.27976    C:0.30952    A:0.14286    G:0.26786
Average         T:0.22817    C:0.25198    A:0.24008    G:0.27976

#9: MaxwellsDuiker 
position  1:    T:0.11310    C:0.22619    A:0.27976    G:0.38095
position  2:    T:0.29167    C:0.22024    A:0.29762    G:0.19048
position  3:    T:0.26786    C:0.32143    A:0.13690    G:0.27381
Average         T:0.22421    C:0.25595    A:0.23810    G:0.28175

#10: GazellaPrzewalskyi
position  1:    T:0.11310    C:0.22619    A:0.27976    G:0.38095
position  2:    T:0.29167    C:0.22024    A:0.29762    G:0.19048
position  3:    T:0.27976    C:0.30952    A:0.14881    G:0.26190
Average         T:0.22817    C:0.25198    A:0.24206    G:0.27778

#11: MountainNyala  
position  1:    T:0.11310    C:0.22619    A:0.27976    G:0.38095
position  2:    T:0.29167    C:0.22024    A:0.29762    G:0.19048
position  3:    T:0.27976    C:0.30952    A:0.15476    G:0.25595
Average         T:0.22817    C:0.25198    A:0.24405    G:0.27579

#12: MuntiacusMuntjak
position  1:    T:0.11310    C:0.22619    A:0.27976    G:0.38095
position  2:    T:0.29167    C:0.22024    A:0.29762    G:0.19048
position  3:    T:0.26190    C:0.32738    A:0.14881    G:0.26190
Average         T:0.22222    C:0.25794    A:0.24206    G:0.27778

#13: goat           
position  1:    T:0.11310    C:0.22619    A:0.27976    G:0.38095
position  2:    T:0.29167    C:0.22024    A:0.29762    G:0.19048
position  3:    T:0.28571    C:0.31548    A:0.14286    G:0.25595
Average         T:0.23016    C:0.25397    A:0.24008    G:0.27579

#14: AfricanBuffalo 
position  1:    T:0.11310    C:0.22619    A:0.27976    G:0.38095
position  2:    T:0.29167    C:0.22024    A:0.29762    G:0.19048
position  3:    T:0.29762    C:0.29167    A:0.14286    G:0.26786
Average         T:0.23413    C:0.24603    A:0.24008    G:0.27976

#15: Topi           
position  1:    T:0.11310    C:0.22619    A:0.27976    G:0.38095
position  2:    T:0.29167    C:0.22024    A:0.29762    G:0.19048
position  3:    T:0.26786    C:0.32738    A:0.14881    G:0.25595
Average         T:0.22421    C:0.25794    A:0.24206    G:0.27579

#16: CommonDuiker   
position  1:    T:0.11310    C:0.22619    A:0.27976    G:0.38095
position  2:    T:0.29167    C:0.22024    A:0.29762    G:0.19048
position  3:    T:0.26190    C:0.33333    A:0.13690    G:0.26786
Average         T:0.22222    C:0.25992    A:0.23810    G:0.27976

#17: Suni           
position  1:    T:0.11310    C:0.22619    A:0.27976    G:0.38095
position  2:    T:0.29167    C:0.22024    A:0.29762    G:0.19048
position  3:    T:0.29167    C:0.29167    A:0.14881    G:0.26786
Average         T:0.23214    C:0.24603    A:0.24206    G:0.27976

#18: Springbuck     
position  1:    T:0.11310    C:0.22619    A:0.27976    G:0.38095
position  2:    T:0.29167    C:0.22024    A:0.29762    G:0.19048
position  3:    T:0.26786    C:0.31548    A:0.15476    G:0.26190
Average         T:0.22421    C:0.25397    A:0.24405    G:0.27778

#19: Okapi          
position  1:    T:0.11310    C:0.22619    A:0.27976    G:0.38095
position  2:    T:0.29167    C:0.22024    A:0.29762    G:0.19048
position  3:    T:0.26190    C:0.32143    A:0.15476    G:0.26190
Average         T:0.22222    C:0.25595    A:0.24405    G:0.27778

#20: Giraffe        
position  1:    T:0.11310    C:0.22619    A:0.27976    G:0.38095
position  2:    T:0.29167    C:0.22024    A:0.29762    G:0.19048
position  3:    T:0.26786    C:0.32143    A:0.14881    G:0.26190
Average         T:0.22421    C:0.25595    A:0.24206    G:0.27778

#21: TibetanAntelope
position  1:    T:0.11310    C:0.22619    A:0.27976    G:0.38095
position  2:    T:0.29167    C:0.22024    A:0.29762    G:0.19048
position  3:    T:0.27976    C:0.32143    A:0.14286    G:0.25595
Average         T:0.22817    C:0.25595    A:0.24008    G:0.27579

#22: Sitatunga      
position  1:    T:0.11310    C:0.22619    A:0.27976    G:0.38095
position  2:    T:0.29167    C:0.22024    A:0.29762    G:0.19048
position  3:    T:0.27976    C:0.30952    A:0.14881    G:0.26190
Average         T:0.22817    C:0.25198    A:0.24206    G:0.27778

#23: Oribi          
position  1:    T:0.11310    C:0.22619    A:0.27976    G:0.38095
position  2:    T:0.29167    C:0.22024    A:0.29762    G:0.19048
position  3:    T:0.26190    C:0.32143    A:0.14286    G:0.27381
Average         T:0.22222    C:0.25595    A:0.24008    G:0.28175

#24: BarbarySheep   
position  1:    T:0.11310    C:0.22619    A:0.27976    G:0.38095
position  2:    T:0.29167    C:0.22024    A:0.29762    G:0.19048
position  3:    T:0.27381    C:0.31548    A:0.14286    G:0.26786
Average         T:0.22619    C:0.25397    A:0.24008    G:0.27976

#25: Daviddeer      
position  1:    T:0.11310    C:0.22619    A:0.27976    G:0.38095
position  2:    T:0.29167    C:0.22024    A:0.29762    G:0.19048
position  3:    T:0.26190    C:0.32738    A:0.14881    G:0.26190
Average         T:0.22222    C:0.25794    A:0.24206    G:0.27778

#26: Reindeer       
position  1:    T:0.11310    C:0.22619    A:0.27976    G:0.38095
position  2:    T:0.29167    C:0.22024    A:0.29762    G:0.19048
position  3:    T:0.27381    C:0.31548    A:0.14286    G:0.26786
Average         T:0.22619    C:0.25397    A:0.24008    G:0.27976

#27: Ibex           
position  1:    T:0.11310    C:0.22619    A:0.27976    G:0.38095
position  2:    T:0.29167    C:0.22024    A:0.29762    G:0.19048
position  3:    T:0.27976    C:0.31548    A:0.14286    G:0.26190
Average         T:0.22817    C:0.25397    A:0.24008    G:0.27778

#28: GyrantGazelle  
position  1:    T:0.11310    C:0.22619    A:0.27976    G:0.38095
position  2:    T:0.29167    C:0.22024    A:0.29762    G:0.19048
position  3:    T:0.26786    C:0.31548    A:0.15476    G:0.26190
Average         T:0.22421    C:0.25397    A:0.24405    G:0.27778

#29: Hartebeest     
position  1:    T:0.11310    C:0.22619    A:0.27976    G:0.38095
position  2:    T:0.29167    C:0.22024    A:0.29762    G:0.19048
position  3:    T:0.26786    C:0.32738    A:0.14881    G:0.25595
Average         T:0.22421    C:0.25794    A:0.24206    G:0.27579

#30: Bongo          
position  1:    T:0.11310    C:0.22619    A:0.27976    G:0.38095
position  2:    T:0.29167    C:0.22024    A:0.29762    G:0.19048
position  3:    T:0.27976    C:0.30952    A:0.14881    G:0.26190
Average         T:0.22817    C:0.25198    A:0.24206    G:0.27778

#31: Gerenuk        
position  1:    T:0.11310    C:0.22619    A:0.27976    G:0.38095
position  2:    T:0.29167    C:0.22024    A:0.29167    G:0.19643
position  3:    T:0.29762    C:0.29167    A:0.14881    G:0.26190
Average         T:0.23413    C:0.24603    A:0.24008    G:0.27976

#32: CommonEland    
position  1:    T:0.11310    C:0.22619    A:0.27976    G:0.38095
position  2:    T:0.29167    C:0.22024    A:0.29762    G:0.19048
position  3:    T:0.27976    C:0.30952    A:0.14881    G:0.26190
Average         T:0.22817    C:0.25198    A:0.24206    G:0.27778

#33: MuntiacusReevesi
position  1:    T:0.11310    C:0.22619    A:0.27976    G:0.38095
position  2:    T:0.29167    C:0.22024    A:0.29762    G:0.19048
position  3:    T:0.26190    C:0.32738    A:0.14881    G:0.26190
Average         T:0.22222    C:0.25794    A:0.24206    G:0.27778

#34: HarveysDuiker  
position  1:    T:0.11310    C:0.22619    A:0.27976    G:0.38095
position  2:    T:0.29167    C:0.22024    A:0.29762    G:0.19048
position  3:    T:0.26190    C:0.33333    A:0.13690    G:0.26786
Average         T:0.22222    C:0.25992    A:0.23810    G:0.27976

#35: Pronghorn      
position  1:    T:0.11310    C:0.22619    A:0.27976    G:0.38095
position  2:    T:0.29167    C:0.22024    A:0.29762    G:0.19048
position  3:    T:0.27976    C:0.30952    A:0.15476    G:0.25595
Average         T:0.22817    C:0.25198    A:0.24405    G:0.27579

#36: BlueWildebeest 
position  1:    T:0.11310    C:0.22619    A:0.27976    G:0.38095
position  2:    T:0.29167    C:0.22024    A:0.29762    G:0.19048
position  3:    T:0.26190    C:0.32738    A:0.14881    G:0.26190
Average         T:0.22222    C:0.25794    A:0.24206    G:0.27778

#37: Gemsbok        
position  1:    T:0.11310    C:0.22619    A:0.27976    G:0.38095
position  2:    T:0.29167    C:0.22024    A:0.29762    G:0.19048
position  3:    T:0.27976    C:0.31548    A:0.15476    G:0.25000
Average         T:0.22817    C:0.25397    A:0.24405    G:0.27381

#38: Yak            
position  1:    T:0.11310    C:0.22619    A:0.27976    G:0.38095
position  2:    T:0.29167    C:0.22024    A:0.29762    G:0.19048
position  3:    T:0.26190    C:0.32143    A:0.14881    G:0.26786
Average         T:0.22222    C:0.25595    A:0.24206    G:0.27976

#39: BlueSheep      
position  1:    T:0.11310    C:0.22619    A:0.27976    G:0.38095
position  2:    T:0.29167    C:0.22024    A:0.29762    G:0.19048
position  3:    T:0.27381    C:0.31548    A:0.14286    G:0.26786
Average         T:0.22619    C:0.25397    A:0.24008    G:0.27976

#40: BohorReedbuck  
position  1:    T:0.11310    C:0.22619    A:0.27976    G:0.38095
position  2:    T:0.29167    C:0.22024    A:0.29762    G:0.19048
position  3:    T:0.26786    C:0.31548    A:0.15476    G:0.26190
Average         T:0.22421    C:0.25397    A:0.24405    G:0.27778

#41: KirksDik       
position  1:    T:0.11310    C:0.22619    A:0.27976    G:0.38095
position  2:    T:0.29167    C:0.22024    A:0.29762    G:0.19048
position  3:    T:0.30357    C:0.29167    A:0.13690    G:0.26786
Average         T:0.23611    C:0.24603    A:0.23810    G:0.27976

#42: RoeDeer        
position  1:    T:0.11310    C:0.22619    A:0.27976    G:0.38095
position  2:    T:0.29167    C:0.22024    A:0.29762    G:0.19048
position  3:    T:0.26786    C:0.32143    A:0.14881    G:0.26190
Average         T:0.22421    C:0.25595    A:0.24206    G:0.27778

#43: WhiteLippedDeer
position  1:    T:0.11310    C:0.22619    A:0.27976    G:0.38095
position  2:    T:0.29167    C:0.22024    A:0.29762    G:0.19048
position  3:    T:0.26190    C:0.32738    A:0.14881    G:0.26190
Average         T:0.22222    C:0.25794    A:0.24206    G:0.27778

#44: ThomsonGazelle 
position  1:    T:0.11310    C:0.22619    A:0.27976    G:0.38095
position  2:    T:0.29167    C:0.22024    A:0.29762    G:0.19048
position  3:    T:0.26786    C:0.31548    A:0.14286    G:0.27381
Average         T:0.22421    C:0.25397    A:0.24008    G:0.28175

#45: MuntiacusCrinifrons
position  1:    T:0.11310    C:0.22619    A:0.27976    G:0.38095
position  2:    T:0.29167    C:0.22024    A:0.29762    G:0.19048
position  3:    T:0.26190    C:0.32738    A:0.15476    G:0.25595
Average         T:0.22222    C:0.25794    A:0.24405    G:0.27579

#46: WhiteTailedDeer
position  1:    T:0.11310    C:0.22619    A:0.27976    G:0.38095
position  2:    T:0.29167    C:0.22024    A:0.29762    G:0.19048
position  3:    T:0.26786    C:0.32143    A:0.14286    G:0.26786
Average         T:0.22421    C:0.25595    A:0.24008    G:0.27976

#47: Cattle         
position  1:    T:0.11310    C:0.22619    A:0.27976    G:0.38095
position  2:    T:0.29167    C:0.22024    A:0.29762    G:0.19048
position  3:    T:0.25000    C:0.33333    A:0.14881    G:0.26786
Average         T:0.21825    C:0.25992    A:0.24206    G:0.27976

#48: RoyalAntelope  
position  1:    T:0.11310    C:0.22619    A:0.27976    G:0.38095
position  2:    T:0.29167    C:0.22024    A:0.29762    G:0.19048
position  3:    T:0.27381    C:0.32143    A:0.14286    G:0.26190
Average         T:0.22619    C:0.25595    A:0.24008    G:0.27778

#49: Steenbok       
position  1:    T:0.11310    C:0.22619    A:0.27976    G:0.38095
position  2:    T:0.29167    C:0.22024    A:0.29762    G:0.19048
position  3:    T:0.26786    C:0.32143    A:0.14286    G:0.26786
Average         T:0.22421    C:0.25595    A:0.24008    G:0.27976

#50: Impala         
position  1:    T:0.11310    C:0.22619    A:0.27976    G:0.38095
position  2:    T:0.29167    C:0.22024    A:0.29762    G:0.19048
position  3:    T:0.26786    C:0.32738    A:0.14881    G:0.25595
Average         T:0.22421    C:0.25794    A:0.24206    G:0.27579

#51: Klipspringer   
position  1:    T:0.11905    C:0.22024    A:0.27976    G:0.38095
position  2:    T:0.29167    C:0.22024    A:0.29762    G:0.19048
