1
52 1
Argali 0.000000 0.151300 0.023700 0.140000 0.031900 0.007800 0.019700 0.039800 0.027800 0.044300 0.015800 0.023700 0.036100 0.027800 0.057100 0.044600 0.036200 0.040100 0.023700 0.027900 0.031800 0.007800 0.040300 0.028200 0.019700 0.052400 0.027800 0.019700 0.031800 0.027800 0.044400 0.027800 0.065900 0.031900 0.019700 0.044200 0.015800 0.031700 0.044200 0.044800 0.040300 0.044100 0.044300 0.036400 0.044400 0.032100 0.061500 0.040600 0.023800 0.052700 0.027800 0.027700
LesserMous 0.151300 0.000000 0.146800 0.185000 0.147600 0.161800 0.137200 0.161500 0.147200 0.147200 0.156500 0.141800 0.143000 0.137500 0.184800 0.164400 0.143700 0.147400 0.151900 0.148000 0.152100 0.146100 0.153600 0.141600 0.161800 0.172700 0.147700 0.141700 0.152100 0.146800 0.147700 0.142000 0.207900 0.153000 0.146700 0.167700 0.146200 0.151500 0.152600 0.156400 0.153100 0.162300 0.147300 0.147700 0.163800 0.153700 0.163800 0.170700 0.137500 0.189100 0.147100 0.146800
LesserKudu 0.023700 0.146800 0.000000 0.135600 0.032100 0.031800 0.011800 0.031800 0.011800 0.044500 0.023700 0.015800 0.028000 0.019800 0.057400 0.036400 0.036400 0.040300 0.023800 0.011900 0.023800 0.015700 0.040500 0.027900 0.027800 0.044300 0.019900 0.011800 0.023800 0.011800 0.044600 0.019800 0.066000 0.023900 0.019800 0.036100 0.015700 0.023800 0.044400 0.044200 0.040400 0.036000 0.044500 0.036200 0.036300 0.024000 0.053200 0.049100 0.015900 0.061400 0.011800 0.011800
KillerWhal 0.140000 0.185000 0.135600 0.000000 0.151200 0.140000 0.131300 0.144700 0.141100 0.145800 0.135300 0.135800 0.151500 0.131600 0.188000 0.152000 0.118300 0.122100 0.145500 0.141700 0.135600 0.135100 0.142100 0.126100 0.140100 0.150400 0.141300 0.135800 0.135600 0.140700 0.146200 0.140900 0.177500 0.136500 0.140500 0.150800 0.135100 0.145200 0.145800 0.145200 0.141700 0.150300 0.145800 0.136600 0.146800 0.141800 0.172300 0.162900 0.131600 0.181500 0.140800 0.140700
DefassaWat 0.031900 0.147600 0.032100 0.151200 0.000000 0.040100 0.019900 0.040100 0.028000 0.057400 0.040200 0.023900 0.036300 0.028000 0.061500 0.045000 0.044900 0.048800 0.032000 0.028200 0.032500 0.032200 0.057700 0.044500 0.040200 0.052800 0.028100 0.019800 0.032000 0.024000 0.061700 0.028000 0.075100 0.032200 0.027900 0.040400 0.031900 0.023900 0.044500 0.061300 0.057600 0.045000 0.061600 0.053200 0.044800 0.040700 0.053100 0.049300 0.024000 0.070200 0.028000 0.027900
Sheep 0.007800 0.161800 0.031800 0.140000 0.040100 0.000000 0.027800 0.048100 0.036000 0.044300 0.015700 0.032200 0.044400 0.036000 0.065700 0.053000 0.036200 0.040100 0.023700 0.036200 0.040000 0.015700 0.040300 0.027800 0.019700 0.060900 0.036000 0.027700 0.040000 0.036000 0.044400 0.035900 0.065900 0.040200 0.027700 0.052500 0.023600 0.039900 0.052500 0.044000 0.040300 0.052400 0.044300 0.036100 0.052800 0.040300 0.070100 0.040600 0.032000 0.061200 0.035900 0.027700
MaxwellsDu 0.019700 0.137200 0.011800 0.131300 0.019900 0.027800 0.000000 0.019800 0.007900 0.040800 0.019700 0.004000 0.015900 0.008000 0.044700 0.024100 0.032300 0.036200 0.011900 0.007900 0.011800 0.011800 0.037100 0.023800 0.023800 0.031900 0.007900 0.007900 0.011800 0.007900 0.040500 0.008000 0.053300 0.011900 0.007900 0.023900 0.011800 0.011900 0.032000 0.040100 0.036400 0.023800 0.040400 0.032200 0.024000 0.020000 0.040600 0.036600 0.003900 0.048700 0.008000 0.007900
GazellaPrz 0.039800 0.161500 0.031800 0.144700 0.040100 0.048100 0.019800 0.000000 0.027800 0.061100 0.039900 0.015800 0.036000 0.027800 0.065700 0.019900 0.053000 0.056900 0.031800 0.027900 0.007800 0.031600 0.057200 0.044100 0.044000 0.027700 0.028200 0.028200 0.007800 0.027800 0.061200 0.027800 0.074500 0.031900 0.027700 0.044200 0.031700 0.031700 0.027800 0.060800 0.057100 0.019900 0.061100 0.052700 0.044400 0.040300 0.044400 0.057500 0.024200 0.069700 0.027700 0.027700
MountainNy 0.027800 0.147200 0.011800 0.141100 0.028000 0.036000 0.007900 0.027800 0.000000 0.048800 0.027800 0.012000 0.024000 0.016100 0.053200 0.032400 0.040700 0.044600 0.019800 0.003900 0.019800 0.019700 0.044800 0.032000 0.028100 0.040200 0.015900 0.007900 0.019800 0.007900 0.048900 0.015800 0.061900 0.020100 0.015900 0.032000 0.019700 0.019800 0.040300 0.048500 0.044800 0.032000 0.049400 0.040500 0.032200 0.028200 0.049000 0.040600 0.012000 0.057200 0.007900 0.008000
MuntiacusM 0.044300 0.147200 0.044500 0.145800 0.057400 0.044300 0.040800 0.061100 0.048800 0.000000 0.036500 0.044500 0.048800 0.049600 0.066100 0.066400 0.046000 0.048700 0.044400 0.049000 0.052800 0.036000 0.019900 0.023800 0.031900 0.065600 0.040400 0.048600 0.052800 0.040400 0.008000 0.048700 0.088400 0.044600 0.040300 0.057200 0.036600 0.052700 0.074500 0.031800 0.019900 0.057100 0.007900 0.032100 0.066100 0.053300 0.070800 0.071000 0.044700 0.083300 0.048700 0.048600
goat 0.015800 0.156500 0.023700 0.135300 0.040200 0.015700 0.019700 0.039900 0.027800 0.036500 0.000000 0.023700 0.036100 0.028300 0.057200 0.044600 0.036200 0.040100 0.023700 0.028000 0.031800 0.007800 0.032100 0.020000 0.011700 0.052400 0.028200 0.027800 0.031800 0.027800 0.036500 0.027800 0.057400 0.032000 0.019700 0.044200 0.015700 0.031700 0.052600 0.035800 0.032000 0.044100 0.036000 0.027900 0.044500 0.032100 0.061500 0.040600 0.023800 0.052800 0.027800 0.027800
AfricanBuf 0.023700 0.141800 0.015800 0.135800 0.023900 0.032200 0.004000 0.015800 0.012000 0.044500 0.023700 0.000000 0.019800 0.011800 0.048800 0.028200 0.036400 0.040300 0.015800 0.011900 0.015800 0.015700 0.040500 0.028200 0.027800 0.036000 0.012000 0.011800 0.015800 0.011800 0.044600 0.011800 0.057500 0.015800 0.011800 0.028200 0.015900 0.016000 0.036100 0.044200 0.040500 0.028100 0.044500 0.036200 0.028000 0.024000 0.044700 0.040700 0.007900 0.052800 0.011800 0.011800
Topi 0.036100 0.143000 0.028000 0.151500 0.036300 0.044400 0.015900 0.036000 0.024000 0.048800 0.036100 0.019800 0.000000 0.024000 0.044700 0.040800 0.049300 0.053100 0.028000 0.024100 0.028000 0.027900 0.044900 0.040400 0.040200 0.048700 0.007900 0.023900 0.028000 0.024000 0.048900 0.015900 0.062100 0.011900 0.023900 0.040400 0.027900 0.027900 0.040400 0.040600 0.044800 0.040300 0.048800 0.049000 0.040600 0.036500 0.049200 0.053700 0.020000 0.057300 0.023900 0.023900
CommonDuik 0.027800 0.137500 0.019800 0.131600 0.028000 0.036000 0.008000 0.027800 0.016100 0.049600 0.028300 0.011800 0.024000 0.000000 0.053100 0.032300 0.032700 0.036300 0.019700 0.015900 0.019800 0.020000 0.045200 0.032000 0.031900 0.040200 0.015900 0.015800 0.019800 0.015800 0.048900 0.016100 0.061900 0.019900 0.015800 0.027900 0.019700 0.019800 0.040300 0.048500 0.044800 0.032000 0.048800 0.040500 0.028400 0.020000 0.049000 0.045000 0.011900 0.057200 0.015800 0.016000
Suni 0.057100 0.184800 0.057400 0.188000 0.061500 0.065700 0.044700 0.065700 0.053200 0.066100 0.057200 0.048800 0.044700 0.053100 0.000000 0.071000 0.079800 0.083800 0.048800 0.053500 0.057300 0.048600 0.066400 0.061800 0.057300 0.079000 0.044700 0.053100 0.057300 0.049000 0.070800 0.044700 0.102500 0.048900 0.044600 0.066000 0.048600 0.057200 0.070400 0.061400 0.066300 0.061600 0.070400 0.070600 0.070700 0.066500 0.070500 0.084700 0.049000 0.079300 0.053100 0.053000
Springbuck 0.044600 0.164400 0.036400 0.152000 0.045000 0.053000 0.024100 0.019900 0.032400 0.066400 0.044600 0.028200 0.040800 0.032300 0.071000 0.000000 0.058200 0.062100 0.036400 0.032500 0.011900 0.036200 0.062500 0.049000 0.048800 0.032200 0.032400 0.032300 0.011900 0.032300 0.066600 0.032300 0.080000 0.036600 0.032200 0.049000 0.036200 0.036300 0.032300 0.066000 0.062300 0.024000 0.066400 0.057900 0.049400 0.036700 0.049400 0.062600 0.028300 0.066400 0.032300 0.032300
Okapi 0.036200 0.143700 0.036400 0.118300 0.044900 0.036200 0.032300 0.053000 0.040700 0.046000 0.036200 0.036400 0.049300 0.032700 0.079800 0.058200 0.000000 0.011900 0.044700 0.040900 0.044800 0.036200 0.040900 0.032300 0.040400 0.061700 0.040700 0.032200 0.044800 0.040700 0.045000 0.040600 0.071100 0.045000 0.040500 0.057500 0.036200 0.044600 0.057600 0.048800 0.040900 0.053200 0.044900 0.040800 0.057900 0.045200 0.071100 0.054000 0.036600 0.083900 0.041200 0.041300
Giraffe 0.040100 0.147400 0.040300 0.122100 0.048800 0.040100 0.036200 0.056900 0.044600 0.048700 0.040100 0.040300 0.053100 0.036300 0.083800 0.062100 0.011900 0.000000 0.049300 0.044800 0.048600 0.040100 0.044800 0.036100 0.044300 0.065600 0.044600 0.036100 0.048600 0.044600 0.048900 0.044500 0.075100 0.048900 0.044400 0.061400 0.040100 0.048500 0.061500 0.052700 0.044800 0.057000 0.048800 0.044700 0.061800 0.049100 0.075000 0.057900 0.040500 0.087800 0.044500 0.044400
TibetanAnt 0.023700 0.151900 0.023800 0.145500 0.032000 0.023700 0.011900 0.031800 0.019800 0.044400 0.023700 0.015800 0.028000 0.019700 0.048800 0.036400 0.044700 0.049300 0.000000 0.019900 0.023700 0.015800 0.040500 0.027800 0.027800 0.044200 0.020200 0.020000 0.023800 0.019800 0.044500 0.019800 0.066000 0.023900 0.011800 0.036000 0.015900 0.023800 0.044400 0.044200 0.040400 0.036000 0.044400 0.036200 0.036700 0.032200 0.053100 0.049100 0.015800 0.052800 0.019800 0.011800
Sitatunga 0.027900 0.148000 0.011900 0.141700 0.028200 0.036200 0.007900 0.027900 0.003900 0.049000 0.028000 0.011900 0.024100 0.015900 0.053500 0.032500 0.040900 0.044800 0.019900 0.000000 0.019900 0.019800 0.045100 0.032200 0.023800 0.040400 0.016000 0.007900 0.019900 0.007900 0.049100 0.015900 0.062100 0.020000 0.015900 0.032200 0.019800 0.019900 0.040500 0.048700 0.044900 0.032100 0.049000 0.040700 0.032400 0.028300 0.049300 0.036600 0.011900 0.057500 0.007900 0.007900
Oribi 0.031800 0.152100 0.023800 0.135600 0.032500 0.040000 0.011800 0.007800 0.019800 0.052800 0.031800 0.015800 0.028000 0.019800 0.057300 0.011900 0.044800 0.048600 0.023700 0.019900 0.000000 0.023700 0.048900 0.036000 0.035900 0.020000 0.019800 0.020000 0.000000 0.019800 0.053000 0.020100 0.066100 0.023900 0.019800 0.036000 0.024400 0.023700 0.019800 0.053300 0.048900 0.011800 0.052900 0.044500 0.036300 0.032200 0.036300 0.049200 0.015900 0.061300 0.019800 0.019800
BarbaryShe 0.007800 0.146100 0.015700 0.135100 0.032200 0.015700 0.011800 0.031600 0.019700 0.036000 0.007800 0.015700 0.027900 0.020000 0.048600 0.036200 0.036200 0.040100 0.015800 0.019800 0.023700 0.000000 0.032000 0.019800 0.011900 0.044000 0.019800 0.019700 0.023600 0.019700 0.036900 0.019700 0.057300 0.023800 0.011700 0.035900 0.007800 0.023600 0.044200 0.035800 0.032000 0.035800 0.036400 0.027900 0.036100 0.023900 0.052900 0.040600 0.015800 0.044300 0.019700 0.019700
Daviddeer 0.040300 0.153600 0.040500 0.142100 0.057700 0.040300 0.037100 0.057200 0.044800 0.019900 0.032100 0.040500 0.044900 0.045200 0.066400 0.062500 0.040900 0.044800 0.040500 0.045100 0.048900 0.032000 0.000000 0.019900 0.036200 0.053100 0.036400 0.044700 0.048900 0.044800 0.011900 0.044800 0.084400 0.040600 0.036900 0.061800 0.032100 0.048800 0.070600 0.027900 0.000000 0.053100 0.019900 0.028200 0.062200 0.049400 0.071100 0.067000 0.040700 0.079400 0.044700 0.044700
Reindeer 0.028200 0.141600 0.027900 0.126100 0.044500 0.027800 0.023800 0.044100 0.032000 0.023800 0.020000 0.028200 0.040400 0.032000 0.061800 0.049000 0.032300 0.036100 0.027800 0.032200 0.036000 0.019800 0.019900 0.000000 0.023700 0.056900 0.032100 0.032600 0.036000 0.032000 0.023900 0.032000 0.061900 0.036200 0.023800 0.048600 0.019700 0.036000 0.057000 0.023700 0.019900 0.048500 0.023800 0.008000 0.048900 0.036400 0.066100 0.053500 0.028300 0.065700 0.032000 0.032300
Ibex 0.019700 0.161800 0.027800 0.140100 0.040200 0.019700 0.023800 0.044000 0.028100 0.031900 0.011700 0.027800 0.040200 0.031900 0.057300 0.048800 0.040400 0.044300 0.027800 0.023800 0.035900 0.011900 0.036200 0.023700 0.000000 0.056700 0.032000 0.031800 0.035900 0.023800 0.040200 0.031900 0.061700 0.036100 0.023700 0.040100 0.019900 0.035800 0.056800 0.040000 0.036200 0.048300 0.040200 0.032000 0.048700 0.036200 0.061600 0.036300 0.027900 0.057000 0.031900 0.031800
GyrantGaze 0.052400 0.172700 0.044300 0.150400 0.052800 0.060900 0.031900 0.027700 0.040200 0.065600 0.052400 0.036000 0.048700 0.040200 0.079000 0.032200 0.061700 0.065600 0.044200 0.040400 0.020000 0.044000 0.053100 0.056900 0.056700 0.000000 0.040200 0.040100 0.019800 0.040200 0.057100 0.040100 0.088100 0.044400 0.040100 0.056900 0.044000 0.044100 0.040200 0.073900 0.053000 0.024100 0.065600 0.065700 0.057200 0.053100 0.048800 0.070700 0.036100 0.083000 0.040100 0.040100
Hartebeest 0.027800 0.147700 0.019900 0.141300 0.028100 0.036000 0.007900 0.028200 0.015900 0.040400 0.028200 0.012000 0.007900 0.015900 0.044700 0.032400 0.040700 0.044600 0.020200 0.016000 0.019800 0.019800 0.036400 0.032100 0.032000 0.040200 0.000000 0.015800 0.020200 0.015900 0.040500 0.016000 0.053500 0.003900 0.015900 0.032100 0.020000 0.019800 0.040400 0.040100 0.036400 0.032000 0.040400 0.040500 0.032300 0.028200 0.049100 0.045100 0.011900 0.057300 0.016100 0.015800
Bongo 0.019700 0.141700 0.011800 0.135800 0.019800 0.027700 0.007900 0.028200 0.007900 0.048600 0.027800 0.011800 0.023900 0.015800 0.053100 0.032300 0.032200 0.036100 0.020000 0.007900 0.020000 0.019700 0.044700 0.032600 0.031800 0.040100 0.015800 0.000000 0.019800 0.007900 0.048700 0.015800 0.061700 0.019800 0.016000 0.031900 0.019700 0.019700 0.032000 0.048400 0.044600 0.031900 0.049100 0.040400 0.032500 0.028100 0.048900 0.036500 0.011800 0.057100 0.008000 0.007900
Gerenuk 0.031800 0.152100 0.023800 0.135600 0.032000 0.040000 0.011800 0.007800 0.019800 0.052800 0.031800 0.015800 0.028000 0.019800 0.057300 0.011900 0.044800 0.048600 0.023800 0.019900 0.000000 0.023600 0.048900 0.036000 0.035900 0.019800 0.020200 0.019800 0.000000 0.019800 0.053000 0.019800 0.066100 0.023900 0.019800 0.036000 0.023700 0.023700 0.019800 0.052500 0.048900 0.011800 0.052900 0.045400 0.036300 0.032200 0.036300 0.049200 0.015800 0.061300 0.019800 0.019600
CommonElan 0.027800 0.146800 0.011800 0.140700 0.024000 0.036000 0.007900 0.027800 0.007900 0.040400 0.027800 0.011800 0.024000 0.015800 0.049000 0.032300 0.040700 0.044600 0.019800 0.007900 0.019800 0.019700 0.044800 0.032000 0.023800 0.040200 0.015900 0.007900 0.019800 0.000000 0.048900 0.015800 0.061800 0.019900 0.015800 0.023900 0.019700 0.019800 0.040300 0.048500 0.044700 0.032000 0.048800 0.040500 0.032200 0.028100 0.044900 0.045000 0.011900 0.057200 0.007900 0.007900
MuntiacusR 0.044400 0.147700 0.044600 0.146200 0.061700 0.044400 0.040500 0.061200 0.048900 0.008000 0.036500 0.044600 0.048900 0.048900 0.070800 0.066600 0.045000 0.048900 0.044500 0.049100 0.053000 0.036900 0.011900 0.023900 0.040200 0.057100 0.040500 0.048700 0.053000 0.048900 0.000000 0.048800 0.088600 0.044700 0.040300 0.065900 0.036500 0.052800 0.074700 0.031800 0.011900 0.057200 0.007900 0.032200 0.066300 0.053400 0.075300 0.071200 0.044800 0.083500 0.048800 0.048700
HarveysDui 0.027800 0.142000 0.019800 0.140900 0.028000 0.035900 0.008000 0.027800 0.015800 0.048700 0.027800 0.011800 0.015900 0.016100 0.044700 0.032300 0.040600 0.044500 0.019800 0.015900 0.020100 0.019700 0.044800 0.032000 0.031900 0.040100 0.016000 0.015800 0.019800 0.015800 0.048800 0.000000 0.061800 0.019900 0.015800 0.032000 0.019700 0.019700 0.032000 0.040100 0.044700 0.032400 0.048700 0.040400 0.032200 0.028100 0.041800 0.045000 0.012100 0.048600 0.015800 0.015800
Pronghorn 0.065900 0.207900 0.066000 0.177500 0.075100 0.065900 0.053300 0.074500 0.061900 0.088400 0.057400 0.057500 0.062100 0.061900 0.102500 0.080000 0.071100 0.075100 0.066000 0.062100 0.066100 0.057300 0.084400 0.061900 0.061700 0.088100 0.053500 0.061700 0.066100 0.061800 0.088600 0.061800 0.000000 0.057800 0.061700 0.079300 0.065800 0.065900 0.088300 0.087900 0.084200 0.074800 0.088500 0.070900 0.079800 0.075400 0.089000 0.067000 0.057700 0.097600 0.061800 0.061700
BlueWildeb 0.031900 0.153000 0.023900 0.136500 0.032200 0.040200 0.011900 0.031900 0.020100 0.044600 0.032000 0.015800 0.011900 0.019900 0.048900 0.036600 0.045000 0.048900 0.023900 0.020000 0.023900 0.023800 0.040600 0.036200 0.036100 0.044400 0.003900 0.019800 0.023900 0.019900 0.044700 0.019900 0.057800 0.000000 0.019900 0.036200 0.024100 0.024200 0.044600 0.044300 0.040600 0.036100 0.044600 0.044700 0.036400 0.032300 0.053400 0.049400 0.015900 0.061600 0.020100 0.019800
Gemsbok 0.019700 0.146700 0.019800 0.140500 0.027900 0.027700 0.007900 0.027700 0.015900 0.040300 0.019700 0.011800 0.023900 0.015800 0.044600 0.032200 0.040500 0.044400 0.011800 0.015900 0.019800 0.011700 0.036900 0.023800 0.023700 0.040100 0.015900 0.016000 0.019800 0.015800 0.040300 0.015800 0.061700 0.019900 0.000000 0.031900 0.011900 0.019700 0.040200 0.041100 0.036300 0.031900 0.041500 0.032500 0.032100 0.028100 0.048900 0.044900 0.011800 0.048600 0.015800 0.015900
Yak 0.044200 0.167700 0.036100 0.150800 0.040400 0.052500 0.023900 0.044200 0.032000 0.057200 0.044200 0.028200 0.040400 0.027900 0.066000 0.049000 0.057500 0.061400 0.036000 0.032200 0.036000 0.035900 0.061800 0.048600 0.040100 0.056900 0.032100 0.031900 0.036000 0.023900 0.065900 0.032000 0.079300 0.036200 0.031900 0.000000 0.035900 0.036000 0.057000 0.065400 0.061700 0.048500 0.065800 0.057300 0.007900 0.040500 0.061900 0.062100 0.028000 0.065700 0.032000 0.032500
BlueSheep 0.015800 0.146200 0.015700 0.135100 0.031900 0.023600 0.011800 0.031700 0.019700 0.036600 0.015700 0.015900 0.027900 0.019700 0.048600 0.036200 0.036200 0.040100 0.015900 0.019800 0.024400 0.007800 0.032100 0.019700 0.019900 0.044000 0.020000 0.019700 0.023700 0.019700 0.036500 0.019700 0.065800 0.024100 0.011900 0.035900 0.000000 0.023600 0.044200 0.035800 0.032000 0.035800 0.036000 0.027900 0.036100 0.023900 0.052900 0.048900 0.015900 0.052600 0.019700 0.019700
BohorReedb 0.031700 0.151500 0.023800 0.145200 0.023900 0.039900 0.011900 0.031700 0.019800 0.052700 0.031700 0.016000 0.027900 0.019800 0.057200 0.036300 0.044600 0.048500 0.023800 0.019900 0.023700 0.023600 0.048800 0.036000 0.035800 0.044100 0.019800 0.019700 0.023700 0.019800 0.052800 0.019700 0.065900 0.024200 0.019700 0.036000 0.023600 0.000000 0.044300 0.052400 0.048700 0.035900 0.052700 0.044900 0.036900 0.032100 0.053000 0.049000 0.015800 0.061200 0.019700 0.019800
KirksDik 0.044200 0.152600 0.044400 0.145800 0.044500 0.052500 0.032000 0.027800 0.040300 0.074500 0.052600 0.036100 0.040400 0.040300 0.070400 0.032300 0.057600 0.061500 0.044400 0.040500 0.019800 0.044200 0.070600 0.057000 0.056800 0.040200 0.040400 0.032000 0.019800 0.040300 0.074700 0.032000 0.088300 0.044600 0.040200 0.057000 0.044200 0.044300 0.000000 0.065400 0.070500 0.032400 0.074500 0.065900 0.057400 0.053200 0.048900 0.062100 0.036300 0.074400 0.040200 0.040200
RoeDeer 0.044800 0.156400 0.044200 0.145200 0.061300 0.044000 0.040100 0.060800 0.048500 0.031800 0.035800 0.044200 0.040600 0.048500 0.061400 0.066000 0.048800 0.052700 0.044200 0.048700 0.053300 0.035800 0.027900 0.023700 0.040000 0.073900 0.040100 0.048400 0.052500 0.048500 0.031800 0.040100 0.087900 0.044300 0.041100 0.065400 0.035800 0.052400 0.065400 0.000000 0.027800 0.066100 0.031800 0.031900 0.065800 0.053000 0.074600 0.070600 0.044400 0.074200 0.048400 0.048400
WhiteLippe 0.040300 0.153100 0.040400 0.141700 0.057600 0.040300 0.036400 0.057100 0.044800 0.019900 0.032000 0.040500 0.044800 0.044800 0.066300 0.062300 0.040900 0.044800 0.040400 0.044900 0.048900 0.032000 0.000000 0.019900 0.036200 0.053000 0.036400 0.044600 0.048900 0.044700 0.011900 0.044700 0.084200 0.040600 0.036300 0.061700 0.032000 0.048700 0.070500 0.027800 0.000000 0.053100 0.019900 0.028100 0.062100 0.049200 0.071000 0.066900 0.040700 0.079300 0.044700 0.044600
ThomsonGaz 0.044100 0.162300 0.036000 0.150300 0.045000 0.052400 0.023800 0.019900 0.032000 0.057100 0.044100 0.028100 0.040300 0.032000 0.061600 0.024000 0.053200 0.057000 0.036000 0.032100 0.011800 0.035800 0.053100 0.048500 0.048300 0.024100 0.032000 0.031900 0.011800 0.032000 0.057200 0.032400 0.074800 0.036100 0.031900 0.048500 0.035800 0.035900 0.032400 0.066100 0.053100 0.000000 0.057100 0.057200 0.048800 0.044600 0.040400 0.062000 0.028000 0.074300 0.032300 0.031900
MuntiacusC 0.044300 0.147300 0.044500 0.145800 0.061600 0.044300 0.040400 0.061100 0.049400 0.007900 0.036000 0.044500 0.048800 0.048800 0.070400 0.066400 0.044900 0.048800 0.044400 0.049000 0.052900 0.036400 0.019900 0.023800 0.040200 0.065600 0.040400 0.049100 0.052900 0.048800 0.007900 0.048700 0.088500 0.044600 0.041500 0.065800 0.036000 0.052700 0.074500 0.031800 0.019900 0.057100 0.000000 0.032100 0.066200 0.053300 0.075100 0.071000 0.044700 0.083300 0.048700 0.048600
WhiteTaile 0.036400 0.147700 0.036200 0.136600 0.053200 0.036100 0.032200 0.052700 0.040500 0.032100 0.027900 0.036200 0.049000 0.040500 0.070600 0.057900 0.040800 0.044700 0.036200 0.040700 0.044500 0.027900 0.028200 0.008000 0.032000 0.065700 0.040500 0.040400 0.045400 0.040500 0.032200 0.040400 0.070900 0.044700 0.032500 0.057300 0.027900 0.044900 0.065900 0.031900 0.028100 0.057200 0.032100 0.000000 0.057600 0.044900 0.075200 0.053700 0.036400 0.074700 0.040400 0.040400
Cattle 0.044400 0.163800 0.036300 0.146800 0.044800 0.052800 0.024000 0.044400 0.032200 0.066100 0.044500 0.028000 0.040600 0.028400 0.070700 0.049400 0.057900 0.061800 0.036700 0.032400 0.036300 0.036100 0.062200 0.048900 0.048700 0.057200 0.032300 0.032500 0.036300 0.032200 0.066300 0.032200 0.079800 0.036400 0.032100 0.007900 0.036100 0.036900 0.057400 0.065800 0.062100 0.048800 0.066200 0.057600 0.000000 0.036400 0.066500 0.062500 0.024300 0.061400 0.032600 0.032100
RoyalAntel 0.032100 0.153700 0.024000 0.141800 0.040700 0.040300 0.020000 0.040300 0.028200 0.053300 0.032100 0.024000 0.036500 0.020000 0.066500 0.036700 0.045200 0.049100 0.032200 0.028300 0.032200 0.023900 0.049400 0.036400 0.036200 0.053100 0.028200 0.028100 0.032200 0.028100 0.053400 0.028100 0.075400 0.032300 0.028100 0.040500 0.023900 0.032100 0.053200 0.053000 0.049200 0.044600 0.053300 0.044900 0.036400 0.000000 0.062300 0.058200 0.015900 0.052900 0.028100 0.028100
Steenbok 0.061500 0.163800 0.053200 0.172300 0.053100 0.070100 0.040600 0.044400 0.049000 0.070800 0.061500 0.044700 0.049200 0.049000 0.070500 0.049400 0.071100 0.075000 0.053100 0.049300 0.036300 0.052900 0.071100 0.066100 0.061600 0.048800 0.049100 0.048900 0.036300 0.044900 0.075300 0.041800 0.089000 0.053400 0.048900 0.061900 0.052900 0.053000 0.048900 0.074600 0.071000 0.040400 0.075100 0.075200 0.066500 0.062300 0.000000 0.067000 0.044900 0.083800 0.049000 0.048900
Impala 0.040600 0.170700 0.049100 0.162900 0.049300 0.040600 0.036600 0.057500 0.040600 0.071000 0.040600 0.040700 0.053700 0.045000 0.084700 0.062600 0.054000 0.057900 0.049100 0.036600 0.049200 0.040600 0.067000 0.053500 0.036300 0.070700 0.045100 0.036500 0.049200 0.045000 0.071200 0.045000 0.067000 0.049400 0.044900 0.062100 0.048900 0.049000 0.062100 0.070600 0.066900 0.062000 0.071000 0.053700 0.062500 0.058200 0.067000 0.000000 0.040900 0.079900 0.045000 0.044900
Klipspring 0.023800 0.137500 0.015900 0.131600 0.024000 0.032000 0.003900 0.024200 0.012000 0.044700 0.023800 0.007900 0.020000 0.011900 0.049000 0.028300 0.036600 0.040500 0.015800 0.011900 0.015900 0.015800 0.040700 0.028300 0.027900 0.036100 0.011900 0.011800 0.015800 0.011900 0.044800 0.012100 0.057700 0.015900 0.011800 0.028000 0.015900 0.015800 0.036300 0.044400 0.040700 0.028000 0.044700 0.036400 0.024300 0.015900 0.044900 0.040900 0.000000 0.044300 0.011900 0.012000
ForestMusk 0.052700 0.189100 0.061400 0.181500 0.070200 0.061200 0.048700 0.069700 0.057200 0.083300 0.052800 0.052800 0.057300 0.057200 0.079300 0.066400 0.083900 0.087800 0.052800 0.057500 0.061300 0.044300 0.079400 0.065700 0.057000 0.083000 0.057300 0.057100 0.061300 0.057200 0.083500 0.048600 0.097600 0.061600 0.048600 0.065700 0.052600 0.061200 0.074400 0.074200 0.079300 0.074300 0.083300 0.074700 0.061400 0.052900 0.083800 0.079900 0.044300 0.000000 0.057100 0.057000
Bushbuck 0.027800 0.147100 0.011800 0.140800 0.028000 0.035900 0.008000 0.027700 0.007900 0.048700 0.027800 0.011800 0.023900 0.015800 0.053100 0.032300 0.041200 0.044500 0.019800 0.007900 0.019800 0.019700 0.044700 0.032000 0.031900 0.040100 0.016100 0.008000 0.019800 0.007900 0.048800 0.015800 0.061800 0.020100 0.015800 0.032000 0.019700 0.019700 0.040200 0.048400 0.044700 0.032300 0.048700 0.040400 0.032600 0.028100 0.049000 0.045000 0.011900 0.057100 0.000000 0.007900
GreaterKud 0.027700 0.146800 0.011800 0.140700 0.027900 0.027700 0.007900 0.027700 0.008000 0.048600 0.027800 0.011800 0.023900 0.016000 0.053000 0.032300 0.041300 0.044400 0.011800 0.007900 0.019800 0.019700 0.044700 0.032300 0.031800 0.040100 0.015800 0.007900 0.019600 0.007900 0.048700 0.015800 0.061700 0.019800 0.015900 0.032500 0.019700 0.019800 0.040200 0.048400 0.044600 0.031900 0.048600 0.040400 0.032100 0.028100 0.048900 0.044900 0.012000 0.057000 0.007900 0.000000
