1
52 1
Argali 0.000000 0.191500 0.087100 0.215700 0.036900 0.000000 0.028000 0.028100 0.066900 0.076900 0.018400 0.088200 0.018700 0.037600 0.077300 0.028100 0.097000 0.067100 0.018500 0.098500 0.047400 0.009200 0.077100 0.098100 0.018100 0.009300 0.037900 0.098600 0.028600 0.076900 0.098000 0.028000 0.118100 0.018700 0.018500 0.077100 0.018600 0.037200 0.028000 0.097700 0.077100 0.009300 0.076900 0.097500 0.057200 0.028000 0.009300 0.057400 0.028100 0.067000 0.087500 0.067100
LesserMous 0.191500 0.000000 0.205600 0.178000 0.191100 0.191500 0.229200 0.218300 0.205300 0.168600 0.214800 0.196700 0.202400 0.217100 0.230200 0.230400 0.168200 0.157500 0.225900 0.220700 0.243000 0.203200 0.168600 0.193700 0.203300 0.205200 0.215500 0.220800 0.208000 0.192800 0.178800 0.229200 0.192200 0.202400 0.215900 0.181900 0.189400 0.190800 0.217000 0.192600 0.168600 0.205200 0.168600 0.192500 0.158200 0.228800 0.193600 0.269600 0.229000 0.157700 0.206300 0.181500
LesserKudu 0.087100 0.205600 0.000000 0.230100 0.107500 0.087100 0.119100 0.098200 0.037600 0.067600 0.086800 0.099900 0.087900 0.129900 0.130200 0.098000 0.087700 0.057700 0.086600 0.048000 0.119200 0.097300 0.067700 0.088500 0.087100 0.077500 0.108800 0.047800 0.099200 0.028100 0.088800 0.119100 0.109100 0.087900 0.087500 0.088500 0.087200 0.107000 0.118900 0.088500 0.067700 0.077500 0.067600 0.068100 0.067900 0.097800 0.098300 0.130300 0.097900 0.057800 0.037800 0.018000
KillerWhal 0.215700 0.178000 0.230100 0.000000 0.265500 0.215700 0.254100 0.255700 0.230100 0.190700 0.239700 0.208300 0.215000 0.267500 0.268600 0.255000 0.189900 0.179100 0.214700 0.246200 0.281800 0.227700 0.191200 0.216900 0.228200 0.229900 0.203300 0.220800 0.259400 0.217400 0.189900 0.254100 0.240100 0.215000 0.241100 0.206000 0.214300 0.239700 0.229300 0.191800 0.191200 0.229900 0.190700 0.215600 0.182000 0.254000 0.230100 0.255900 0.254400 0.179400 0.231300 0.205800
DefassaWat 0.036900 0.191100 0.107500 0.265500 0.000000 0.037200 0.066700 0.047200 0.086800 0.096900 0.037100 0.130300 0.037600 0.056900 0.076800 0.047200 0.096600 0.086800 0.037100 0.119400 0.066800 0.046800 0.097100 0.118600 0.037200 0.028000 0.057200 0.119300 0.047800 0.097000 0.118600 0.066700 0.118000 0.037600 0.056700 0.097500 0.037400 0.018300 0.066700 0.118100 0.097100 0.028000 0.096900 0.118000 0.097400 0.047000 0.047300 0.077100 0.047100 0.086700 0.107900 0.087000
Sheep 0.000000 0.191500 0.087100 0.215700 0.037200 0.000000 0.028000 0.028100 0.066900 0.076900 0.018400 0.088200 0.018700 0.037600 0.077000 0.028100 0.097000 0.067100 0.018500 0.098500 0.047400 0.009100 0.077100 0.098100 0.018500 0.009300 0.037900 0.098600 0.028600 0.076900 0.098000 0.028000 0.118100 0.018700 0.018500 0.077100 0.018600 0.037200 0.028000 0.097700 0.077100 0.009300 0.076900 0.097500 0.057200 0.028000 0.009300 0.057400 0.028100 0.067000 0.087500 0.067100
MaxwellsDu 0.028000 0.229200 0.119100 0.254100 0.066700 0.028000 0.000000 0.057500 0.097900 0.108200 0.047100 0.120500 0.047700 0.009200 0.108600 0.057400 0.129100 0.097900 0.047100 0.109900 0.077600 0.037600 0.108500 0.130500 0.047300 0.037900 0.067700 0.131400 0.058300 0.108300 0.130500 0.000000 0.129700 0.047700 0.047300 0.108600 0.047400 0.066500 0.057300 0.130400 0.108500 0.037900 0.108200 0.108600 0.087800 0.037900 0.037900 0.067700 0.036500 0.098100 0.119600 0.098200
GazellaPrz 0.028100 0.218300 0.098200 0.255700 0.047200 0.028100 0.057500 0.000000 0.077600 0.087700 0.028000 0.121000 0.028400 0.067500 0.088000 0.037100 0.108200 0.077600 0.028000 0.110000 0.037900 0.037700 0.087900 0.109400 0.028100 0.018800 0.048000 0.110000 0.038600 0.087800 0.109300 0.057500 0.129800 0.028400 0.047500 0.109000 0.028200 0.047100 0.037800 0.109200 0.087900 0.018800 0.087700 0.108800 0.088200 0.037800 0.018800 0.067900 0.037900 0.077700 0.098600 0.077800
MountainNy 0.066900 0.205300 0.037600 0.230100 0.086800 0.066900 0.097900 0.077600 0.000000 0.067500 0.066700 0.099800 0.067600 0.108400 0.108700 0.077400 0.087600 0.057600 0.066600 0.028200 0.098100 0.077000 0.067700 0.077700 0.066900 0.057500 0.088100 0.028200 0.078600 0.009200 0.088700 0.097900 0.109000 0.067600 0.087300 0.088400 0.067100 0.086400 0.087500 0.088500 0.067700 0.057500 0.067500 0.077400 0.067900 0.077200 0.077600 0.109000 0.077400 0.057700 0.018500 0.018600
MuntiacusM 0.076900 0.168600 0.067600 0.190700 0.096900 0.076900 0.108200 0.087700 0.067500 0.000000 0.076500 0.089100 0.077600 0.118900 0.108500 0.067400 0.037400 0.009200 0.076500 0.078700 0.087500 0.087000 0.018500 0.037600 0.066900 0.067400 0.098400 0.078600 0.088900 0.057500 0.037100 0.108200 0.076600 0.077600 0.097500 0.077900 0.077000 0.096600 0.108100 0.037600 0.018500 0.067400 0.000000 0.037400 0.057800 0.087300 0.087800 0.119400 0.067100 0.009200 0.067900 0.047800
goat 0.018400 0.214800 0.086800 0.239700 0.037100 0.018400 0.047100 0.028000 0.066700 0.076500 0.000000 0.108800 0.018600 0.056900 0.076800 0.028000 0.096500 0.066700 0.018400 0.098200 0.047200 0.027800 0.076700 0.097600 0.018400 0.009200 0.037700 0.098200 0.028400 0.076600 0.097600 0.047100 0.117700 0.018600 0.037400 0.097200 0.018500 0.037000 0.047100 0.097500 0.076700 0.009200 0.076500 0.097100 0.076900 0.027900 0.028000 0.057200 0.028000 0.066800 0.087200 0.066800
AfricanBuf 0.088200 0.196700 0.099900 0.208300 0.130300 0.088200 0.120500 0.121000 0.099800 0.089100 0.108800 0.000000 0.110200 0.131500 0.154200 0.099400 0.109900 0.078900 0.098100 0.112000 0.142800 0.098600 0.089300 0.111200 0.109400 0.099500 0.132300 0.101000 0.122600 0.089200 0.089700 0.120500 0.132000 0.110200 0.109300 0.048100 0.109500 0.129900 0.120400 0.110900 0.089300 0.099500 0.089100 0.110600 0.028500 0.120400 0.099500 0.154000 0.120600 0.079000 0.100300 0.079000
Topi 0.018700 0.202400 0.087900 0.215000 0.037600 0.018700 0.047700 0.028400 0.067600 0.077600 0.018600 0.110200 0.000000 0.057600 0.077900 0.028300 0.097800 0.067600 0.018600 0.099500 0.047800 0.028200 0.077800 0.099000 0.018700 0.009400 0.018600 0.099600 0.028800 0.077600 0.077200 0.047700 0.119400 0.000000 0.037900 0.098600 0.018700 0.037500 0.047700 0.098900 0.077800 0.009400 0.077600 0.098400 0.078000 0.028200 0.028400 0.058000 0.028300 0.067700 0.088400 0.067700
CommonDuik 0.037600 0.217100 0.129900 0.267500 0.056900 0.037600 0.009200 0.067500 0.108400 0.118900 0.056900 0.131500 0.057600 0.000000 0.119300 0.067400 0.118500 0.108500 0.056900 0.120600 0.087800 0.047300 0.119100 0.141600 0.057200 0.047700 0.077900 0.142500 0.068500 0.118900 0.141400 0.009100 0.140600 0.057600 0.057100 0.119300 0.057200 0.056700 0.067200 0.141300 0.119100 0.047700 0.118900 0.119200 0.098300 0.047600 0.047700 0.077900 0.047500 0.108600 0.130400 0.108700
Suni 0.077300 0.230200 0.130200 0.268600 0.076800 0.077000 0.108600 0.088000 0.108700 0.108500 0.076800 0.154200 0.077900 0.119300 0.000000 0.087900 0.108300 0.098100 0.076800 0.143000 0.108900 0.087100 0.108800 0.130900 0.057000 0.067700 0.098800 0.142900 0.089300 0.119300 0.131000 0.108600 0.130300 0.077900 0.097900 0.118800 0.077400 0.076800 0.108500 0.108200 0.108800 0.067700 0.108500 0.130300 0.119800 0.087600 0.088100 0.087400 0.087800 0.098000 0.130800 0.109000
Springbuck 0.028100 0.230400 0.098000 0.255000 0.047200 0.028100 0.057400 0.037100 0.077400 0.067400 0.028000 0.099400 0.028300 0.067400 0.087900 0.000000 0.087500 0.057600 0.028000 0.109800 0.057400 0.037700 0.087800 0.109200 0.028100 0.018700 0.047900 0.109800 0.038500 0.087600 0.109100 0.057400 0.129600 0.028300 0.047400 0.108800 0.028200 0.047000 0.057400 0.109000 0.087800 0.018400 0.067400 0.108600 0.088000 0.037800 0.037900 0.067800 0.037800 0.057700 0.098400 0.077600
Okapi 0.097000 0.168200 0.087700 0.189900 0.096600 0.097000 0.129100 0.108200 0.087600 0.037400 0.096500 0.109900 0.097800 0.118500 0.108300 0.087500 0.000000 0.027900 0.096400 0.099200 0.129200 0.107300 0.056700 0.076900 0.086700 0.087400 0.119100 0.099100 0.109500 0.077300 0.076900 0.129100 0.096600 0.097800 0.118000 0.098300 0.097100 0.096300 0.129000 0.076800 0.056700 0.087400 0.037400 0.076500 0.077800 0.107600 0.108300 0.119100 0.107700 0.028000 0.088000 0.067500
Giraffe 0.067100 0.157500 0.057700 0.179100 0.086800 0.067100 0.097900 0.077600 0.057600 0.009200 0.066700 0.078900 0.067600 0.108500 0.098100 0.057600 0.027900 0.000000 0.066700 0.068500 0.098100 0.077000 0.028000 0.047500 0.057100 0.057500 0.088200 0.068500 0.078700 0.047700 0.047500 0.097900 0.066700 0.067600 0.087300 0.067900 0.067100 0.086600 0.097900 0.047400 0.028000 0.057500 0.009200 0.047200 0.048000 0.077200 0.077700 0.108900 0.077400 0.000000 0.057900 0.038100
TibetanAnt 0.018500 0.225900 0.086600 0.214700 0.037100 0.018500 0.047100 0.028000 0.066600 0.076500 0.018400 0.098100 0.018600 0.056900 0.076800 0.028000 0.096400 0.066700 0.000000 0.098000 0.047200 0.027800 0.076800 0.097700 0.018500 0.009300 0.037800 0.077500 0.028500 0.076500 0.097500 0.047100 0.117500 0.018600 0.037400 0.097100 0.018500 0.037000 0.047000 0.097500 0.076800 0.009300 0.076500 0.097000 0.076900 0.027900 0.028100 0.057200 0.028000 0.066800 0.087000 0.066700
Sitatunga 0.098500 0.220700 0.048000 0.246200 0.119400 0.098500 0.109900 0.110000 0.028200 0.078700 0.098200 0.112000 0.099500 0.120600 0.143000 0.109800 0.099200 0.068500 0.098000 0.000000 0.131600 0.109100 0.078800 0.089000 0.098500 0.088900 0.121000 0.018800 0.111300 0.018700 0.100600 0.109900 0.088600 0.099500 0.120100 0.100200 0.098700 0.118900 0.120400 0.100300 0.078800 0.088900 0.078700 0.068300 0.079100 0.109600 0.110100 0.121200 0.109800 0.068600 0.009300 0.028500
Oribi 0.047400 0.243000 0.119200 0.281800 0.066800 0.047400 0.077600 0.037900 0.098100 0.087500 0.047200 0.142800 0.047800 0.087800 0.108900 0.057400 0.129200 0.098100 0.047200 0.131600 0.000000 0.057200 0.087800 0.109300 0.047400 0.037900 0.067900 0.131600 0.058500 0.108500 0.109200 0.077600 0.151800 0.047800 0.067200 0.130300 0.047500 0.066600 0.057400 0.109200 0.087800 0.037900 0.087500 0.108600 0.109000 0.057400 0.037900 0.088300 0.037900 0.098200 0.119800 0.098300
BarbaryShe 0.009200 0.203200 0.097300 0.227700 0.046800 0.009100 0.037600 0.037700 0.077000 0.087000 0.027800 0.098600 0.028200 0.047300 0.087100 0.037700 0.107300 0.077000 0.027800 0.109100 0.057200 0.000000 0.087300 0.108600 0.027900 0.018700 0.047700 0.109200 0.038300 0.087000 0.108500 0.037600 0.128800 0.028200 0.027900 0.087200 0.028000 0.046700 0.037500 0.108100 0.087300 0.018700 0.087000 0.107900 0.067100 0.037600 0.018700 0.067400 0.037700 0.076900 0.097800 0.077100
Daviddeer 0.077100 0.168600 0.067700 0.191200 0.097100 0.077100 0.108500 0.087900 0.067700 0.018500 0.076700 0.089300 0.077800 0.119100 0.108800 0.087800 0.056700 0.028000 0.076800 0.078800 0.087800 0.087300 0.000000 0.037700 0.067100 0.067600 0.098700 0.078800 0.068500 0.057700 0.037700 0.108500 0.076800 0.077800 0.097700 0.078000 0.077300 0.096800 0.108400 0.037800 0.000000 0.067600 0.018500 0.037500 0.057900 0.087500 0.088000 0.119800 0.067400 0.028000 0.068000 0.047900
Reindeer 0.098100 0.193700 0.088500 0.216900 0.118600 0.098100 0.130500 0.109400 0.077700 0.037600 0.097600 0.111200 0.099000 0.141600 0.130900 0.109200 0.076900 0.047500 0.097700 0.089000 0.109300 0.108600 0.037700 0.000000 0.087700 0.088500 0.120700 0.089100 0.111100 0.067500 0.057500 0.130500 0.097600 0.099000 0.119400 0.099300 0.098400 0.118300 0.119600 0.057600 0.037700 0.088500 0.037600 0.037000 0.078600 0.108900 0.109600 0.142400 0.088100 0.047500 0.078100 0.068200
Ibex 0.018100 0.203300 0.087100 0.228200 0.037200 0.018500 0.047300 0.028100 0.066900 0.066900 0.018400 0.109400 0.018700 0.057200 0.057000 0.028100 0.086700 0.057100 0.018500 0.098500 0.047400 0.027900 0.067100 0.087700 0.000000 0.009300 0.037900 0.098600 0.028600 0.076900 0.087600 0.047300 0.107500 0.018700 0.037500 0.097700 0.018600 0.037200 0.047300 0.087400 0.067100 0.009300 0.066900 0.087100 0.077400 0.028000 0.028200 0.057400 0.028100 0.057000 0.087500 0.067100
GyrantGaze 0.009300 0.205200 0.077500 0.229900 0.028000 0.009300 0.037900 0.018800 0.057500 0.067400 0.009200 0.099500 0.009400 0.047700 0.067700 0.018700 0.087400 0.057500 0.009300 0.088900 0.037900 0.018700 0.067600 0.088500 0.009300 0.000000 0.028500 0.088900 0.019100 0.067400 0.088400 0.037900 0.108500 0.009400 0.028200 0.088100 0.009300 0.027900 0.037900 0.088400 0.067600 0.000000 0.067400 0.087900 0.067800 0.018700 0.018800 0.048000 0.018800 0.057600 0.077900 0.057600
Hartebeest 0.037900 0.215500 0.108800 0.203300 0.057200 0.037900 0.067700 0.048000 0.088100 0.098400 0.037700 0.132300 0.018600 0.077900 0.098800 0.047900 0.119100 0.088200 0.037800 0.121000 0.067900 0.047700 0.098700 0.120700 0.037900 0.028500 0.000000 0.121200 0.048700 0.098400 0.097800 0.067700 0.141200 0.018400 0.057600 0.120000 0.038000 0.057100 0.067700 0.099100 0.098700 0.028500 0.098400 0.119800 0.099000 0.047700 0.048100 0.058100 0.047800 0.088300 0.109500 0.088200
Bongo 0.098600 0.220800 0.047800 0.220800 0.119300 0.098600 0.131400 0.110000 0.028200 0.078600 0.098200 0.101000 0.099600 0.142500 0.142900 0.109800 0.099100 0.068500 0.077500 0.018800 0.131600 0.109200 0.078800 0.089100 0.098600 0.088900 0.121200 0.000000 0.111500 0.018700 0.100500 0.131400 0.109400 0.099600 0.120100 0.100000 0.098800 0.118800 0.120400 0.100300 0.078800 0.088900 0.078600 0.088700 0.079100 0.109600 0.110100 0.143200 0.109800 0.068600 0.009300 0.027800
Gerenuk 0.028600 0.208000 0.099200 0.259400 0.047800 0.028600 0.058300 0.038600 0.078600 0.088900 0.028400 0.122600 0.028800 0.068500 0.089300 0.038500 0.109500 0.078700 0.028500 0.111300 0.058500 0.038300 0.068500 0.111100 0.028600 0.019100 0.048700 0.111500 0.000000 0.088800 0.110700 0.058300 0.131400 0.028800 0.048200 0.110300 0.028700 0.047700 0.058300 0.110800 0.068500 0.019100 0.088900 0.110100 0.089400 0.038400 0.038600 0.068900 0.038500 0.078800 0.099800 0.078700
CommonElan 0.076900 0.192800 0.028100 0.217400 0.097000 0.076900 0.108300 0.087800 0.009200 0.057500 0.076600 0.089200 0.077600 0.118900 0.119300 0.087600 0.077300 0.047700 0.076500 0.018700 0.108500 0.087000 0.057700 0.067500 0.076900 0.067400 0.098400 0.018700 0.088800 0.000000 0.078400 0.108300 0.098500 0.077600 0.097500 0.078100 0.077000 0.096500 0.097800 0.078200 0.057700 0.067400 0.057500 0.067300 0.057900 0.087400 0.087800 0.119500 0.087500 0.047800 0.009200 0.009300
MuntiacusR 0.098000 0.178800 0.088800 0.189900 0.118600 0.098000 0.130500 0.109300 0.088700 0.037100 0.097600 0.089700 0.077200 0.141400 0.131000 0.109100 0.076900 0.047500 0.097500 0.100600 0.109200 0.108500 0.037700 0.057500 0.087600 0.088400 0.097800 0.100500 0.110700 0.078400 0.000000 0.130500 0.098000 0.077200 0.119400 0.078500 0.098200 0.118100 0.130400 0.057700 0.037700 0.088400 0.037600 0.057300 0.058200 0.108800 0.109400 0.142400 0.088100 0.047500 0.089300 0.068300
HarveysDui 0.028000 0.229200 0.119100 0.254100 0.066700 0.028000 0.000000 0.057500 0.097900 0.108200 0.047100 0.120500 0.047700 0.009100 0.108600 0.057400 0.129100 0.097900 0.047100 0.109900 0.077600 0.037600 0.108500 0.130500 0.047300 0.037900 0.067700 0.131400 0.058300 0.108300 0.130500 0.000000 0.129700 0.047700 0.047300 0.108600 0.047400 0.066500 0.057300 0.130400 0.108500 0.037900 0.108200 0.108600 0.087800 0.037900 0.037900 0.067700 0.037800 0.098100 0.119600 0.098200
Pronghorn 0.118100 0.192200 0.109100 0.240100 0.118000 0.118100 0.129700 0.129800 0.109000 0.076600 0.117700 0.132000 0.119400 0.140600 0.130300 0.129600 0.096600 0.066700 0.117500 0.088600 0.151800 0.128800 0.076800 0.097600 0.107500 0.108500 0.141200 0.109400 0.131400 0.098500 0.098000 0.129700 0.000000 0.119400 0.140000 0.119900 0.118400 0.117500 0.151400 0.077100 0.076800 0.108500 0.076600 0.077000 0.098600 0.108300 0.129900 0.141300 0.129600 0.066800 0.098200 0.088200
BlueWildeb 0.018700 0.202400 0.087900 0.215000 0.037600 0.018700 0.047700 0.028400 0.067600 0.077600 0.018600 0.110200 0.000000 0.057600 0.077900 0.028300 0.097800 0.067600 0.018600 0.099500 0.047800 0.028200 0.077800 0.099000 0.018700 0.009400 0.018400 0.099600 0.028800 0.077600 0.077200 0.047700 0.119400 0.000000 0.037900 0.098600 0.018700 0.037500 0.047700 0.098900 0.077800 0.009400 0.077600 0.098400 0.078000 0.028200 0.028400 0.058000 0.028300 0.067700 0.088400 0.067700
Gemsbok 0.018500 0.215900 0.087500 0.241100 0.056700 0.018500 0.047300 0.047500 0.087300 0.097500 0.037400 0.109300 0.037900 0.057100 0.097900 0.047400 0.118000 0.087300 0.037400 0.120100 0.067200 0.027900 0.097700 0.119400 0.037500 0.028200 0.057600 0.120100 0.048200 0.097500 0.119400 0.047300 0.140000 0.037900 0.000000 0.097800 0.037600 0.056500 0.047300 0.119200 0.097700 0.028200 0.097500 0.098000 0.077300 0.047300 0.028200 0.077600 0.047400 0.087400 0.108500 0.087500
Yak 0.077100 0.181900 0.088500 0.206000 0.097500 0.077100 0.108600 0.109000 0.088400 0.077900 0.097200 0.048100 0.098600 0.119300 0.118800 0.108800 0.098300 0.067900 0.097100 0.100200 0.130300 0.087200 0.078000 0.099300 0.097700 0.088100 0.120000 0.100000 0.110300 0.078100 0.078500 0.108600 0.119900 0.098600 0.097800 0.000000 0.097800 0.117900 0.108500 0.077800 0.078000 0.088100 0.077900 0.098900 0.018400 0.108600 0.088100 0.141700 0.108700 0.068000 0.088900 0.068100
BlueSheep 0.018600 0.189400 0.087200 0.214300 0.037400 0.018600 0.047400 0.028200 0.067100 0.077000 0.018500 0.109500 0.018700 0.057200 0.077400 0.028200 0.097100 0.067100 0.018500 0.098700 0.047500 0.028000 0.077300 0.098400 0.018600 0.009300 0.038000 0.098800 0.028700 0.077000 0.098200 0.047400 0.118400 0.018700 0.037600 0.097800 0.000000 0.037300 0.047400 0.098200 0.077300 0.009300 0.077000 0.097700 0.077500 0.028100 0.028200 0.057600 0.028100 0.067200 0.087700 0.067200
BohorReedb 0.037200 0.190800 0.107000 0.239700 0.018300 0.037200 0.066500 0.047100 0.086400 0.096600 0.037000 0.129900 0.037500 0.056700 0.076800 0.047000 0.096300 0.086600 0.037000 0.118900 0.066600 0.046700 0.096800 0.118300 0.037200 0.027900 0.057100 0.118800 0.047700 0.096500 0.118100 0.066500 0.117500 0.037500 0.056500 0.117900 0.037300 0.000000 0.066400 0.118000 0.096800 0.027900 0.096600 0.117500 0.097100 0.046900 0.047200 0.076800 0.046900 0.086700 0.107400 0.086700
KirksDik 0.028000 0.217000 0.118900 0.229300 0.066700 0.028000 0.057300 0.037800 0.087500 0.108100 0.047100 0.120400 0.047700 0.067200 0.108500 0.057400 0.129000 0.097900 0.047000 0.120400 0.057400 0.037500 0.108400 0.119600 0.047300 0.037900 0.067700 0.120400 0.058300 0.097800 0.130400 0.057300 0.151400 0.047700 0.047300 0.108500 0.047400 0.066400 0.000000 0.130300 0.108400 0.037900 0.108100 0.119000 0.087700 0.057200 0.018700 0.088000 0.057300 0.098000 0.108800 0.098100
RoeDeer 0.097700 0.192600 0.088500 0.191800 0.118100 0.097700 0.130400 0.109200 0.088500 0.037600 0.097500 0.110900 0.098900 0.141300 0.108200 0.109000 0.076800 0.047400 0.097500 0.100300 0.109200 0.108100 0.037800 0.057600 0.087400 0.088400 0.099100 0.100300 0.110800 0.078200 0.057700 0.130400 0.077100 0.098900 0.119200 0.077800 0.098200 0.118000 0.130300 0.000000 0.037800 0.088400 0.037600 0.057300 0.078500 0.108700 0.109300 0.120300 0.088100 0.046900 0.089000 0.068200
WhiteLippe 0.077100 0.168600 0.067700 0.191200 0.097100 0.077100 0.108500 0.087900 0.067700 0.018500 0.076700 0.089300 0.077800 0.119100 0.108800 0.087800 0.056700 0.028000 0.076800 0.078800 0.087800 0.087300 0.000000 0.037700 0.067100 0.067600 0.098700 0.078800 0.068500 0.057700 0.037700 0.108500 0.076800 0.077800 0.097700 0.078000 0.077300 0.096800 0.108400 0.037800 0.000000 0.067600 0.018400 0.037500 0.057900 0.087500 0.088000 0.119800 0.067400 0.028000 0.068000 0.047900
ThomsonGaz 0.009300 0.205200 0.077500 0.229900 0.028000 0.009300 0.037900 0.018800 0.057500 0.067400 0.009200 0.099500 0.009400 0.047700 0.067700 0.018400 0.087400 0.057500 0.009300 0.088900 0.037900 0.018700 0.067600 0.088500 0.009300 0.000000 0.028500 0.088900 0.019100 0.067400 0.088400 0.037900 0.108500 0.009400 0.028200 0.088100 0.009300 0.027900 0.037900 0.088400 0.067600 0.000000 0.067400 0.087900 0.067800 0.018700 0.018800 0.048000 0.018800 0.057600 0.077900 0.057600
MuntiacusC 0.076900 0.168600 0.067600 0.190700 0.096900 0.076900 0.108200 0.087700 0.067500 0.000000 0.076500 0.089100 0.077600 0.118900 0.108500 0.067400 0.037400 0.009200 0.076500 0.078700 0.087500 0.087000 0.018500 0.037600 0.066900 0.067400 0.098400 0.078600 0.088900 0.057500 0.037600 0.108200 0.076600 0.077600 0.097500 0.077900 0.077000 0.096600 0.108100 0.037600 0.018400 0.067400 0.000000 0.037200 0.057800 0.087300 0.087800 0.119400 0.067100 0.009200 0.067900 0.047800
WhiteTaile 0.097500 0.192500 0.068100 0.215600 0.118000 0.097500 0.108600 0.108800 0.077400 0.037400 0.097100 0.110600 0.098400 0.119200 0.130300 0.108600 0.076500 0.047200 0.097000 0.068300 0.108600 0.107900 0.037500 0.037000 0.087100 0.087900 0.119800 0.088700 0.110100 0.067300 0.057300 0.108600 0.077000 0.098400 0.098000 0.098900 0.097700 0.117500 0.119000 0.057300 0.037500 0.087900 0.037200 0.000000 0.078200 0.108300 0.108900 0.119800 0.087600 0.047300 0.077900 0.067900
Cattle 0.057200 0.158200 0.067900 0.182000 0.097400 0.057200 0.087800 0.088200 0.067900 0.057800 0.076900 0.028500 0.078000 0.098300 0.119800 0.088000 0.077800 0.048000 0.076900 0.079100 0.109000 0.067100 0.057900 0.078600 0.077400 0.067800 0.099000 0.079100 0.089400 0.057900 0.058200 0.087800 0.098600 0.078000 0.077300 0.018400 0.077500 0.097100 0.087700 0.078500 0.057900 0.067800 0.057800 0.078200 0.000000 0.087800 0.067800 0.120100 0.087900 0.048000 0.068300 0.048100
RoyalAntel 0.028000 0.228800 0.097800 0.254000 0.047000 0.028000 0.037900 0.037800 0.077200 0.087300 0.027900 0.120400 0.028200 0.047600 0.087600 0.037800 0.107600 0.077200 0.027900 0.109600 0.057400 0.037600 0.087500 0.108900 0.028000 0.018700 0.047700 0.109600 0.038400 0.087400 0.108800 0.037900 0.108300 0.028200 0.047300 0.108600 0.028100 0.046900 0.057200 0.108700 0.087500 0.018700 0.087300 0.108300 0.087800 0.000000 0.037900 0.067600 0.018700 0.077300 0.098300 0.077400
Steenbok 0.009300 0.193600 0.098300 0.230100 0.047300 0.009300 0.037900 0.018800 0.077600 0.087800 0.028000 0.099500 0.028400 0.047700 0.088100 0.037900 0.108300 0.077700 0.028100 0.110100 0.037900 0.018700 0.088000 0.109600 0.028200 0.018800 0.048100 0.110100 0.038600 0.087800 0.109400 0.037900 0.129900 0.028400 0.028200 0.088100 0.028200 0.047200 0.018700 0.109300 0.088000 0.018800 0.087800 0.108900 0.067800 0.037900 0.000000 0.068000 0.038000 0.077900 0.098700 0.077800
Impala 0.057400 0.269600 0.130300 0.255900 0.077100 0.057400 0.067700 0.067900 0.109000 0.119400 0.057200 0.154000 0.058000 0.077900 0.087400 0.067800 0.119100 0.108900 0.057200 0.121200 0.088300 0.067400 0.119800 0.142400 0.057400 0.048000 0.058100 0.143200 0.068900 0.119500 0.142400 0.067700 0.141300 0.058000 0.077600 0.141700 0.057600 0.076800 0.088000 0.120300 0.119800 0.048000 0.119400 0.119800 0.120100 0.067600 0.068000 0.000000 0.067800 0.109000 0.131100 0.109200
Klipspring 0.028100 0.229000 0.097900 0.254400 0.047100 0.028100 0.036500 0.037900 0.077400 0.067100 0.028000 0.120600 0.028300 0.047500 0.087800 0.037800 0.107700 0.077400 0.028000 0.109800 0.037900 0.037700 0.067400 0.088100 0.028100 0.018800 0.047800 0.109800 0.038500 0.087500 0.088100 0.037800 0.129600 0.028300 0.047400 0.108700 0.028100 0.046900 0.057300 0.088100 0.067400 0.018800 0.067100 0.087600 0.087900 0.018700 0.038000 0.067800 0.000000 0.077500 0.098400 0.077600
ForestMusk 0.067000 0.157700 0.057800 0.179400 0.086700 0.067000 0.098100 0.077700 0.057700 0.009200 0.066800 0.079000 0.067700 0.108600 0.098000 0.057700 0.028000 0.000000 0.066800 0.068600 0.098200 0.076900 0.028000 0.047500 0.057000 0.057600 0.088300 0.068600 0.078800 0.047800 0.047500 0.098100 0.066800 0.067700 0.087400 0.068000 0.067200 0.086700 0.098000 0.046900 0.028000 0.057600 0.009200 0.047300 0.048000 0.077300 0.077900 0.109000 0.077500 0.000000 0.058000 0.038100
Bushbuck 0.087500 0.206300 0.037800 0.231300 0.107900 0.087500 0.119600 0.098600 0.018500 0.067900 0.087200 0.100300 0.088400 0.130400 0.130800 0.098400 0.088000 0.057900 0.087000 0.009300 0.119800 0.097800 0.068000 0.078100 0.087500 0.077900 0.109500 0.009300 0.099800 0.009200 0.089300 0.119600 0.098200 0.088400 0.108500 0.088900 0.087700 0.107400 0.108800 0.089000 0.068000 0.077900 0.067900 0.077900 0.068300 0.098300 0.098700 0.131100 0.098400 0.058000 0.000000 0.018700
GreaterKud 0.067100 0.181500 0.018000 0.205800 0.087000 0.067100 0.098200 0.077800 0.018600 0.047800 0.066800 0.079000 0.067700 0.108700 0.109000 0.077600 0.067500 0.038100 0.066700 0.028500 0.098300 0.077100 0.047900 0.068200 0.067100 0.057600 0.088200 0.027800 0.078700 0.009300 0.068300 0.098200 0.088200 0.067700 0.087500 0.068100 0.067200 0.086700 0.098100 0.068200 0.047900 0.057600 0.047800 0.067900 0.048100 0.077400 0.077800 0.109200 0.077600 0.038100 0.018700 0.000000
