1
52 1
Argali 0.000000 0.398100 0.214700 0.185700 0.035900 0.000100 0.066500 0.067000 0.177200 0.073500 0.000000 0.145900 0.066700 0.101600 0.135700 0.000100 0.176200 0.241700 0.066600 0.212200 0.107400 0.033500 0.071100 0.146000 0.000000 0.034100 0.066700 0.177200 0.033500 0.210600 0.107300 0.067800 0.129600 0.033400 0.069400 0.071100 0.000000 0.068800 0.034100 0.106000 0.071100 0.068600 0.071000 0.106400 0.112600 0.098300 0.000000 0.136400 0.069100 0.146600 0.177200 0.177200
LesserMous 0.398100 0.000000 0.626400 0.467800 0.455600 0.389500 0.373700 0.437000 0.564300 0.415200 0.398100 0.460200 0.495200 0.369300 0.591000 0.397200 0.428100 0.566500 0.493700 0.607600 0.511700 0.440700 0.405800 0.466400 0.398100 0.392300 0.495200 0.564300 0.437500 0.612900 0.447100 0.377100 0.517600 0.442700 0.460100 0.538100 0.398100 0.365500 0.431300 0.452300 0.405800 0.447900 0.398900 0.391600 0.493800 0.409800 0.398100 0.517600 0.520900 0.521800 0.564300 0.564300
LesserKudu 0.214700 0.626400 0.000000 0.448400 0.270600 0.212900 0.285500 0.287600 0.031200 0.229200 0.214700 0.138900 0.287600 0.326400 0.369500 0.216300 0.335300 0.407100 0.169500 0.062300 0.219100 0.250200 0.182100 0.307400 0.214700 0.255000 0.287600 0.031200 0.250300 0.062300 0.260800 0.289300 0.311500 0.249900 0.298900 0.218000 0.214700 0.296400 0.175300 0.217800 0.182100 0.297900 0.221300 0.259000 0.185000 0.318000 0.214700 0.370300 0.306000 0.305400 0.031200 0.031200
KillerWhal 0.185700 0.467800 0.448400 0.000000 0.186700 0.183000 0.259400 0.261500 0.400600 0.193000 0.185700 0.367300 0.260600 0.213500 0.341000 0.185900 0.348900 0.325500 0.260000 0.340700 0.317400 0.141700 0.275400 0.354500 0.185700 0.143700 0.260600 0.400600 0.220900 0.438500 0.225000 0.260700 0.240500 0.222300 0.143500 0.278400 0.185700 0.216500 0.217700 0.314100 0.275400 0.180500 0.186200 0.224700 0.336200 0.207800 0.185700 0.245200 0.279200 0.371700 0.400600 0.400600
DefassaWat 0.035900 0.455600 0.270600 0.186700 0.000000 0.035500 0.106900 0.107900 0.229100 0.077400 0.035900 0.195800 0.107000 0.144300 0.181800 0.036000 0.179800 0.247100 0.107100 0.226000 0.152800 0.035400 0.113800 0.196000 0.035900 0.072600 0.107000 0.229100 0.071200 0.264600 0.113300 0.108100 0.171800 0.071500 0.111800 0.114500 0.035900 0.035000 0.072700 0.151000 0.113800 0.109400 0.074900 0.152100 0.161500 0.103400 0.035900 0.144400 0.112500 0.196200 0.229100 0.229100
Sheep 0.000100 0.389500 0.212900 0.183000 0.035500 0.000000 0.066000 0.066500 0.175800 0.072400 0.000100 0.143900 0.066200 0.100400 0.133900 0.000100 0.174100 0.238200 0.066100 0.210400 0.105900 0.033200 0.070000 0.143800 0.000100 0.033700 0.066200 0.175800 0.033000 0.209000 0.105700 0.067100 0.128000 0.033200 0.068900 0.070700 0.000100 0.068000 0.033700 0.104400 0.070000 0.067700 0.069900 0.104800 0.111700 0.097100 0.000100 0.134600 0.067800 0.144600 0.175800 0.175800
MaxwellsDu 0.066500 0.373700 0.285500 0.259400 0.106900 0.066000 0.000000 0.133400 0.246700 0.145500 0.066500 0.217700 0.064100 0.097900 0.131100 0.066900 0.169100 0.311400 0.132400 0.282400 0.177100 0.099700 0.140600 0.217300 0.066500 0.101500 0.064100 0.246700 0.032200 0.279800 0.102900 0.065200 0.193300 0.032100 0.137700 0.140900 0.066500 0.066300 0.101500 0.101300 0.140600 0.136600 0.140700 0.175900 0.185000 0.163300 0.066500 0.132000 0.141100 0.217700 0.246700 0.246700
GazellaPrz 0.067000 0.437000 0.287600 0.261500 0.107900 0.066500 0.133400 0.000000 0.248700 0.146500 0.067000 0.140300 0.133500 0.170000 0.205200 0.067400 0.247900 0.231800 0.133400 0.284600 0.178500 0.100400 0.141600 0.139700 0.067000 0.102300 0.133500 0.248700 0.100300 0.282000 0.178800 0.135800 0.194300 0.100200 0.138700 0.142000 0.067000 0.138200 0.102300 0.176400 0.141600 0.137700 0.141700 0.177300 0.186500 0.094600 0.067000 0.132400 0.142800 0.219400 0.248700 0.248700
MountainNy 0.177200 0.564300 0.031200 0.400600 0.229100 0.175800 0.246700 0.248700 0.000000 0.189000 0.177200 0.103400 0.248300 0.285800 0.327100 0.178400 0.293400 0.362900 0.170400 0.031000 0.220500 0.212200 0.183400 0.265000 0.177200 0.216200 0.248300 0.000000 0.212200 0.030700 0.221000 0.249600 0.312700 0.211900 0.258400 0.180000 0.177200 0.255900 0.138900 0.219200 0.183400 0.257000 0.182600 0.219400 0.146800 0.279100 0.177200 0.328000 0.267000 0.264000 0.000000 0.000000
MuntiacusM 0.073500 0.415200 0.229200 0.193000 0.077400 0.072400 0.145500 0.146500 0.189000 0.000000 0.073500 0.154700 0.146300 0.185000 0.221900 0.073300 0.147500 0.216400 0.146300 0.143400 0.196600 0.034500 0.075600 0.155200 0.073500 0.111400 0.146300 0.189000 0.109000 0.224700 0.036300 0.148200 0.212100 0.109600 0.126600 0.156800 0.073500 0.111100 0.111500 0.112600 0.075600 0.147700 0.000100 0.113000 0.120300 0.101400 0.073500 0.141800 0.156700 0.155000 0.189000 0.189000
goat 0.000000 0.398100 0.214700 0.185700 0.035900 0.000100 0.066500 0.067000 0.177200 0.073500 0.000000 0.145900 0.066700 0.101600 0.135700 0.000100 0.176200 0.241700 0.066600 0.212200 0.107400 0.033500 0.071100 0.146000 0.000000 0.034100 0.066700 0.177200 0.033500 0.210600 0.107300 0.067800 0.129600 0.033400 0.069400 0.071100 0.000000 0.068800 0.034100 0.106000 0.071100 0.068600 0.071000 0.106400 0.112600 0.098300 0.000000 0.136400 0.069100 0.146600 0.177200 0.177200
AfricanBuf 0.145900 0.460200 0.138900 0.367300 0.195800 0.143900 0.217700 0.140300 0.103400 0.154700 0.145900 0.000000 0.218400 0.254200 0.296100 0.146000 0.260900 0.330200 0.140100 0.137700 0.187100 0.182000 0.149300 0.147100 0.145900 0.184500 0.218400 0.103400 0.180900 0.136300 0.188300 0.217200 0.281200 0.181700 0.227200 0.148300 0.145900 0.224500 0.106900 0.185900 0.149300 0.224800 0.149200 0.186600 0.113300 0.248700 0.145900 0.213800 0.232000 0.231200 0.103400 0.103400
Topi 0.066700 0.495200 0.287600 0.260600 0.107000 0.066200 0.064100 0.133500 0.248300 0.146300 0.066700 0.218400 0.000000 0.168900 0.131100 0.067100 0.247200 0.313100 0.132800 0.283900 0.178200 0.099800 0.141600 0.218600 0.066700 0.101600 0.000000 0.248300 0.032200 0.282000 0.103300 0.135000 0.194300 0.032100 0.138000 0.141300 0.066700 0.137100 0.101700 0.101800 0.141600 0.136800 0.141400 0.176700 0.186300 0.163500 0.066700 0.131700 0.141900 0.218800 0.248300 0.248300
CommonDuik 0.101600 0.369300 0.326400 0.213500 0.144300 0.100400 0.097900 0.170000 0.285800 0.185000 0.101600 0.254200 0.168900 0.000000 0.241200 0.101500 0.205800 0.267700 0.168900 0.322400 0.216000 0.135400 0.178800 0.258300 0.101600 0.065800 0.168900 0.285800 0.134400 0.319800 0.216400 0.031300 0.156400 0.135100 0.100700 0.176900 0.101600 0.100700 0.137100 0.213800 0.178800 0.099200 0.178800 0.136600 0.224000 0.198900 0.101600 0.242400 0.180400 0.255600 0.285800 0.285800
Suni 0.135700 0.591000 0.369500 0.341000 0.181800 0.133900 0.131100 0.205200 0.327100 0.221900 0.135700 0.296100 0.131100 0.241200 0.000000 0.135700 0.324200 0.392900 0.203800 0.364800 0.252700 0.169900 0.214600 0.296200 0.135700 0.172200 0.131100 0.327100 0.098000 0.361900 0.174300 0.205900 0.229000 0.098300 0.211300 0.216300 0.135700 0.210100 0.172400 0.171800 0.214600 0.209400 0.214500 0.250900 0.265000 0.233400 0.135700 0.130100 0.178600 0.295400 0.327100 0.327100
Springbuck 0.000100 0.397200 0.216300 0.185900 0.036000 0.000100 0.066900 0.067400 0.178400 0.073300 0.000100 0.146000 0.067100 0.101500 0.135700 0.000000 0.176200 0.241800 0.067000 0.213600 0.107500 0.033700 0.071000 0.145900 0.000100 0.034100 0.067100 0.178400 0.033500 0.212100 0.107100 0.067800 0.129500 0.033600 0.070100 0.071600 0.000100 0.068800 0.034100 0.105800 0.071000 0.068700 0.070900 0.106200 0.113400 0.098400 0.000100 0.136300 0.068800 0.146500 0.178400 0.178400
Okapi 0.176200 0.428100 0.335300 0.348900 0.179800 0.174100 0.169100 0.247900 0.293400 0.147500 0.176200 0.260900 0.247200 0.205800 0.324200 0.176200 0.000000 0.117700 0.247400 0.289600 0.303300 0.173900 0.180800 0.261400 0.176200 0.214100 0.247200 0.293400 0.209800 0.328900 0.179800 0.171300 0.232600 0.210900 0.257100 0.263500 0.176200 0.133100 0.214000 0.216300 0.180800 0.253800 0.142500 0.216700 0.229800 0.238500 0.176200 0.284300 0.263700 0.259700 0.293400 0.293400
Giraffe 0.241700 0.566500 0.407100 0.325500 0.247100 0.238200 0.311400 0.231800 0.362900 0.216400 0.241700 0.330200 0.313100 0.267700 0.392900 0.241800 0.117700 0.000000 0.313600 0.358700 0.374000 0.238800 0.248500 0.331200 0.241700 0.200200 0.313100 0.362900 0.274700 0.399300 0.247200 0.315700 0.218600 0.276200 0.239600 0.332300 0.241700 0.271800 0.280600 0.284000 0.248500 0.236300 0.209500 0.202500 0.299900 0.223500 0.241700 0.352200 0.335400 0.327700 0.362900 0.362900
TibetanAnt 0.066600 0.493700 0.169500 0.260000 0.107100 0.066100 0.132400 0.133400 0.170400 0.146300 0.066600 0.140100 0.132800 0.168900 0.203800 0.067000 0.247400 0.313600 0.000000 0.204400 0.033100 0.099700 0.067900 0.218900 0.066600 0.101600 0.132800 0.170400 0.099700 0.202800 0.178200 0.135000 0.124600 0.099600 0.138000 0.141400 0.066600 0.137100 0.032800 0.101400 0.067900 0.136900 0.141300 0.176800 0.186400 0.163600 0.066600 0.204800 0.142300 0.218900 0.170400 0.170400
Sitatunga 0.212200 0.607600 0.062300 0.340700 0.226000 0.210400 0.282400 0.284600 0.031000 0.143400 0.212200 0.137700 0.283900 0.322400 0.364800 0.213600 0.289600 0.358700 0.204400 0.000000 0.256400 0.168300 0.219300 0.302500 0.212200 0.252200 0.283900 0.031300 0.247400 0.061800 0.174800 0.285600 0.347400 0.247100 0.295200 0.215500 0.212200 0.252700 0.173500 0.255300 0.219300 0.294200 0.138500 0.255700 0.182700 0.232600 0.212200 0.277800 0.306100 0.301100 0.031000 0.031000
Oribi 0.107400 0.511700 0.219100 0.317400 0.152800 0.105900 0.177100 0.178500 0.220500 0.196600 0.107400 0.187100 0.178200 0.216000 0.252700 0.107500 0.303300 0.374000 0.033100 0.256400 0.000000 0.142500 0.109300 0.274700 0.107400 0.144500 0.178200 0.220500 0.141700 0.255400 0.228900 0.180300 0.165700 0.142300 0.185700 0.190600 0.107400 0.182600 0.069800 0.144800 0.109300 0.183000 0.189500 0.227300 0.243100 0.208700 0.107400 0.253300 0.191800 0.274400 0.220500 0.220500
BarbaryShe 0.033500 0.440700 0.250200 0.141700 0.035400 0.033200 0.099700 0.100400 0.212200 0.034500 0.033500 0.182000 0.099800 0.135400 0.169900 0.033700 0.173900 0.238800 0.099700 0.168300 0.142500 0.000000 0.106100 0.181800 0.033500 0.068000 0.099800 0.212200 0.066700 0.245400 0.068100 0.101500 0.161600 0.066600 0.103800 0.106300 0.033500 0.068000 0.068100 0.140700 0.106100 0.102800 0.033600 0.141400 0.149100 0.062800 0.033500 0.098200 0.105800 0.182500 0.212200 0.212200
Daviddeer 0.071100 0.405800 0.182100 0.275400 0.113800 0.070000 0.140600 0.141600 0.183400 0.075600 0.071100 0.149300 0.141600 0.178800 0.214600 0.071000 0.180800 0.248500 0.067900 0.219300 0.109300 0.106100 0.000000 0.150200 0.071100 0.107600 0.141600 0.183400 0.105400 0.218600 0.110100 0.143300 0.131700 0.106000 0.125100 0.151700 0.071100 0.144900 0.107800 0.034700 0.000000 0.143100 0.074800 0.109100 0.116500 0.172200 0.071100 0.215000 0.151000 0.150100 0.183400 0.183400
Reindeer 0.146000 0.466400 0.307400 0.354500 0.196000 0.143800 0.217300 0.139700 0.265000 0.155200 0.146000 0.147100 0.218600 0.258300 0.296200 0.145900 0.261400 0.331200 0.218900 0.302500 0.274700 0.181800 0.150200 0.000000 0.146000 0.184500 0.218600 0.265000 0.180700 0.301200 0.188700 0.221300 0.282900 0.181600 0.211000 0.233900 0.146000 0.224300 0.184900 0.186800 0.150200 0.223800 0.149500 0.107000 0.199200 0.248200 0.146000 0.212700 0.218800 0.231800 0.265000 0.265000
Ibex 0.000000 0.398100 0.214700 0.185700 0.035900 0.000100 0.066500 0.067000 0.177200 0.073500 0.000000 0.145900 0.066700 0.101600 0.135700 0.000100 0.176200 0.241700 0.066600 0.212200 0.107400 0.033500 0.071100 0.146000 0.000000 0.034100 0.069600 0.177200 0.033500 0.210600 0.107300 0.067800 0.129600 0.033400 0.069400 0.071100 0.000000 0.068800 0.034100 0.106000 0.071100 0.068600 0.071000 0.106400 0.112600 0.098300 0.000000 0.136400 0.069100 0.146600 0.177200 0.177200
GyrantGaze 0.034100 0.392300 0.255000 0.143700 0.072600 0.033700 0.101500 0.102300 0.216200 0.111400 0.034100 0.184500 0.101600 0.065800 0.172200 0.034100 0.214100 0.200200 0.101600 0.252200 0.144500 0.068000 0.107600 0.184500 0.034100 0.000000 0.101600 0.216200 0.067600 0.250000 0.144700 0.102800 0.094100 0.067900 0.033800 0.108400 0.034100 0.104500 0.069000 0.142700 0.107600 0.033200 0.107600 0.068500 0.152100 0.132700 0.034100 0.173200 0.107200 0.184900 0.216200 0.216200
Hartebeest 0.066700 0.495200 0.287600 0.260600 0.107000 0.066200 0.064100 0.133500 0.248300 0.146300 0.066700 0.218400 0.000000 0.168900 0.131100 0.067100 0.247200 0.313100 0.132800 0.283900 0.178200 0.099800 0.141600 0.218600 0.069600 0.101600 0.000000 0.248300 0.032200 0.282000 0.103300 0.135000 0.194300 0.032100 0.138000 0.141300 0.066700 0.137100 0.101700 0.101800 0.141600 0.136800 0.141400 0.176700 0.186300 0.163500 0.066500 0.131700 0.141900 0.218800 0.248300 0.248300
Bongo 0.177200 0.564300 0.031200 0.400600 0.229100 0.175800 0.246700 0.248700 0.000000 0.189000 0.177200 0.103400 0.248300 0.285800 0.327100 0.178400 0.293400 0.362900 0.170400 0.031300 0.220500 0.212200 0.183400 0.265000 0.177200 0.216200 0.248300 0.000000 0.212200 0.030700 0.221000 0.249600 0.312700 0.211900 0.258400 0.180000 0.177200 0.255900 0.138900 0.219200 0.183400 0.257000 0.182600 0.219400 0.146800 0.279100 0.177200 0.328000 0.267000 0.264000 0.000000 0.000000
Gerenuk 0.033500 0.437500 0.250300 0.220900 0.071200 0.033000 0.032200 0.100300 0.212200 0.109000 0.033500 0.180900 0.032200 0.134400 0.098000 0.033500 0.209800 0.274700 0.099700 0.247400 0.141700 0.066700 0.105400 0.180700 0.033500 0.067600 0.032200 0.212200 0.000000 0.245400 0.068400 0.100800 0.160600 0.000100 0.103700 0.106300 0.033500 0.102500 0.067600 0.067400 0.105400 0.102200 0.105400 0.140400 0.149200 0.130200 0.033500 0.098600 0.109200 0.181200 0.212200 0.212200
CommonElan 0.210600 0.612900 0.062300 0.438500 0.264600 0.209000 0.279800 0.282000 0.030700 0.224700 0.210600 0.136300 0.282000 0.319800 0.361900 0.212100 0.328900 0.399300 0.202800 0.061800 0.255400 0.245400 0.218600 0.301200 0.210600 0.250000 0.282000 0.030700 0.245400 0.000000 0.255800 0.283600 0.346600 0.245100 0.293100 0.213800 0.210600 0.290100 0.171700 0.254300 0.218600 0.291700 0.217200 0.253900 0.181500 0.312100 0.210600 0.362400 0.304100 0.299000 0.030700 0.030700
MuntiacusR 0.107300 0.447100 0.260800 0.225000 0.113300 0.105700 0.102900 0.178800 0.221000 0.036300 0.107300 0.188300 0.103300 0.216400 0.174300 0.107100 0.179800 0.247200 0.178200 0.174800 0.228900 0.068100 0.110100 0.188700 0.107300 0.144700 0.103300 0.221000 0.068400 0.255800 0.000000 0.180200 0.241100 0.068800 0.165200 0.190400 0.107300 0.144600 0.144900 0.070400 0.110100 0.181300 0.035000 0.146600 0.155500 0.132600 0.107300 0.100700 0.190600 0.188200 0.221000 0.221000
HarveysDui 0.067800 0.377100 0.289300 0.260700 0.108100 0.067100 0.065200 0.135800 0.249600 0.148200 0.067800 0.217200 0.135000 0.031300 0.205900 0.067800 0.171300 0.315700 0.135000 0.285600 0.180300 0.101500 0.143300 0.221300 0.067800 0.102800 0.135000 0.249600 0.100800 0.283600 0.180200 0.000000 0.196200 0.101300 0.140400 0.141100 0.067800 0.067000 0.102800 0.178300 0.143300 0.138300 0.143200 0.178800 0.186900 0.165400 0.067800 0.206600 0.143100 0.219600 0.249600 0.249600
Pronghorn 0.129600 0.517600 0.311500 0.240500 0.171800 0.128000 0.193300 0.194300 0.312700 0.212100 0.129600 0.281200 0.194300 0.156400 0.229000 0.129500 0.232600 0.218600 0.124600 0.347400 0.165700 0.161600 0.131700 0.282900 0.129600 0.094100 0.194300 0.312700 0.160600 0.346600 0.241100 0.196200 0.000000 0.161400 0.128300 0.206100 0.129600 0.198800 0.163700 0.163900 0.131700 0.126600 0.204800 0.163100 0.253400 0.222100 0.129600 0.264000 0.207300 0.280600 0.312700 0.312700
BlueWildeb 0.033400 0.442700 0.249900 0.222300 0.071500 0.033200 0.032100 0.100200 0.211900 0.109600 0.033400 0.181700 0.032100 0.135100 0.098300 0.033600 0.210900 0.276200 0.099600 0.247100 0.142300 0.066600 0.106000 0.181600 0.033400 0.067900 0.032100 0.211900 0.000100 0.245100 0.068800 0.101300 0.161400 0.000000 0.103600 0.106100 0.033400 0.102900 0.067900 0.067800 0.106000 0.102600 0.106000 0.141200 0.148900 0.130700 0.033400 0.098900 0.105200 0.182200 0.211900 0.211900
Gemsbok 0.069400 0.460100 0.298900 0.143500 0.111800 0.068900 0.137700 0.138700 0.258400 0.126600 0.069400 0.227200 0.138000 0.100700 0.211300 0.070100 0.257100 0.239600 0.138000 0.295200 0.185700 0.103800 0.125100 0.211000 0.069400 0.033800 0.138000 0.258400 0.103700 0.293100 0.165200 0.140400 0.128300 0.103600 0.000000 0.147300 0.069400 0.142500 0.105800 0.164700 0.125100 0.068100 0.125600 0.080900 0.194400 0.169800 0.069400 0.212500 0.147700 0.227900 0.258400 0.258400
Yak 0.071100 0.538100 0.218000 0.278400 0.114500 0.070700 0.140900 0.142000 0.180000 0.156800 0.071100 0.148300 0.141300 0.176900 0.216300 0.071600 0.263500 0.332300 0.141400 0.215500 0.190600 0.106300 0.151700 0.233900 0.071100 0.108400 0.141300 0.180000 0.106300 0.213800 0.190400 0.141100 0.206100 0.106100 0.147300 0.000000 0.071100 0.145800 0.108400 0.188400 0.151700 0.146100 0.151200 0.189000 0.036900 0.173500 0.071100 0.217200 0.149600 0.234200 0.180000 0.180000
BlueSheep 0.000000 0.398100 0.214700 0.185700 0.035900 0.000100 0.066500 0.067000 0.177200 0.073500 0.000000 0.145900 0.066700 0.101600 0.135700 0.000100 0.176200 0.241700 0.066600 0.212200 0.107400 0.033500 0.071100 0.146000 0.000000 0.034100 0.066700 0.177200 0.033500 0.210600 0.107300 0.067800 0.129600 0.033400 0.069400 0.071100 0.000000 0.068800 0.034100 0.106000 0.071100 0.068600 0.071000 0.106400 0.112600 0.098300 0.000000 0.136400 0.069100 0.146600 0.177200 0.177200
BohorReedb 0.068800 0.365500 0.296400 0.216500 0.035000 0.068000 0.066300 0.138200 0.255900 0.111100 0.068800 0.224500 0.137100 0.100700 0.210100 0.068800 0.133100 0.271800 0.137100 0.252700 0.182600 0.068000 0.144900 0.224300 0.068800 0.104500 0.137100 0.255900 0.102500 0.290100 0.144600 0.067000 0.198800 0.102900 0.142500 0.145800 0.068800 0.000000 0.104600 0.180500 0.144900 0.140900 0.107500 0.181500 0.191800 0.132700 0.068800 0.173800 0.144900 0.224200 0.255900 0.255900
KirksDik 0.034100 0.431300 0.175300 0.217700 0.072700 0.033700 0.101500 0.102300 0.138900 0.111500 0.034100 0.106900 0.101700 0.137100 0.172400 0.034100 0.214000 0.280600 0.032800 0.173500 0.069800 0.068100 0.107800 0.184900 0.034100 0.069000 0.101700 0.138900 0.067600 0.171700 0.144900 0.102800 0.163700 0.067900 0.105800 0.108400 0.034100 0.104600 0.000000 0.143000 0.107800 0.104300 0.107800 0.143600 0.152400 0.132800 0.034100 0.173500 0.106700 0.185400 0.138900 0.138900
RoeDeer 0.106000 0.452300 0.217800 0.314100 0.151000 0.104400 0.101300 0.176400 0.219200 0.112600 0.106000 0.185900 0.101800 0.213800 0.171800 0.105800 0.216300 0.284000 0.101400 0.255300 0.144800 0.140700 0.034700 0.186800 0.106000 0.142700 0.101800 0.219200 0.067400 0.254300 0.070400 0.178300 0.163900 0.067800 0.164700 0.188400 0.106000 0.180500 0.143000 0.000000 0.034700 0.179100 0.108000 0.144700 0.154000 0.206000 0.106000 0.172400 0.189100 0.186400 0.219200 0.219200
WhiteLippe 0.071100 0.405800 0.182100 0.275400 0.113800 0.070000 0.140600 0.141600 0.183400 0.075600 0.071100 0.149300 0.141600 0.178800 0.214600 0.071000 0.180800 0.248500 0.067900 0.219300 0.109300 0.106100 0.000000 0.150200 0.071100 0.107600 0.141600 0.183400 0.105400 0.218600 0.110100 0.143300 0.131700 0.106000 0.125100 0.151700 0.071100 0.144900 0.107800 0.034700 0.000000 0.143100 0.072000 0.109100 0.116500 0.172200 0.071100 0.215000 0.151000 0.150100 0.183400 0.183400
ThomsonGaz 0.068600 0.447900 0.297900 0.180500 0.109400 0.067700 0.136600 0.137700 0.257000 0.147700 0.068600 0.224800 0.136800 0.099200 0.209400 0.068700 0.253800 0.236300 0.136900 0.294200 0.183000 0.102800 0.143100 0.223800 0.068600 0.033200 0.136800 0.257000 0.102200 0.291700 0.181300 0.138300 0.126600 0.102600 0.068100 0.146100 0.068600 0.140900 0.104300 0.179100 0.143100 0.000000 0.143300 0.101100 0.193000 0.167600 0.068600 0.210700 0.139100 0.224900 0.257000 0.257000
MuntiacusC 0.071000 0.398900 0.221300 0.186200 0.074900 0.069900 0.140700 0.141700 0.182600 0.000100 0.071000 0.149200 0.141400 0.178800 0.214500 0.070900 0.142500 0.209500 0.141300 0.138500 0.189500 0.033600 0.074800 0.149500 0.071000 0.107600 0.141400 0.182600 0.105400 0.217200 0.035000 0.143200 0.204800 0.106000 0.125600 0.151200 0.071000 0.107500 0.107800 0.108000 0.072000 0.143300 0.000000 0.108900 0.116000 0.098400 0.071000 0.137200 0.150300 0.149800 0.182600 0.182600
WhiteTaile 0.106400 0.391600 0.259000 0.224700 0.152100 0.104800 0.175900 0.177300 0.219400 0.113000 0.106400 0.186600 0.176700 0.136600 0.250900 0.106200 0.216700 0.202500 0.176800 0.255700 0.227300 0.141400 0.109100 0.107000 0.106400 0.068500 0.176700 0.219400 0.140400 0.253900 0.146600 0.178800 0.163100 0.141200 0.080900 0.189000 0.106400 0.181500 0.143600 0.144700 0.109100 0.101100 0.108900 0.000000 0.154400 0.206700 0.106400 0.252200 0.189300 0.186800 0.219400 0.219400
Cattle 0.112600 0.493800 0.185000 0.336200 0.161500 0.111700 0.185000 0.186500 0.146800 0.120300 0.112600 0.113300 0.186300 0.224000 0.265000 0.113400 0.229800 0.299900 0.186400 0.182700 0.243100 0.149100 0.116500 0.199200 0.112600 0.152100 0.186300 0.146800 0.149200 0.181500 0.155500 0.186900 0.253400 0.148900 0.194400 0.036900 0.112600 0.191800 0.152400 0.154000 0.116500 0.193000 0.116000 0.154400 0.000000 0.218500 0.112600 0.265700 0.199000 0.199600 0.146800 0.146800
RoyalAntel 0.098300 0.409800 0.318000 0.207800 0.103400 0.097100 0.163300 0.094600 0.279100 0.101400 0.098300 0.248700 0.163500 0.198900 0.233400 0.098400 0.238500 0.223500 0.163600 0.232600 0.208700 0.062800 0.172200 0.248200 0.098300 0.132700 0.163500 0.279100 0.130200 0.312100 0.132600 0.165400 0.222100 0.130700 0.169800 0.173500 0.098300 0.132700 0.132800 0.206000 0.172200 0.167600 0.098400 0.206700 0.218500 0.000000 0.098300 0.160400 0.172500 0.247900 0.279100 0.279100
Steenbok 0.000000 0.398100 0.214700 0.185700 0.035900 0.000100 0.066500 0.067000 0.177200 0.073500 0.000000 0.145900 0.066700 0.101600 0.135700 0.000100 0.176200 0.241700 0.066600 0.212200 0.107400 0.033500 0.071100 0.146000 0.000000 0.034100 0.066500 0.177200 0.033500 0.210600 0.107300 0.067800 0.129600 0.033400 0.069400 0.071100 0.000000 0.068800 0.034100 0.106000 0.071100 0.068600 0.071000 0.106400 0.112600 0.098300 0.000000 0.136400 0.069100 0.146600 0.177200 0.177200
Impala 0.136400 0.517600 0.370300 0.245200 0.144400 0.134600 0.132000 0.132400 0.328000 0.141800 0.136400 0.213800 0.131700 0.242400 0.130100 0.136300 0.284300 0.352200 0.204800 0.277800 0.253300 0.098200 0.215000 0.212700 0.136400 0.173200 0.131700 0.328000 0.098600 0.362400 0.100700 0.206600 0.264000 0.098900 0.212500 0.217200 0.136400 0.173800 0.173500 0.172400 0.215000 0.210700 0.137200 0.252200 0.265700 0.160400 0.136400 0.000000 0.179300 0.296500 0.328000 0.328000
Klipspring 0.069100 0.520900 0.306000 0.279200 0.112500 0.067800 0.141100 0.142800 0.267000 0.156700 0.069100 0.232000 0.141900 0.180400 0.178600 0.068800 0.263700 0.335400 0.142300 0.306100 0.191800 0.105800 0.151000 0.218800 0.069100 0.107200 0.141900 0.267000 0.109200 0.304100 0.190600 0.143100 0.207300 0.105200 0.147700 0.149600 0.069100 0.144900 0.106700 0.189100 0.151000 0.139100 0.150300 0.189300 0.199000 0.172500 0.069100 0.179300 0.000000 0.232900 0.267000 0.267000
ForestMusk 0.146600 0.521800 0.305400 0.371700 0.196200 0.144600 0.217700 0.219400 0.264000 0.155000 0.146600 0.231200 0.218800 0.255600 0.295400 0.146500 0.259700 0.327700 0.218900 0.301100 0.274400 0.182500 0.150100 0.231800 0.146600 0.184900 0.218800 0.264000 0.181200 0.299000 0.188200 0.219600 0.280600 0.182200 0.227900 0.234200 0.146600 0.224200 0.185400 0.186400 0.150100 0.224900 0.149800 0.186800 0.199600 0.247900 0.146600 0.296500 0.232900 0.000000 0.264000 0.264000
Bushbuck 0.177200 0.564300 0.031200 0.400600 0.229100 0.175800 0.246700 0.248700 0.000000 0.189000 0.177200 0.103400 0.248300 0.285800 0.327100 0.178400 0.293400 0.362900 0.170400 0.031000 0.220500 0.212200 0.183400 0.265000 0.177200 0.216200 0.248300 0.000000 0.212200 0.030700 0.221000 0.249600 0.312700 0.211900 0.258400 0.180000 0.177200 0.255900 0.138900 0.219200 0.183400 0.257000 0.182600 0.219400 0.146800 0.279100 0.177200 0.328000 0.267000 0.264000 0.000000 0.000000
GreaterKud 0.177200 0.564300 0.031200 0.400600 0.229100 0.175800 0.246700 0.248700 0.000000 0.189000 0.177200 0.103400 0.248300 0.285800 0.327100 0.178400 0.293400 0.362900 0.170400 0.031000 0.220500 0.212200 0.183400 0.265000 0.177200 0.216200 0.248300 0.000000 0.212200 0.030700 0.221000 0.249600 0.312700 0.211900 0.258400 0.180000 0.177200 0.255900 0.138900 0.219200 0.183400 0.257000 0.182600 0.219400 0.146800 0.279100 0.177200 0.328000 0.267000 0.264000 0.000000 0.000000
