1
52 1
Argali 0.000000 0.183500 0.075400 0.129800 0.000100 0.000000 0.036000 0.075100 0.114600 0.077400 0.000000 0.074100 0.000100 0.036100 0.117100 0.075000 0.072900 0.072900 0.000000 0.114600 0.119800 0.000000 0.118300 0.036800 0.000000 0.075000 0.000000 0.114600 0.115700 0.074100 0.077400 0.036500 0.000100 0.036000 0.000000 0.113500 0.000000 0.000100 0.075000 0.036800 0.118300 0.075000 0.077400 0.036800 0.113500 0.118600 0.159600 0.073800 0.116200 0.072900 0.114600 0.160300
LesserMous 0.183500 0.000000 0.236600 0.108700 0.178000 0.183500 0.235400 0.293100 0.282600 0.190900 0.183500 0.233200 0.185100 0.235400 0.246600 0.293100 0.232500 0.232500 0.183500 0.282600 0.364000 0.183500 0.243900 0.187600 0.183500 0.293100 0.183500 0.282600 0.339600 0.233200 0.190900 0.240300 0.188100 0.235400 0.183500 0.282000 0.183500 0.178000 0.293100 0.187600 0.243900 0.293100 0.190900 0.187600 0.282000 0.248400 0.410100 0.237500 0.353900 0.153400 0.282600 0.344500
LesserKudu 0.075400 0.236600 0.000000 0.180200 0.074000 0.075400 0.117600 0.163900 0.037400 0.079100 0.075400 0.000100 0.076500 0.117600 0.213300 0.163900 0.074100 0.074100 0.075400 0.037400 0.219000 0.075400 0.121400 0.000600 0.075400 0.163900 0.075400 0.037400 0.203900 0.000100 0.079100 0.119200 0.076500 0.117600 0.075400 0.037200 0.075400 0.074000 0.163900 0.000600 0.121400 0.163900 0.079100 0.000600 0.037200 0.215800 0.263000 0.118000 0.121600 0.074100 0.037400 0.078000
KillerWhal 0.129800 0.108700 0.180200 0.000000 0.128000 0.129800 0.175100 0.224200 0.221500 0.134900 0.129800 0.177300 0.131200 0.175100 0.281100 0.224200 0.176900 0.176900 0.129800 0.221500 0.286000 0.129800 0.180500 0.133800 0.129800 0.224200 0.129800 0.221500 0.261100 0.177300 0.134900 0.180600 0.134800 0.175100 0.129800 0.219200 0.129800 0.128000 0.224200 0.133800 0.180500 0.224200 0.134900 0.133800 0.219200 0.307200 0.332500 0.179500 0.275800 0.108300 0.221500 0.277500
DefassaWat 0.000100 0.178000 0.074000 0.128000 0.000000 0.000100 0.035500 0.073800 0.112200 0.075800 0.000100 0.072600 0.000300 0.035500 0.114700 0.073800 0.071500 0.071500 0.000100 0.112200 0.117900 0.000100 0.115400 0.036100 0.000100 0.073800 0.000100 0.112200 0.113600 0.072600 0.075800 0.035800 0.000300 0.035500 0.000100 0.111200 0.000100 0.000000 0.073800 0.036100 0.115400 0.073800 0.075800 0.036100 0.111200 0.147300 0.157100 0.072500 0.114400 0.071500 0.112200 0.157000
Sheep 0.000000 0.183500 0.075400 0.129800 0.000100 0.000000 0.036000 0.075000 0.114600 0.077400 0.000000 0.074100 0.000100 0.036000 0.117100 0.075000 0.072900 0.072900 0.000000 0.114600 0.119800 0.000000 0.118300 0.036800 0.000000 0.075000 0.000000 0.114600 0.115700 0.074100 0.077400 0.036500 0.000100 0.036200 0.000000 0.113500 0.000000 0.000100 0.075000 0.036800 0.118300 0.075000 0.077400 0.036800 0.113500 0.118600 0.159600 0.073800 0.116200 0.072900 0.114600 0.160300
MaxwellsDu 0.036000 0.235400 0.117600 0.175100 0.035500 0.036000 0.000000 0.037500 0.158900 0.120700 0.036000 0.115400 0.036700 0.000000 0.077400 0.037200 0.113400 0.113400 0.036000 0.158900 0.079200 0.036000 0.119500 0.076300 0.036000 0.037200 0.036000 0.158900 0.076700 0.115400 0.120700 0.000100 0.036500 0.000000 0.035900 0.157300 0.036000 0.035500 0.037200 0.076300 0.119500 0.037200 0.120700 0.076300 0.157300 0.078400 0.118300 0.036500 0.076700 0.113400 0.158900 0.209100
GazellaPrz 0.075100 0.293100 0.163900 0.224200 0.073800 0.075000 0.037500 0.000000 0.207900 0.168500 0.074800 0.160500 0.076500 0.037200 0.122000 0.000000 0.157700 0.157700 0.075000 0.207900 0.039500 0.074600 0.166600 0.119300 0.075000 0.000000 0.074300 0.207900 0.038100 0.160500 0.168500 0.037700 0.075900 0.037000 0.075000 0.205600 0.075000 0.073800 0.000000 0.119300 0.166600 0.000000 0.168500 0.119300 0.205600 0.123300 0.078300 0.075900 0.120300 0.157700 0.207900 0.263500
MountainNy 0.114600 0.282600 0.037400 0.221500 0.112200 0.114600 0.158900 0.207900 0.000000 0.119100 0.114600 0.036600 0.116400 0.158900 0.260800 0.207900 0.112200 0.112200 0.114600 0.000000 0.268000 0.114600 0.162800 0.036600 0.114600 0.207900 0.114600 0.000000 0.252900 0.036600 0.119100 0.160900 0.116100 0.158900 0.114600 0.074900 0.114600 0.112200 0.207900 0.036600 0.162800 0.207900 0.119100 0.036600 0.074900 0.263600 0.312700 0.159300 0.165200 0.112200 0.000000 0.036900
MuntiacusM 0.077400 0.190900 0.079100 0.134900 0.075800 0.077400 0.120700 0.168500 0.119100 0.000000 0.077400 0.077300 0.078800 0.120700 0.219700 0.168500 0.117200 0.117200 0.077400 0.119100 0.225700 0.077400 0.114900 0.073100 0.077400 0.168500 0.077400 0.119100 0.209400 0.077300 0.000000 0.122300 0.078400 0.120700 0.077400 0.118600 0.077400 0.075800 0.168500 0.073100 0.114900 0.168500 0.000000 0.073100 0.118600 0.221400 0.269900 0.120800 0.169800 0.117200 0.119100 0.166300
goat 0.000000 0.183500 0.075400 0.129800 0.000100 0.000000 0.036000 0.074800 0.114600 0.077400 0.000000 0.074100 0.000100 0.036000 0.117100 0.075000 0.072900 0.072900 0.000000 0.114600 0.119800 0.000000 0.118300 0.036800 0.000000 0.075000 0.000000 0.114600 0.115700 0.074100 0.077400 0.036500 0.000100 0.035900 0.000000 0.113500 0.000000 0.000100 0.075000 0.036800 0.118300 0.075000 0.077400 0.036800 0.113500 0.118600 0.159600 0.073800 0.116200 0.072900 0.114600 0.160300
AfricanBuf 0.074100 0.233200 0.000100 0.177300 0.072600 0.074100 0.115400 0.160500 0.036600 0.077300 0.074100 0.000000 0.075300 0.115400 0.208700 0.160500 0.072800 0.072800 0.074100 0.036600 0.214400 0.074100 0.118400 0.000400 0.074100 0.160500 0.074100 0.036600 0.201500 0.000000 0.077300 0.116700 0.075000 0.115400 0.074100 0.036500 0.074100 0.072600 0.160500 0.000400 0.118400 0.160500 0.077300 0.000400 0.036500 0.211500 0.257300 0.115500 0.119900 0.072800 0.036600 0.076200
Topi 0.000100 0.185100 0.076500 0.131200 0.000300 0.000100 0.036700 0.076500 0.116400 0.078800 0.000100 0.075300 0.000000 0.036700 0.119300 0.076500 0.074100 0.074100 0.000100 0.116400 0.122300 0.000100 0.120600 0.037500 0.000100 0.076500 0.000100 0.116400 0.118100 0.075300 0.078800 0.037100 0.000300 0.036700 0.000100 0.115300 0.000100 0.000300 0.076500 0.037500 0.120600 0.076500 0.078800 0.037500 0.115300 0.120700 0.162800 0.075100 0.118500 0.074100 0.116400 0.163000
CommonDuik 0.036100 0.235400 0.117600 0.175100 0.035500 0.036000 0.000000 0.037200 0.158900 0.120700 0.036000 0.115400 0.036700 0.000000 0.077400 0.037200 0.113400 0.113400 0.035900 0.158900 0.079200 0.036000 0.119500 0.076300 0.036000 0.037100 0.035900 0.158900 0.076500 0.115400 0.120700 0.000100 0.036500 0.000000 0.036300 0.157300 0.036100 0.035500 0.037200 0.076300 0.119500 0.037200 0.120700 0.076300 0.157300 0.078400 0.118300 0.036500 0.076700 0.113400 0.158900 0.209100
Suni 0.117100 0.246600 0.213300 0.281100 0.114700 0.117100 0.077400 0.122000 0.260800 0.219700 0.117100 0.208700 0.119300 0.077400 0.000000 0.122000 0.205100 0.205100 0.117100 0.260800 0.175300 0.117100 0.216500 0.166000 0.117100 0.122000 0.117100 0.260800 0.164500 0.208700 0.219700 0.078000 0.118100 0.077400 0.117100 0.256200 0.117100 0.114700 0.122000 0.166000 0.216500 0.122000 0.219700 0.166000 0.256200 0.081400 0.216900 0.118100 0.166200 0.205100 0.260800 0.324500
Springbuck 0.075000 0.293100 0.163900 0.224200 0.073800 0.075000 0.037200 0.000000 0.207900 0.168500 0.075000 0.160500 0.076500 0.037200 0.122000 0.000000 0.157700 0.157700 0.075000 0.207900 0.039500 0.075000 0.166600 0.119300 0.075000 0.000000 0.075000 0.207900 0.037500 0.160500 0.168500 0.037700 0.075900 0.037200 0.075000 0.205600 0.075000 0.073800 0.000000 0.119300 0.166600 0.000000 0.168500 0.119300 0.205600 0.123300 0.078300 0.075900 0.120300 0.157700 0.207900 0.263500
Okapi 0.072900 0.232500 0.074100 0.176900 0.071500 0.072900 0.113400 0.157700 0.112200 0.117200 0.072900 0.072800 0.074100 0.113400 0.205100 0.157700 0.000000 0.000000 0.072900 0.112200 0.211300 0.072900 0.159500 0.036200 0.072900 0.157700 0.072900 0.112200 0.200500 0.072800 0.117200 0.114100 0.073400 0.113400 0.072900 0.111300 0.072900 0.071500 0.157700 0.036200 0.159500 0.157700 0.117200 0.036200 0.111300 0.208000 0.254200 0.113000 0.204100 0.071700 0.112200 0.156900
Giraffe 0.072900 0.232500 0.074100 0.176900 0.071500 0.072900 0.113400 0.157700 0.112200 0.117200 0.072900 0.072800 0.074100 0.113400 0.205100 0.157700 0.000000 0.000000 0.072900 0.112200 0.211300 0.072900 0.159500 0.036200 0.072900 0.157700 0.072900 0.112200 0.200500 0.072800 0.117200 0.114100 0.073400 0.113400 0.072900 0.111300 0.072900 0.071500 0.157700 0.036200 0.159500 0.157700 0.117200 0.036200 0.111300 0.208000 0.254200 0.113000 0.204100 0.071700 0.112200 0.156900
TibetanAnt 0.000000 0.183500 0.075400 0.129800 0.000100 0.000000 0.036000 0.075000 0.114600 0.077400 0.000000 0.074100 0.000100 0.035900 0.117100 0.075000 0.072900 0.072900 0.000000 0.114600 0.119800 0.000000 0.118300 0.036800 0.000000 0.075000 0.000000 0.114600 0.115700 0.074100 0.077400 0.036500 0.000100 0.036000 0.000000 0.113500 0.000000 0.000100 0.075000 0.036800 0.118300 0.075000 0.077400 0.036800 0.113500 0.118600 0.159600 0.073800 0.116200 0.072900 0.114600 0.160300
Sitatunga 0.114600 0.282600 0.037400 0.221500 0.112200 0.114600 0.158900 0.207900 0.000000 0.119100 0.114600 0.036600 0.116400 0.158900 0.260800 0.207900 0.112200 0.112200 0.114600 0.000000 0.268000 0.114600 0.162800 0.036600 0.114600 0.207900 0.114600 0.000000 0.252900 0.036600 0.119100 0.160900 0.116100 0.158900 0.114600 0.074900 0.114600 0.112200 0.207900 0.036600 0.162800 0.207900 0.119100 0.036600 0.074900 0.263600 0.312700 0.159300 0.165200 0.112200 0.000000 0.037600
Oribi 0.119800 0.364000 0.219000 0.286000 0.117900 0.119800 0.079200 0.039500 0.268000 0.225700 0.119800 0.214400 0.122300 0.079200 0.175300 0.039500 0.211300 0.211300 0.119800 0.268000 0.000000 0.119800 0.222300 0.170600 0.119800 0.039500 0.119800 0.268000 0.081500 0.214400 0.225700 0.080300 0.121500 0.079700 0.119800 0.263300 0.119800 0.117900 0.039500 0.170600 0.222300 0.039500 0.225700 0.170600 0.263300 0.176000 0.038300 0.121500 0.170600 0.211300 0.268000 0.334200
BarbaryShe 0.000000 0.183500 0.075400 0.129800 0.000100 0.000000 0.036000 0.074600 0.114600 0.077400 0.000000 0.074100 0.000100 0.036000 0.117100 0.075000 0.072900 0.072900 0.000000 0.114600 0.119800 0.000000 0.118300 0.036800 0.000000 0.075000 0.000000 0.114600 0.115700 0.074100 0.077400 0.036500 0.000100 0.036000 0.000000 0.113500 0.000000 0.000100 0.075000 0.036800 0.118300 0.075000 0.077400 0.036800 0.113500 0.118600 0.159600 0.073800 0.116200 0.072900 0.114600 0.160300
Daviddeer 0.118300 0.243900 0.121400 0.180500 0.115400 0.118300 0.119500 0.166600 0.162800 0.114900 0.118300 0.118400 0.120600 0.119500 0.216500 0.166600 0.159500 0.159500 0.118300 0.162800 0.222300 0.118300 0.000000 0.111300 0.118300 0.166600 0.118300 0.162800 0.209100 0.118400 0.114900 0.120800 0.119600 0.119500 0.118300 0.163300 0.118300 0.115400 0.166600 0.111300 0.000000 0.166600 0.114900 0.111300 0.163300 0.221100 0.267300 0.119600 0.169900 0.159500 0.162800 0.213400
Reindeer 0.036800 0.187600 0.000600 0.133800 0.036100 0.036800 0.076300 0.119300 0.036600 0.073100 0.036800 0.000400 0.037500 0.076300 0.166000 0.119300 0.036200 0.036200 0.036800 0.036600 0.170600 0.036800 0.111300 0.000000 0.036800 0.119300 0.036800 0.036600 0.156400 0.000400 0.073100 0.077200 0.037300 0.076300 0.036800 0.036600 0.036800 0.036100 0.119300 0.000000 0.111300 0.119300 0.073100 0.000000 0.036600 0.168500 0.214100 0.076500 0.120100 0.036200 0.036600 0.076900
Ibex 0.000000 0.183500 0.075400 0.129800 0.000100 0.000000 0.036000 0.075000 0.114600 0.077400 0.000000 0.074100 0.000100 0.036000 0.117100 0.075000 0.072900 0.072900 0.000000 0.114600 0.119800 0.000000 0.118300 0.036800 0.000000 0.075000 0.000000 0.114600 0.115700 0.074100 0.077400 0.036500 0.000100 0.036000 0.000000 0.113500 0.000000 0.000100 0.075000 0.036800 0.118300 0.075000 0.077400 0.036800 0.113500 0.118600 0.159600 0.073800 0.116200 0.072900 0.114600 0.160300
GyrantGaze 0.075000 0.293100 0.163900 0.224200 0.073800 0.075000 0.037200 0.000000 0.207900 0.168500 0.075000 0.160500 0.076500 0.037100 0.122000 0.000000 0.157700 0.157700 0.075000 0.207900 0.039500 0.075000 0.166600 0.119300 0.075000 0.000000 0.075000 0.207900 0.038100 0.160500 0.168500 0.037700 0.075900 0.037300 0.074800 0.205600 0.075000 0.073800 0.000000 0.119300 0.166600 0.000000 0.168500 0.119300 0.205600 0.123300 0.078300 0.075900 0.120300 0.157700 0.207900 0.263500
Hartebeest 0.000000 0.183500 0.075400 0.129800 0.000100 0.000000 0.036000 0.074300 0.114600 0.077400 0.000000 0.074100 0.000100 0.035900 0.117100 0.075000 0.072900 0.072900 0.000000 0.114600 0.119800 0.000000 0.118300 0.036800 0.000000 0.075000 0.000000 0.114600 0.115700 0.074100 0.077400 0.036500 0.000100 0.035900 0.000000 0.113500 0.000000 0.000100 0.075000 0.036800 0.118300 0.075000 0.077400 0.036800 0.113500 0.118600 0.159600 0.073800 0.116200 0.072900 0.114600 0.160300
Bongo 0.114600 0.282600 0.037400 0.221500 0.112200 0.114600 0.158900 0.207900 0.000000 0.119100 0.114600 0.036600 0.116400 0.158900 0.260800 0.207900 0.112200 0.112200 0.114600 0.000000 0.268000 0.114600 0.162800 0.036600 0.114600 0.207900 0.114600 0.000000 0.252900 0.036600 0.119100 0.160900 0.116100 0.158900 0.114600 0.074900 0.114600 0.112200 0.207900 0.036600 0.162800 0.207900 0.119100 0.036600 0.074900 0.263600 0.312700 0.159300 0.165200 0.112200 0.000000 0.037100
Gerenuk 0.115700 0.339600 0.203900 0.261100 0.113600 0.115700 0.076700 0.038100 0.252900 0.209400 0.115700 0.201500 0.118100 0.076500 0.164500 0.037500 0.200500 0.200500 0.115700 0.252900 0.081500 0.115700 0.209100 0.156400 0.115700 0.038100 0.115700 0.252900 0.000000 0.201500 0.209400 0.072100 0.113300 0.076500 0.115700 0.247800 0.115700 0.113600 0.038100 0.156400 0.209100 0.038100 0.209400 0.156400 0.247800 0.169500 0.121100 0.113300 0.164000 0.200500 0.252900 0.314900
CommonElan 0.074100 0.233200 0.000100 0.177300 0.072600 0.074100 0.115400 0.160500 0.036600 0.077300 0.074100 0.000000 0.075300 0.115400 0.208700 0.160500 0.072800 0.072800 0.074100 0.036600 0.214400 0.074100 0.118400 0.000400 0.074100 0.160500 0.074100 0.036600 0.201500 0.000000 0.077300 0.116700 0.075000 0.115400 0.074100 0.036500 0.074100 0.072600 0.160500 0.000400 0.118400 0.160500 0.077300 0.000400 0.036500 0.211500 0.257300 0.115500 0.119900 0.072800 0.036600 0.076200
MuntiacusR 0.077400 0.190900 0.079100 0.134900 0.075800 0.077400 0.120700 0.168500 0.119100 0.000000 0.077400 0.077300 0.078800 0.120700 0.219700 0.168500 0.117200 0.117200 0.077400 0.119100 0.225700 0.077400 0.114900 0.073100 0.077400 0.168500 0.077400 0.119100 0.209400 0.077300 0.000000 0.122300 0.078400 0.120700 0.077400 0.118600 0.077400 0.075800 0.168500 0.073100 0.114900 0.168500 0.000000 0.073100 0.118600 0.221400 0.269900 0.120800 0.169800 0.117200 0.119100 0.166300
HarveysDui 0.036500 0.240300 0.119200 0.180600 0.035800 0.036500 0.000100 0.037700 0.160900 0.122300 0.036500 0.116700 0.037100 0.000100 0.078000 0.037700 0.114100 0.114100 0.036500 0.160900 0.080300 0.036500 0.120800 0.077200 0.036500 0.037700 0.036500 0.160900 0.072100 0.116700 0.122300 0.000000 0.036500 0.000100 0.036500 0.159300 0.036500 0.035800 0.037700 0.077200 0.120800 0.037700 0.122300 0.077200 0.159300 0.079100 0.119800 0.036500 0.077600 0.114100 0.160900 0.212100
Pronghorn 0.000100 0.188100 0.076500 0.134800 0.000300 0.000100 0.036500 0.075900 0.116100 0.078400 0.000100 0.075000 0.000300 0.036500 0.118100 0.075900 0.073400 0.073400 0.000100 0.116100 0.121500 0.000100 0.119600 0.037300 0.000100 0.075900 0.000100 0.116100 0.113300 0.075000 0.078400 0.036500 0.000000 0.036500 0.000100 0.115000 0.000100 0.000300 0.075900 0.037300 0.119600 0.075900 0.078400 0.037300 0.115000 0.119700 0.161900 0.074400 0.117700 0.073400 0.116100 0.162600
BlueWildeb 0.036000 0.235400 0.117600 0.175100 0.035500 0.036200 0.000000 0.037000 0.158900 0.120700 0.035900 0.115400 0.036700 0.000000 0.077400 0.037200 0.113400 0.113400 0.036000 0.158900 0.079700 0.036000 0.119500 0.076300 0.036000 0.037300 0.035900 0.158900 0.076500 0.115400 0.120700 0.000100 0.036500 0.000000 0.036000 0.157300 0.036000 0.035500 0.037200 0.076300 0.119500 0.037100 0.120700 0.076300 0.157300 0.078400 0.118300 0.036500 0.076700 0.113400 0.158900 0.209100
Gemsbok 0.000000 0.183500 0.075400 0.129800 0.000100 0.000000 0.035900 0.075000 0.114600 0.077400 0.000000 0.074100 0.000100 0.036300 0.117100 0.075000 0.072900 0.072900 0.000000 0.114600 0.119800 0.000000 0.118300 0.036800 0.000000 0.074800 0.000000 0.114600 0.115700 0.074100 0.077400 0.036500 0.000100 0.036000 0.000000 0.113500 0.000000 0.000100 0.075000 0.036800 0.118300 0.075000 0.077400 0.036800 0.113500 0.118600 0.159600 0.073800 0.116200 0.072900 0.114600 0.160300
Yak 0.113500 0.282000 0.037200 0.219200 0.111200 0.113500 0.157300 0.205600 0.074900 0.118600 0.113500 0.036500 0.115300 0.157300 0.256200 0.205600 0.111300 0.111300 0.113500 0.074900 0.263300 0.113500 0.163300 0.036600 0.113500 0.205600 0.113500 0.074900 0.247800 0.036500 0.118600 0.159300 0.115000 0.157300 0.113500 0.000000 0.113500 0.111200 0.205600 0.036600 0.163300 0.205600 0.118600 0.036600 0.000000 0.260300 0.307600 0.157700 0.165400 0.111300 0.074900 0.117000
BlueSheep 0.000000 0.183500 0.075400 0.129800 0.000100 0.000000 0.036000 0.075000 0.114600 0.077400 0.000000 0.074100 0.000100 0.036100 0.117100 0.075000 0.072900 0.072900 0.000000 0.114600 0.119800 0.000000 0.118300 0.036800 0.000000 0.075000 0.000000 0.114600 0.115700 0.074100 0.077400 0.036500 0.000100 0.036000 0.000000 0.113500 0.000000 0.000100 0.075000 0.036800 0.118300 0.075000 0.077400 0.036800 0.113500 0.118600 0.159600 0.073800 0.116200 0.072900 0.114600 0.160300
BohorReedb 0.000100 0.178000 0.074000 0.128000 0.000000 0.000100 0.035500 0.073800 0.112200 0.075800 0.000100 0.072600 0.000300 0.035500 0.114700 0.073800 0.071500 0.071500 0.000100 0.112200 0.117900 0.000100 0.115400 0.036100 0.000100 0.073800 0.000100 0.112200 0.113600 0.072600 0.075800 0.035800 0.000300 0.035500 0.000100 0.111200 0.000100 0.000000 0.073800 0.036100 0.115400 0.073800 0.075800 0.036100 0.111200 0.147300 0.157100 0.072500 0.114400 0.071500 0.112200 0.157000
KirksDik 0.075000 0.293100 0.163900 0.224200 0.073800 0.075000 0.037200 0.000000 0.207900 0.168500 0.075000 0.160500 0.076500 0.037200 0.122000 0.000000 0.157700 0.157700 0.075000 0.207900 0.039500 0.075000 0.166600 0.119300 0.075000 0.000000 0.075000 0.207900 0.038100 0.160500 0.168500 0.037700 0.075900 0.037200 0.075000 0.205600 0.075000 0.073800 0.000000 0.119300 0.166600 0.000000 0.168500 0.119300 0.205600 0.123300 0.078300 0.075900 0.120300 0.157700 0.207900 0.263500
RoeDeer 0.036800 0.187600 0.000600 0.133800 0.036100 0.036800 0.076300 0.119300 0.036600 0.073100 0.036800 0.000400 0.037500 0.076300 0.166000 0.119300 0.036200 0.036200 0.036800 0.036600 0.170600 0.036800 0.111300 0.000000 0.036800 0.119300 0.036800 0.036600 0.156400 0.000400 0.073100 0.077200 0.037300 0.076300 0.036800 0.036600 0.036800 0.036100 0.119300 0.000000 0.111300 0.119300 0.073100 0.000000 0.036600 0.168500 0.214100 0.076500 0.120100 0.036200 0.036600 0.076900
WhiteLippe 0.118300 0.243900 0.121400 0.180500 0.115400 0.118300 0.119500 0.166600 0.162800 0.114900 0.118300 0.118400 0.120600 0.119500 0.216500 0.166600 0.159500 0.159500 0.118300 0.162800 0.222300 0.118300 0.000000 0.111300 0.118300 0.166600 0.118300 0.162800 0.209100 0.118400 0.114900 0.120800 0.119600 0.119500 0.118300 0.163300 0.118300 0.115400 0.166600 0.111300 0.000000 0.166600 0.114900 0.111300 0.163300 0.221100 0.267300 0.119600 0.169900 0.159500 0.162800 0.213400
ThomsonGaz 0.075000 0.293100 0.163900 0.224200 0.073800 0.075000 0.037200 0.000000 0.207900 0.168500 0.075000 0.160500 0.076500 0.037200 0.122000 0.000000 0.157700 0.157700 0.075000 0.207900 0.039500 0.075000 0.166600 0.119300 0.075000 0.000000 0.075000 0.207900 0.038100 0.160500 0.168500 0.037700 0.075900 0.037100 0.075000 0.205600 0.075000 0.073800 0.000000 0.119300 0.166600 0.000000 0.168500 0.119300 0.205600 0.123300 0.078300 0.075900 0.120300 0.157700 0.207900 0.263500
MuntiacusC 0.077400 0.190900 0.079100 0.134900 0.075800 0.077400 0.120700 0.168500 0.119100 0.000000 0.077400 0.077300 0.078800 0.120700 0.219700 0.168500 0.117200 0.117200 0.077400 0.119100 0.225700 0.077400 0.114900 0.073100 0.077400 0.168500 0.077400 0.119100 0.209400 0.077300 0.000000 0.122300 0.078400 0.120700 0.077400 0.118600 0.077400 0.075800 0.168500 0.073100 0.114900 0.168500 0.000000 0.073100 0.118600 0.221400 0.269900 0.120800 0.169800 0.117200 0.119100 0.166300
WhiteTaile 0.036800 0.187600 0.000600 0.133800 0.036100 0.036800 0.076300 0.119300 0.036600 0.073100 0.036800 0.000400 0.037500 0.076300 0.166000 0.119300 0.036200 0.036200 0.036800 0.036600 0.170600 0.036800 0.111300 0.000000 0.036800 0.119300 0.036800 0.036600 0.156400 0.000400 0.073100 0.077200 0.037300 0.076300 0.036800 0.036600 0.036800 0.036100 0.119300 0.000000 0.111300 0.119300 0.073100 0.000000 0.036600 0.168500 0.214100 0.076500 0.120100 0.036200 0.036600 0.076900
Cattle 0.113500 0.282000 0.037200 0.219200 0.111200 0.113500 0.157300 0.205600 0.074900 0.118600 0.113500 0.036500 0.115300 0.157300 0.256200 0.205600 0.111300 0.111300 0.113500 0.074900 0.263300 0.113500 0.163300 0.036600 0.113500 0.205600 0.113500 0.074900 0.247800 0.036500 0.118600 0.159300 0.115000 0.157300 0.113500 0.000000 0.113500 0.111200 0.205600 0.036600 0.163300 0.205600 0.118600 0.036600 0.000000 0.260300 0.307600 0.157700 0.165400 0.111300 0.074900 0.117000
RoyalAntel 0.118600 0.248400 0.215800 0.307200 0.147300 0.118600 0.078400 0.123300 0.263600 0.221400 0.118600 0.211500 0.120700 0.078400 0.081400 0.123300 0.208000 0.208000 0.118600 0.263600 0.176000 0.118600 0.221100 0.168500 0.118600 0.123300 0.118600 0.263600 0.169500 0.211500 0.221400 0.079100 0.119700 0.078400 0.118600 0.260300 0.118600 0.147300 0.123300 0.168500 0.221100 0.123300 0.221400 0.168500 0.260300 0.000000 0.217700 0.119700 0.169100 0.208000 0.263600 0.326000
Steenbok 0.159600 0.410100 0.263000 0.332500 0.157100 0.159600 0.118300 0.078300 0.312700 0.269900 0.159600 0.257300 0.162800 0.118300 0.216900 0.078300 0.254200 0.254200 0.159600 0.312700 0.038300 0.159600 0.267300 0.214100 0.159600 0.078300 0.159600 0.312700 0.121100 0.257300 0.269900 0.119800 0.161900 0.118300 0.159600 0.307600 0.159600 0.157100 0.078300 0.214100 0.267300 0.078300 0.269900 0.214100 0.307600 0.217700 0.000000 0.161900 0.212100 0.254200 0.312700 0.383000
Impala 0.073800 0.237500 0.118000 0.179500 0.072500 0.073800 0.036500 0.075900 0.159300 0.120800 0.073800 0.115500 0.075100 0.036500 0.118100 0.075900 0.113000 0.113000 0.073800 0.159300 0.121500 0.073800 0.119600 0.076500 0.073800 0.075900 0.073800 0.159300 0.113300 0.115500 0.120800 0.036500 0.074400 0.036500 0.073800 0.157700 0.073800 0.072500 0.075900 0.076500 0.119600 0.075900 0.120800 0.076500 0.157700 0.119700 0.161900 0.000000 0.117700 0.113000 0.159300 0.209900
Klipspring 0.116200 0.353900 0.121600 0.275800 0.114400 0.116200 0.076700 0.120300 0.165200 0.169800 0.116200 0.119900 0.118500 0.076700 0.166200 0.120300 0.204100 0.204100 0.116200 0.165200 0.170600 0.116200 0.169900 0.120100 0.116200 0.120300 0.116200 0.165200 0.164000 0.119900 0.169800 0.077600 0.117700 0.076700 0.116200 0.165400 0.116200 0.114400 0.120300 0.120100 0.169900 0.120300 0.169800 0.120100 0.165400 0.169100 0.212100 0.117700 0.000000 0.204100 0.165200 0.216700
ForestMusk 0.072900 0.153400 0.074100 0.108300 0.071500 0.072900 0.113400 0.157700 0.112200 0.117200 0.072900 0.072800 0.074100 0.113400 0.205100 0.157700 0.071700 0.071700 0.072900 0.112200 0.211300 0.072900 0.159500 0.036200 0.072900 0.157700 0.072900 0.112200 0.200500 0.072800 0.117200 0.114100 0.073400 0.113400 0.072900 0.111300 0.072900 0.071500 0.157700 0.036200 0.159500 0.157700 0.117200 0.036200 0.111300 0.208000 0.254200 0.113000 0.204100 0.000000 0.112200 0.156900
Bushbuck 0.114600 0.282600 0.037400 0.221500 0.112200 0.114600 0.158900 0.207900 0.000000 0.119100 0.114600 0.036600 0.116400 0.158900 0.260800 0.207900 0.112200 0.112200 0.114600 0.000000 0.268000 0.114600 0.162800 0.036600 0.114600 0.207900 0.114600 0.000000 0.252900 0.036600 0.119100 0.160900 0.116100 0.158900 0.114600 0.074900 0.114600 0.112200 0.207900 0.036600 0.162800 0.207900 0.119100 0.036600 0.074900 0.263600 0.312700 0.159300 0.165200 0.112200 0.000000 0.037600
GreaterKud 0.160300 0.344500 0.078000 0.277500 0.157000 0.160300 0.209100 0.263500 0.036900 0.166300 0.160300 0.076200 0.163000 0.209100 0.324500 0.263500 0.156900 0.156900 0.160300 0.037600 0.334200 0.160300 0.213400 0.076900 0.160300 0.263500 0.160300 0.037100 0.314900 0.076200 0.166300 0.212100 0.162600 0.209100 0.160300 0.117000 0.160300 0.157000 0.263500 0.076900 0.213400 0.263500 0.166300 0.076900 0.117000 0.326000 0.383000 0.209900 0.216700 0.156900 0.037600 0.000000
