1
52 1
Argali 0.000000 0.397300 0.073800 0.397900 0.050100 0.023900 0.102400 0.049300 0.128000 0.174700 0.024400 0.102100 0.103400 0.048800 0.176000 0.102000 0.098600 0.073400 0.024000 0.126400 0.131800 0.023900 0.144600 0.148100 0.023100 0.100500 0.023900 0.127500 0.099700 0.126400 0.174700 0.048800 0.023400 0.049900 0.129300 0.077100 0.045800 0.075000 0.130000 0.216200 0.144600 0.076600 0.174700 0.148100 0.077100 0.101300 0.076400 0.099000 0.074500 0.076700 0.102100 0.101700
LesserMous 0.397300 0.000000 0.442800 0.590300 0.419600 0.448800 0.409300 0.409400 0.443800 0.489000 0.448800 0.409800 0.420400 0.404400 0.543800 0.498800 0.431800 0.395500 0.446400 0.438600 0.468300 0.448800 0.480200 0.493400 0.448800 0.449500 0.448800 0.441000 0.483600 0.438600 0.489000 0.404400 0.393800 0.416600 0.456000 0.377400 0.483400 0.449800 0.546900 0.564900 0.480200 0.464800 0.489000 0.493400 0.377400 0.451300 0.463500 0.435100 0.445900 0.337700 0.409800 0.498400
LesserKudu 0.073800 0.442800 0.000000 0.479900 0.078400 0.046700 0.133600 0.132100 0.049900 0.235100 0.049700 0.076800 0.134800 0.076300 0.178200 0.133100 0.154500 0.127700 0.049900 0.049300 0.165500 0.049700 0.201200 0.205900 0.049700 0.131000 0.049700 0.049700 0.129900 0.047400 0.235100 0.076300 0.073100 0.078000 0.162100 0.051600 0.074300 0.104200 0.163000 0.275400 0.201200 0.106700 0.235100 0.205900 0.051600 0.132000 0.106300 0.100200 0.103600 0.133500 0.024900 0.024800
KillerWhal 0.397900 0.590300 0.479900 0.000000 0.505300 0.446800 0.583300 0.491800 0.573300 0.446700 0.446800 0.452400 0.596200 0.487100 0.494800 0.586300 0.469800 0.433100 0.446000 0.563200 0.554800 0.446800 0.439700 0.449300 0.446800 0.580600 0.446800 0.484400 0.571700 0.563200 0.446700 0.487100 0.356000 0.502500 0.637900 0.502200 0.477800 0.453200 0.540300 0.520900 0.439700 0.553300 0.446700 0.449300 0.502200 0.535400 0.551700 0.396900 0.534600 0.454400 0.535800 0.531600
DefassaWat 0.050100 0.419600 0.078400 0.505300 0.000000 0.025300 0.052400 0.051700 0.078900 0.183800 0.025300 0.052500 0.053200 0.051500 0.129100 0.052200 0.103600 0.077100 0.025300 0.077900 0.080900 0.025300 0.151800 0.155600 0.025300 0.077800 0.025300 0.078800 0.050900 0.077900 0.183800 0.051500 0.076600 0.000200 0.079700 0.026300 0.050500 0.025300 0.079600 0.226400 0.151800 0.026100 0.183800 0.155600 0.026300 0.052000 0.026100 0.050800 0.025400 0.080400 0.052500 0.108200
Sheep 0.023900 0.448800 0.046700 0.446800 0.025300 0.000000 0.077600 0.076700 0.103500 0.207800 0.000000 0.077400 0.078400 0.024700 0.152000 0.077300 0.128100 0.101600 0.000000 0.102100 0.106600 0.000000 0.175200 0.179400 0.000000 0.076100 0.000000 0.103100 0.075500 0.102100 0.207800 0.024700 0.047600 0.025200 0.104500 0.052000 0.023000 0.050500 0.105000 0.249100 0.175200 0.051600 0.207800 0.179400 0.052000 0.076700 0.051500 0.074900 0.050200 0.106400 0.077400 0.077000
MaxwellsDu 0.102400 0.409300 0.133600 0.583300 0.052400 0.077600 0.000000 0.105600 0.134600 0.241600 0.077600 0.107400 0.108700 0.050500 0.184500 0.106500 0.158900 0.131300 0.077400 0.132700 0.137700 0.077600 0.206800 0.211600 0.077600 0.132300 0.077600 0.134100 0.103900 0.132700 0.241600 0.048700 0.130300 0.052100 0.135900 0.080700 0.103100 0.078300 0.135700 0.282700 0.206800 0.080100 0.241600 0.211600 0.080700 0.106300 0.079800 0.103800 0.077800 0.137400 0.107400 0.165800
GazellaPrz 0.049300 0.409400 0.132100 0.491800 0.051700 0.076700 0.105600 0.000000 0.132900 0.180300 0.076700 0.106100 0.107400 0.103900 0.182700 0.051100 0.101700 0.075700 0.076500 0.131200 0.079200 0.076700 0.149000 0.152700 0.076700 0.076200 0.076700 0.132700 0.049800 0.131200 0.180300 0.103900 0.075200 0.051500 0.134300 0.079700 0.101900 0.077500 0.077900 0.222700 0.149000 0.025600 0.180300 0.152700 0.079700 0.105200 0.025500 0.102700 0.076800 0.079200 0.106100 0.164100
MountainNy 0.128000 0.443800 0.049900 0.573300 0.078900 0.103500 0.134600 0.132900 0.000000 0.236600 0.103500 0.077400 0.135700 0.132500 0.179400 0.133900 0.155500 0.128500 0.103800 0.049600 0.166600 0.103500 0.202500 0.207000 0.103500 0.160000 0.103500 0.050100 0.130700 0.049600 0.236600 0.132500 0.126600 0.078500 0.163100 0.051900 0.128900 0.104900 0.164100 0.277200 0.202500 0.107400 0.236600 0.207000 0.051900 0.132800 0.107000 0.100800 0.104300 0.134300 0.023900 0.077200
MuntiacusM 0.174700 0.489000 0.235100 0.446700 0.183800 0.207800 0.241600 0.180300 0.236600 0.000000 0.207800 0.209100 0.245400 0.238300 0.142000 0.241300 0.171900 0.146100 0.207500 0.233400 0.214100 0.207800 0.021400 0.067400 0.207800 0.267800 0.207800 0.177300 0.235700 0.233400 0.000000 0.238300 0.145200 0.182200 0.242900 0.182700 0.233700 0.152000 0.274300 0.131700 0.021000 0.214400 0.000000 0.067400 0.182700 0.240900 0.213600 0.173400 0.207900 0.152500 0.209100 0.270500
goat 0.024400 0.448800 0.049700 0.446800 0.025300 0.000000 0.077600 0.076700 0.103500 0.207800 0.000000 0.077400 0.078400 0.024700 0.152000 0.077300 0.128100 0.101600 0.000000 0.102100 0.106600 0.000000 0.175200 0.179400 0.000000 0.076100 0.000000 0.103100 0.075500 0.102100 0.207800 0.024700 0.048600 0.025200 0.104500 0.052000 0.023200 0.050500 0.105000 0.249100 0.175200 0.051600 0.207800 0.179400 0.052000 0.076700 0.051500 0.074900 0.050200 0.106400 0.077400 0.077000
AfricanBuf 0.102100 0.409800 0.076800 0.452400 0.052500 0.077400 0.107400 0.106100 0.077400 0.209100 0.077400 0.000000 0.108300 0.105600 0.153100 0.106900 0.129000 0.102400 0.077600 0.076300 0.138400 0.077400 0.176300 0.180400 0.077400 0.132900 0.077400 0.077100 0.104300 0.076300 0.209100 0.105600 0.101000 0.052200 0.135500 0.025900 0.102800 0.078500 0.136200 0.250300 0.176300 0.080300 0.209100 0.180400 0.025900 0.106000 0.080000 0.075500 0.078000 0.107100 0.051500 0.105800
Topi 0.103400 0.420400 0.134800 0.596200 0.053200 0.078400 0.108700 0.107400 0.135700 0.245400 0.078400 0.108300 0.000000 0.106800 0.186000 0.108300 0.161300 0.133400 0.078600 0.133900 0.140100 0.078400 0.209800 0.215100 0.078400 0.134600 0.078400 0.135100 0.105500 0.133900 0.245400 0.106800 0.131700 0.052900 0.079700 0.081900 0.104100 0.079400 0.137900 0.286500 0.209800 0.081400 0.245400 0.215100 0.081900 0.107400 0.081100 0.104800 0.078900 0.081000 0.108300 0.167600
CommonDuik 0.048800 0.404400 0.076300 0.487100 0.051500 0.024700 0.050500 0.103900 0.132500 0.238300 0.024700 0.105600 0.106800 0.000000 0.181600 0.104700 0.156500 0.129300 0.024600 0.130600 0.135500 0.024700 0.203900 0.208600 0.024700 0.103100 0.024700 0.132000 0.102300 0.130600 0.238300 0.000000 0.074400 0.051200 0.133600 0.079300 0.049100 0.077000 0.133500 0.279100 0.203900 0.078700 0.238300 0.208600 0.079300 0.104500 0.078500 0.102100 0.076500 0.135300 0.105600 0.105000
Suni 0.176000 0.543800 0.178200 0.494800 0.129100 0.152000 0.184500 0.182700 0.179400 0.142000 0.152000 0.153100 0.186000 0.181600 0.000000 0.184100 0.147500 0.148100 0.152800 0.177000 0.157800 0.152000 0.114600 0.117200 0.152000 0.210000 0.152000 0.123800 0.180000 0.177000 0.142000 0.181600 0.146200 0.127900 0.184000 0.128300 0.122100 0.099700 0.215000 0.182800 0.114600 0.157900 0.142000 0.117200 0.128300 0.182300 0.157400 0.121100 0.153100 0.154700 0.153100 0.210600
Springbuck 0.102000 0.498800 0.133100 0.586300 0.052200 0.077300 0.106500 0.051100 0.133900 0.241300 0.077300 0.106900 0.108300 0.104700 0.184100 0.000000 0.158200 0.130700 0.076600 0.132100 0.079800 0.077300 0.206500 0.211600 0.077300 0.076700 0.077300 0.133700 0.050200 0.132100 0.241300 0.104700 0.130000 0.051800 0.135400 0.080300 0.102700 0.078000 0.078100 0.282100 0.206500 0.025600 0.241300 0.211600 0.080300 0.105900 0.025700 0.103400 0.077300 0.137100 0.106900 0.165500
Okapi 0.098600 0.431800 0.154500 0.469800 0.103600 0.128100 0.158900 0.101700 0.155500 0.171900 0.128100 0.129000 0.161300 0.156500 0.147500 0.158200 0.000000 0.023400 0.127700 0.153400 0.191400 0.128100 0.142400 0.145900 0.128100 0.184400 0.128100 0.154800 0.154700 0.153400 0.171900 0.156500 0.071800 0.102800 0.188700 0.103100 0.126300 0.129100 0.188600 0.213200 0.142400 0.131900 0.171900 0.145900 0.103100 0.158000 0.131400 0.097900 0.128200 0.075500 0.129000 0.186500
Giraffe 0.073400 0.395500 0.127700 0.433100 0.077100 0.101600 0.131300 0.075700 0.128500 0.146100 0.101600 0.102400 0.133400 0.129300 0.148100 0.130700 0.023400 0.000000 0.101300 0.126800 0.162500 0.101600 0.117700 0.120500 0.101600 0.156300 0.101600 0.128000 0.127700 0.126800 0.146100 0.129300 0.047500 0.076100 0.160300 0.076800 0.126800 0.102400 0.160100 0.187700 0.117700 0.104700 0.146100 0.120500 0.076800 0.130500 0.104300 0.073000 0.101700 0.049900 0.102400 0.158500
TibetanAnt 0.024000 0.446400 0.049900 0.446000 0.025300 0.000000 0.077400 0.076500 0.103800 0.207500 0.000000 0.077600 0.078600 0.024600 0.152800 0.076600 0.127700 0.101300 0.000000 0.102400 0.106300 0.000000 0.175000 0.179300 0.000000 0.075900 0.000000 0.103600 0.075300 0.102400 0.207500 0.024600 0.048700 0.025100 0.104800 0.051800 0.024100 0.050500 0.104100 0.248800 0.175000 0.051200 0.207500 0.179300 0.051800 0.076900 0.051300 0.075200 0.050000 0.106000 0.077600 0.077300
Sitatunga 0.126400 0.438600 0.049300 0.563200 0.077900 0.102100 0.132700 0.131200 0.049600 0.233400 0.102100 0.076300 0.133900 0.130600 0.177000 0.132100 0.153400 0.126800 0.102400 0.000000 0.164200 0.102100 0.199900 0.204500 0.102100 0.157900 0.102100 0.049400 0.129000 0.000000 0.233400 0.130600 0.125200 0.077400 0.160900 0.051200 0.127300 0.103500 0.161700 0.273500 0.199900 0.105900 0.233400 0.204500 0.051200 0.131100 0.105500 0.099600 0.102900 0.132600 0.024700 0.076200
Oribi 0.131800 0.468300 0.165500 0.554800 0.080900 0.106600 0.137700 0.079200 0.166600 0.214100 0.106600 0.138400 0.140100 0.135500 0.157800 0.079800 0.191400 0.162500 0.106300 0.164200 0.000000 0.106600 0.180400 0.184900 0.106600 0.105200 0.106600 0.107100 0.077800 0.164200 0.214100 0.135500 0.161400 0.080400 0.168300 0.110800 0.132800 0.052100 0.108300 0.255800 0.180400 0.053300 0.214100 0.184900 0.110800 0.137000 0.053100 0.133600 0.106700 0.170600 0.138400 0.200400
BarbaryShe 0.023900 0.448800 0.049700 0.446800 0.025300 0.000000 0.077600 0.076700 0.103500 0.207800 0.000000 0.077400 0.078400 0.024700 0.152000 0.077300 0.128100 0.101600 0.000000 0.102100 0.106600 0.000000 0.175200 0.179400 0.000000 0.076100 0.000000 0.103100 0.075500 0.102100 0.207800 0.024700 0.048600 0.025200 0.104500 0.052000 0.024100 0.050500 0.105000 0.249100 0.175200 0.051600 0.207800 0.179400 0.052000 0.076700 0.051500 0.074900 0.050200 0.106400 0.077400 0.077000
Daviddeer 0.144600 0.480200 0.201200 0.439700 0.151800 0.175200 0.206800 0.149000 0.202500 0.021400 0.175200 0.176300 0.209800 0.203900 0.114600 0.206500 0.142400 0.117700 0.175000 0.199900 0.180400 0.175200 0.000000 0.042400 0.175200 0.231900 0.175200 0.146700 0.201900 0.199900 0.020800 0.203900 0.117000 0.150600 0.207600 0.151000 0.200100 0.122300 0.237400 0.106600 0.000000 0.180600 0.021400 0.043600 0.151000 0.205900 0.180000 0.143600 0.175400 0.122700 0.176300 0.233900
Reindeer 0.148100 0.493400 0.205900 0.449300 0.155600 0.179400 0.211600 0.152700 0.207000 0.067400 0.179400 0.180400 0.215100 0.208600 0.117200 0.211600 0.145900 0.120500 0.179300 0.204500 0.184900 0.179400 0.042400 0.000000 0.179400 0.237700 0.179400 0.150000 0.206800 0.204500 0.067400 0.208600 0.119900 0.154200 0.212800 0.154600 0.205000 0.125200 0.209400 0.084900 0.043600 0.185100 0.067400 0.000000 0.154600 0.211000 0.184500 0.147100 0.179400 0.125700 0.180400 0.239600
Ibex 0.023100 0.448800 0.049700 0.446800 0.025300 0.000000 0.077600 0.076700 0.103500 0.207800 0.000000 0.077400 0.078400 0.024700 0.152000 0.077300 0.128100 0.101600 0.000000 0.102100 0.106600 0.000000 0.175200 0.179400 0.000000 0.076100 0.000000 0.103100 0.075500 0.102100 0.207800 0.024700 0.048600 0.025200 0.104500 0.052000 0.024100 0.050500 0.105000 0.249100 0.175200 0.051600 0.207800 0.179400 0.052000 0.076700 0.051500 0.074900 0.050200 0.106400 0.077400 0.077000
GyrantGaze 0.100500 0.449500 0.131000 0.580600 0.077800 0.076100 0.132300 0.076200 0.160000 0.267800 0.076100 0.132900 0.134600 0.103100 0.210000 0.076700 0.184400 0.156300 0.075900 0.157900 0.105200 0.076100 0.231900 0.237700 0.076100 0.000000 0.076100 0.159700 0.075000 0.157900 0.267800 0.103100 0.128000 0.077300 0.161600 0.106400 0.101200 0.103600 0.104200 0.307800 0.231900 0.051200 0.267800 0.237700 0.106400 0.131800 0.051100 0.128700 0.102600 0.163800 0.132900 0.162800
Hartebeest 0.023900 0.448800 0.049700 0.446800 0.025300 0.000000 0.077600 0.076700 0.103500 0.207800 0.000000 0.077400 0.078400 0.024700 0.152000 0.077300 0.128100 0.101600 0.000000 0.102100 0.106600 0.000000 0.175200 0.179400 0.000000 0.076100 0.000000 0.103100 0.075500 0.102100 0.207800 0.024700 0.048600 0.025200 0.104500 0.052000 0.024100 0.050500 0.105000 0.249100 0.175200 0.051600 0.207800 0.179400 0.052000 0.076700 0.051500 0.074900 0.050200 0.106400 0.077400 0.077000
Bongo 0.127500 0.441000 0.049700 0.484400 0.078800 0.103100 0.134100 0.132700 0.050100 0.177300 0.103100 0.077100 0.135100 0.132000 0.123800 0.133700 0.154800 0.128000 0.103600 0.049400 0.107100 0.103100 0.146700 0.150000 0.103100 0.159700 0.103100 0.000000 0.130500 0.049400 0.177300 0.132000 0.126200 0.078200 0.162400 0.051800 0.128400 0.050800 0.163800 0.218900 0.146700 0.107200 0.177300 0.150000 0.051800 0.132300 0.106800 0.100400 0.104000 0.133800 0.023900 0.076900
Gerenuk 0.099700 0.483600 0.129900 0.571700 0.050900 0.075500 0.103900 0.049800 0.130700 0.235700 0.075500 0.104300 0.105500 0.102300 0.180000 0.050200 0.154700 0.127700 0.075300 0.129000 0.077800 0.075500 0.201900 0.206800 0.075500 0.075000 0.075500 0.130500 0.000000 0.129000 0.235700 0.102300 0.126900 0.050600 0.132000 0.078200 0.100400 0.076300 0.076700 0.251100 0.201900 0.025100 0.235700 0.206800 0.078200 0.103300 0.025000 0.101000 0.075500 0.157100 0.104300 0.161300
CommonElan 0.126400 0.438600 0.047400 0.563200 0.077900 0.102100 0.132700 0.131200 0.049600 0.233400 0.102100 0.076300 0.133900 0.130600 0.177000 0.132100 0.153400 0.126800 0.102400 0.000000 0.164200 0.102100 0.199900 0.204500 0.102100 0.157900 0.102100 0.049400 0.129000 0.000000 0.233400 0.130600 0.125200 0.077400 0.160900 0.051200 0.127300 0.103500 0.161700 0.273500 0.199900 0.105900 0.233400 0.204500 0.051200 0.131100 0.105500 0.099600 0.102900 0.132600 0.024700 0.076200
MuntiacusR 0.174700 0.489000 0.235100 0.446700 0.183800 0.207800 0.241600 0.180300 0.236600 0.000000 0.207800 0.209100 0.245400 0.238300 0.142000 0.241300 0.171900 0.146100 0.207500 0.233400 0.214100 0.207800 0.020800 0.067400 0.207800 0.267800 0.207800 0.177300 0.235700 0.233400 0.000000 0.238300 0.145200 0.182200 0.242900 0.182700 0.233700 0.152000 0.274300 0.131700 0.021400 0.214400 0.000000 0.067400 0.182700 0.240900 0.213600 0.173400 0.207900 0.152500 0.209100 0.270500
HarveysDui 0.048800 0.404400 0.076300 0.487100 0.051500 0.024700 0.048700 0.103900 0.132500 0.238300 0.024700 0.105600 0.106800 0.000000 0.181600 0.104700 0.156500 0.129300 0.024600 0.130600 0.135500 0.024700 0.203900 0.208600 0.024700 0.103100 0.024700 0.132000 0.102300 0.130600 0.238300 0.000000 0.074400 0.051200 0.133600 0.079300 0.049100 0.077000 0.133500 0.279100 0.203900 0.078700 0.238300 0.208600 0.079300 0.104500 0.078500 0.102100 0.076500 0.135300 0.105600 0.105000
Pronghorn 0.023400 0.393800 0.073100 0.356000 0.076600 0.047600 0.130300 0.075200 0.126600 0.145200 0.048600 0.101000 0.131700 0.074400 0.146200 0.130000 0.071800 0.047500 0.048700 0.125200 0.161400 0.048600 0.117000 0.119900 0.048600 0.128000 0.048600 0.126200 0.126900 0.125200 0.145200 0.074400 0.000000 0.076000 0.159200 0.076300 0.072700 0.101700 0.159000 0.186500 0.117000 0.104000 0.145200 0.119900 0.076300 0.129000 0.103700 0.072100 0.101000 0.049600 0.101000 0.100700
BlueWildeb 0.049900 0.416600 0.078000 0.502500 0.000200 0.025200 0.052100 0.051500 0.078500 0.182200 0.025200 0.052200 0.052900 0.051200 0.127900 0.051800 0.102800 0.076100 0.025100 0.077400 0.080400 0.025200 0.150600 0.154200 0.025200 0.077300 0.025200 0.078200 0.050600 0.077400 0.182200 0.051200 0.076000 0.000000 0.079300 0.026200 0.050200 0.025400 0.079200 0.224600 0.150600 0.026000 0.182200 0.154200 0.026200 0.051700 0.025900 0.050500 0.025200 0.080200 0.052200 0.107500
Gemsbok 0.129300 0.456000 0.162100 0.637900 0.079700 0.104500 0.135900 0.134300 0.163100 0.242900 0.104500 0.135500 0.079700 0.133600 0.184000 0.135400 0.188700 0.160300 0.104800 0.160900 0.168300 0.104500 0.207600 0.212800 0.104500 0.161600 0.104500 0.162400 0.132000 0.160900 0.242900 0.133600 0.159200 0.079300 0.000000 0.109200 0.130200 0.105900 0.165600 0.283900 0.207600 0.108500 0.242900 0.212800 0.109200 0.134300 0.108100 0.131100 0.105200 0.108100 0.135500 0.195900
Yak 0.077100 0.377400 0.051600 0.502200 0.026300 0.052000 0.080700 0.079700 0.051900 0.182700 0.052000 0.025900 0.081900 0.079300 0.128300 0.080300 0.103100 0.076800 0.051800 0.051200 0.110800 0.052000 0.151000 0.154600 0.052000 0.106400 0.052000 0.051800 0.078200 0.051200 0.182700 0.079300 0.076300 0.026200 0.109200 0.000000 0.077600 0.052400 0.109200 0.224800 0.151000 0.053700 0.182700 0.154600 0.000000 0.080100 0.053500 0.050700 0.052000 0.080400 0.025900 0.080000
BlueSheep 0.045800 0.483400 0.074300 0.477800 0.050500 0.023000 0.103100 0.101900 0.128900 0.233700 0.023200 0.102800 0.104100 0.049100 0.122100 0.102700 0.126300 0.126800 0.024100 0.127300 0.132800 0.024100 0.200100 0.205000 0.024100 0.101200 0.024100 0.128400 0.100400 0.127300 0.233700 0.049100 0.072700 0.050200 0.130200 0.077600 0.000000 0.075400 0.130900 0.274300 0.200100 0.077200 0.233700 0.205000 0.077600 0.101900 0.076900 0.099600 0.074900 0.132600 0.102800 0.102300
BohorReedb 0.075000 0.449800 0.104200 0.453200 0.025300 0.050500 0.078300 0.077500 0.104900 0.152000 0.050500 0.078500 0.079400 0.077000 0.099700 0.078000 0.129100 0.102400 0.050500 0.103500 0.052100 0.050500 0.122300 0.125200 0.050500 0.103600 0.050500 0.050800 0.076300 0.103500 0.152000 0.077000 0.101700 0.025400 0.105900 0.052400 0.075400 0.000000 0.106000 0.194800 0.122300 0.052100 0.152000 0.125200 0.052400 0.077700 0.052000 0.075900 0.050600 0.107200 0.078500 0.134600
KirksDik 0.130000 0.546900 0.163000 0.540300 0.079600 0.105000 0.135700 0.077900 0.164100 0.274300 0.105000 0.136200 0.137900 0.133500 0.215000 0.078100 0.188600 0.160100 0.104100 0.161700 0.108300 0.105000 0.237400 0.209400 0.105000 0.104200 0.105000 0.163800 0.076700 0.161700 0.274300 0.133500 0.159000 0.079200 0.165600 0.109200 0.130900 0.106000 0.000000 0.248000 0.237400 0.052200 0.274300 0.209400 0.109200 0.134900 0.052300 0.131700 0.105300 0.167800 0.136200 0.197000
RoeDeer 0.216200 0.564900 0.275400 0.520900 0.226400 0.249100 0.282700 0.222700 0.277200 0.131700 0.249100 0.250300 0.286500 0.279100 0.182800 0.282100 0.213200 0.187700 0.248800 0.273500 0.255800 0.249100 0.106600 0.084900 0.249100 0.307800 0.249100 0.218900 0.251100 0.273500 0.131700 0.279100 0.186500 0.224600 0.283900 0.224800 0.274300 0.194800 0.248000 0.000000 0.106600 0.256200 0.131700 0.084900 0.224800 0.281700 0.255400 0.214300 0.249200 0.170800 0.250300 0.310100
WhiteLippe 0.144600 0.480200 0.201200 0.439700 0.151800 0.175200 0.206800 0.149000 0.202500 0.021000 0.175200 0.176300 0.209800 0.203900 0.114600 0.206500 0.142400 0.117700 0.175000 0.199900 0.180400 0.175200 0.000000 0.043600 0.175200 0.231900 0.175200 0.146700 0.201900 0.199900 0.021400 0.203900 0.117000 0.150600 0.207600 0.151000 0.200100 0.122300 0.237400 0.106600 0.000000 0.180600 0.021400 0.043600 0.151000 0.205900 0.180000 0.143600 0.175400 0.122700 0.176300 0.233900
ThomsonGaz 0.076600 0.464800 0.106700 0.553300 0.026100 0.051600 0.080100 0.025600 0.107400 0.214400 0.051600 0.080300 0.081400 0.078700 0.157900 0.025600 0.131900 0.104700 0.051200 0.105900 0.053300 0.051600 0.180600 0.185100 0.051600 0.051200 0.051600 0.107200 0.025100 0.105900 0.214400 0.078700 0.104000 0.026000 0.108500 0.053700 0.077200 0.052100 0.052200 0.256200 0.180600 0.000000 0.214400 0.185100 0.053700 0.079500 0.000000 0.077700 0.051700 0.109800 0.080300 0.138100
MuntiacusC 0.174700 0.489000 0.235100 0.446700 0.183800 0.207800 0.241600 0.180300 0.236600 0.000000 0.207800 0.209100 0.245400 0.238300 0.142000 0.241300 0.171900 0.146100 0.207500 0.233400 0.214100 0.207800 0.021400 0.067400 0.207800 0.267800 0.207800 0.177300 0.235700 0.233400 0.000000 0.238300 0.145200 0.182200 0.242900 0.182700 0.233700 0.152000 0.274300 0.131700 0.021400 0.214400 0.000000 0.067400 0.182700 0.240900 0.213600 0.173400 0.207900 0.152500 0.209100 0.270500
WhiteTaile 0.148100 0.493400 0.205900 0.449300 0.155600 0.179400 0.211600 0.152700 0.207000 0.067400 0.179400 0.180400 0.215100 0.208600 0.117200 0.211600 0.145900 0.120500 0.179300 0.204500 0.184900 0.179400 0.043600 0.000000 0.179400 0.237700 0.179400 0.150000 0.206800 0.204500 0.067400 0.208600 0.119900 0.154200 0.212800 0.154600 0.205000 0.125200 0.209400 0.084900 0.043600 0.185100 0.067400 0.000000 0.154600 0.211000 0.184500 0.147100 0.179400 0.125700 0.180400 0.239600
Cattle 0.077100 0.377400 0.051600 0.502200 0.026300 0.052000 0.080700 0.079700 0.051900 0.182700 0.052000 0.025900 0.081900 0.079300 0.128300 0.080300 0.103100 0.076800 0.051800 0.051200 0.110800 0.052000 0.151000 0.154600 0.052000 0.106400 0.052000 0.051800 0.078200 0.051200 0.182700 0.079300 0.076300 0.026200 0.109200 0.000000 0.077600 0.052400 0.109200 0.224800 0.151000 0.053700 0.182700 0.154600 0.000000 0.080100 0.053500 0.050700 0.052000 0.080400 0.025900 0.080000
RoyalAntel 0.101300 0.451300 0.132000 0.535400 0.052000 0.076700 0.106300 0.105200 0.132800 0.240900 0.076700 0.106000 0.107400 0.104500 0.182300 0.105900 0.158000 0.130500 0.076900 0.131100 0.137000 0.076700 0.205900 0.211000 0.076700 0.131800 0.076700 0.132300 0.103300 0.131100 0.240900 0.104500 0.129000 0.051700 0.134300 0.080100 0.101900 0.077700 0.134900 0.281700 0.205900 0.079500 0.240900 0.211000 0.080100 0.000000 0.079300 0.102600 0.077200 0.136900 0.106000 0.164100
Steenbok 0.076400 0.463500 0.106300 0.551700 0.026100 0.051500 0.079800 0.025500 0.107000 0.213600 0.051500 0.080000 0.081100 0.078500 0.157400 0.025700 0.131400 0.104300 0.051300 0.105500 0.053100 0.051500 0.180000 0.184500 0.051500 0.051100 0.051500 0.106800 0.025000 0.105500 0.213600 0.078500 0.103700 0.025900 0.108100 0.053500 0.076900 0.052000 0.052300 0.255400 0.180000 0.000000 0.213600 0.184500 0.053500 0.079300 0.000000 0.077400 0.051500 0.109300 0.080000 0.137600
Impala 0.099000 0.435100 0.100200 0.396900 0.050800 0.074900 0.103800 0.102700 0.100800 0.173400 0.074900 0.075500 0.104800 0.102100 0.121100 0.103400 0.097900 0.073000 0.075200 0.099600 0.133600 0.074900 0.143600 0.147100 0.074900 0.128700 0.074900 0.100400 0.101000 0.099600 0.173400 0.102100 0.072100 0.050500 0.131100 0.050700 0.099600 0.075900 0.131700 0.214300 0.143600 0.077700 0.173400 0.147100 0.050700 0.102600 0.077400 0.000000 0.075400 0.076200 0.075500 0.129500
Klipspring 0.074500 0.445900 0.103600 0.534600 0.025400 0.050200 0.077800 0.076800 0.104300 0.207900 0.050200 0.078000 0.078900 0.076500 0.153100 0.077300 0.128200 0.101700 0.050000 0.102900 0.106700 0.050200 0.175400 0.179400 0.050200 0.102600 0.050200 0.104000 0.075500 0.102900 0.207900 0.076500 0.101000 0.025200 0.105200 0.052000 0.074900 0.050600 0.105300 0.249200 0.175400 0.051700 0.207900 0.179400 0.052000 0.077200 0.051500 0.075400 0.000000 0.106500 0.078000 0.133800
ForestMusk 0.076700 0.337700 0.133500 0.454400 0.080400 0.106400 0.137400 0.079200 0.134300 0.152500 0.106400 0.107100 0.081000 0.135300 0.154700 0.137100 0.075500 0.049900 0.106000 0.132600 0.170600 0.106400 0.122700 0.125700 0.106400 0.163800 0.106400 0.133800 0.157100 0.132600 0.152500 0.135300 0.049600 0.080200 0.108100 0.080400 0.132600 0.107200 0.167800 0.170800 0.122700 0.109800 0.152500 0.125700 0.080400 0.136900 0.109300 0.076200 0.106500 0.000000 0.107100 0.166000
Bushbuck 0.102100 0.409800 0.024900 0.535800 0.052500 0.077400 0.107400 0.106100 0.023900 0.209100 0.077400 0.051500 0.108300 0.105600 0.153100 0.106900 0.129000 0.102400 0.077600 0.024700 0.138400 0.077400 0.176300 0.180400 0.077400 0.132900 0.077400 0.023900 0.104300 0.024700 0.209100 0.105600 0.101000 0.052200 0.135500 0.025900 0.102800 0.078500 0.136200 0.250300 0.176300 0.080300 0.209100 0.180400 0.025900 0.106000 0.080000 0.075500 0.078000 0.107100 0.000000 0.051400
GreaterKud 0.101700 0.498400 0.024800 0.531600 0.108200 0.077000 0.165800 0.164100 0.077200 0.270500 0.077000 0.105800 0.167600 0.105000 0.210600 0.165500 0.186500 0.158500 0.077300 0.076200 0.200400 0.077000 0.233900 0.239600 0.077000 0.162800 0.077000 0.076900 0.161300 0.076200 0.270500 0.105000 0.100700 0.107500 0.195900 0.080000 0.102300 0.134600 0.197000 0.310100 0.233900 0.138100 0.270500 0.239600 0.080000 0.164100 0.137600 0.129500 0.133800 0.166000 0.051400 0.000000
