CODONML (in paml version 4.10.7, June 2023)  /home/rachel/ruminants_paml/6406-phy-tree/ENSBTAT00000023803.fasta.phy
Model: free dN/dS Ratios for branches,  kappa = 2.000 fixed

Codon frequency model: F3x4
ns =  54  ls = 111

Codon usage in sequences
--------------------------------------------------------------------------------------------------------------------------------------
Phe TTT   5   5   5   5   4   4 | Ser TCT   2   2   3   2   5   3 | Tyr TAT   1   0   1   1   1   1 | Cys TGT   1   0   1   1   1   1
    TTC   1   1   1   1   2   2 |     TCC   0   0   0   1   1   0 |     TAC   0   1   0   0   0   0 |     TGC   0   1   0   0   0   0
Leu TTA   4   4   4   5   5   3 |     TCA   4   4   5   3   2   3 | *** TAA   0   0   0   0   0   0 | *** TGA   0   0   0   0   0   0
    TTG   4   3   5   4   4   5 |     TCG   0   0   0   1   1   0 |     TAG   0   0   0   0   0   0 | Trp TGG   1   1   1   1   1   1
--------------------------------------------------------------------------------------------------------------------------------------
Leu CTT   0   0   0   0   0   0 | Pro CCT   8   6   7   7   6   7 | His CAT   0   0   0   0   0   0 | Arg CGT   0   0   0   0   0   0
    CTC   0   0   0   1   1   1 |     CCC   0   1   0   0   1   1 |     CAC   0   0   0   0   0   0 |     CGC   0   0   0   0   0   0
    CTA   2   1   1   1   0   2 |     CCA   2   1   2   2   2   2 | Gln CAA   3   1   2   2   2   2 |     CGA   0   0   0   0   0   0
    CTG   3   5   3   2   2   2 |     CCG   1   1   0   1   0   0 |     CAG   6   8   7   7   7   8 |     CGG   1   1   1   1   1   0
--------------------------------------------------------------------------------------------------------------------------------------
Ile ATT   2   1   2   2   2   2 | Thr ACT   1   0   1   1   2   2 | Asn AAT   4   4   4   3   5   5 | Ser AGT   3   2   3   3   2   2
    ATC   2   2   2   2   3   2 |     ACC   0   1   0   0   0   0 |     AAC   1   2   1   1   1   2 |     AGC   2   2   2   2   2   2
    ATA   1   1   1   1   1   1 |     ACA   2   0   1   2   2   2 | Lys AAA   4   4   5   4   4   3 | Arg AGA   1   1   2   1   1   1
Met ATG   3   3   3   3   3   3 |     ACG   1   2   1   1   0   0 |     AAG   3   4   3   3   3   3 |     AGG   1   1   0   1   1   1
--------------------------------------------------------------------------------------------------------------------------------------
Val GTT   4   5   4   4   4   3 | Ala GCT   3   4   3   3   1   3 | Asp GAT   3   3   3   4   3   3 | Gly GGT   0   0   0   0   0   0
    GTC   1   1   1   1   0   2 |     GCC   2   2   2   2   2   2 |     GAC   0   0   0   0   0   0 |     GGC   0   1   0   0   0   0
    GTA   0   0   0   0   1   1 |     GCA   5   5   5   5   6   5 | Glu GAA   7   8   7   7   8   6 |     GGA   2   1   2   2   2   2
    GTG   0   0   0   0   0   0 |     GCG   0   1   0   0   0   0 |     GAG   4   3   4   4   3   5 |     GGG   0   0   0   0   0   0
--------------------------------------------------------------------------------------------------------------------------------------

--------------------------------------------------------------------------------------------------------------------------------------
Phe TTT   5   5   5   5   5   5 | Ser TCT   2   2   2   2   3   3 | Tyr TAT   1   1   1   1   1   0 | Cys TGT   1   1   1   1   1   1
    TTC   1   1   1   1   1   1 |     TCC   0   0   0   0   0   0 |     TAC   0   0   0   0   0   1 |     TGC   0   0   0   0   0   0
Leu TTA   5   4   5   4   5   5 |     TCA   3   4   3   4   4   3 | *** TAA   0   0   0   0   0   0 | *** TGA   0   0   0   0   0   0
    TTG   4   4   4   4   4   4 |     TCG   0   0   1   0   1   1 |     TAG   0   0   0   0   0   0 | Trp TGG   1   1   1   1   1   1
--------------------------------------------------------------------------------------------------------------------------------------
Leu CTT   0   0   0   0   0   0 | Pro CCT   8   8   8   8   6   8 | His CAT   0   0   0   0   0   0 | Arg CGT   0   0   0   0   0   0
    CTC   0   0   0   0   0   0 |     CCC   0   0   0   0   1   0 |     CAC   0   0   0   0   0   0 |     CGC   0   0   0   0   0   0
    CTA   1   2   1   1   1   1 |     CCA   3   2   2   3   2   2 | Gln CAA   2   3   3   3   3   4 |     CGA   0   0   0   0   0   0
    CTG   3   3   3   3   3   3 |     CCG   1   1   1   0   0   0 |     CAG   6   6   6   6   6   5 |     CGG   1   1   1   1   1   1
--------------------------------------------------------------------------------------------------------------------------------------
Ile ATT   2   2   2   2   2   2 | Thr ACT   1   1   1   1   1   1 | Asn AAT   4   4   4   4   4   3 | Ser AGT   3   3   4   3   3   4
    ATC   2   2   2   2   2   2 |     ACC   0   0   0   0   0   0 |     AAC   1   1   1   1   1   1 |     AGC   2   2   1   2   2   2
    ATA   1   1   1   2   1   1 |     ACA   3   2   2   2   1   2 | Lys AAA   4   4   4   4   5   4 | Arg AGA   1   1   1   1   2   1
Met ATG   3   3   3   3   3   3 |     ACG   1   1   1   1   1   1 |     AAG   3   3   3   3   3   3 |     AGG   1   1   1   1   0   1
--------------------------------------------------------------------------------------------------------------------------------------
Val GTT   4   4   4   4   4   4 | Ala GCT   3   3   3   3   3   3 | Asp GAT   3   3   3   2   3   3 | Gly GGT   0   0   0   0   0   0
    GTC   1   1   1   1   1   1 |     GCC   2   2   2   2   2   2 |     GAC   0   0   0   0   0   0 |     GGC   0   0   0   0   0   0
    GTA   0   0   0   0   0   0 |     GCA   5   5   4   5   5   5 | Glu GAA   7   7   7   7   7   7 |     GGA   2   2   3   2   2   2
    GTG   0   0   0   0   0   0 |     GCG   0   0   0   0   0   0 |     GAG   4   4   4   5   4   4 |     GGG   0   0   0   0   0   0
--------------------------------------------------------------------------------------------------------------------------------------

--------------------------------------------------------------------------------------------------------------------------------------
Phe TTT   5   5   5   5   5   5 | Ser TCT   2   2   2   2   1   2 | Tyr TAT   1   1   1   1   1   1 | Cys TGT   1   1   1   1   1   1
    TTC   1   1   1   1   1   1 |     TCC   0   0   0   0   0   0 |     TAC   0   0   0   0   0   0 |     TGC   0   0   0   0   0   0
Leu TTA   5   5   5   5   5   5 |     TCA   4   5   4   4   4   4 | *** TAA   0   0   0   0   0   0 | *** TGA   0   0   0   0   0   0
    TTG   4   4   4   4   4   4 |     TCG   0   0   0   0   1   0 |     TAG   0   0   0   0   0   0 | Trp TGG   1   1   1   1   1   1
--------------------------------------------------------------------------------------------------------------------------------------
Leu CTT   0   0   0   0   0   0 | Pro CCT   8   8   8   8   8   8 | His CAT   0   0   0   0   0   0 | Arg CGT   0   0   0   0   0   0
    CTC   0   0   0   0   0   0 |     CCC   0   0   0   0   0   0 |     CAC   0   0   0   0   0   0 |     CGC   0   0   0   0   0   0
    CTA   1   1   1   1   1   1 |     CCA   2   2   2   3   3   2 | Gln CAA   3   3   2   3   3   3 |     CGA   0   0   0   0   0   0
    CTG   3   3   3   3   3   3 |     CCG   1   0   1   0   0   1 |     CAG   6   6   8   6   7   6 |     CGG   1   1   0   1   0   1
--------------------------------------------------------------------------------------------------------------------------------------
Ile ATT   2   2   2   2   2   2 | Thr ACT   1   1   1   1   1   1 | Asn AAT   4   4   4   4   4   4 | Ser AGT   3   3   3   3   3   3
    ATC   2   2   2   2   2   2 |     ACC   0   0   0   0   0   0 |     AAC   1   1   1   1   1   1 |     AGC   2   2   2   2   2   2
    ATA   1   1   1   1   1   1 |     ACA   2   2   2   2   2   2 | Lys AAA   4   4   4   4   4   4 | Arg AGA   1   1   1   1   1   1
Met ATG   3   3   3   3   3   3 |     ACG   1   1   1   1   1   1 |     AAG   3   3   3   3   3   3 |     AGG   1   1   1   1   1   1
--------------------------------------------------------------------------------------------------------------------------------------
Val GTT   4   4   4   4   4   4 | Ala GCT   3   3   3   3   3   2 | Asp GAT   3   3   3   3   4   3 | Gly GGT   0   0   0   0   0   0
    GTC   1   1   1   1   1   1 |     GCC   2   2   2   2   2   2 |     GAC   0   0   0   0   0   0 |     GGC   0   0   0   0   0   0
    GTA   0   0   0   0   0   0 |     GCA   5   5   4   4   5   6 | Glu GAA   7   7   7   7   6   7 |     GGA   2   2   2   3   2   2
    GTG   0   0   0   0   0   0 |     GCG   0   0   1   0   0   0 |     GAG   4   4   4   4   4   4 |     GGG   0   0   0   0   0   0
--------------------------------------------------------------------------------------------------------------------------------------

--------------------------------------------------------------------------------------------------------------------------------------
Phe TTT   5   5   5   5   5   5 | Ser TCT   3   4   2   3   3   2 | Tyr TAT   1   1   1   1   1   1 | Cys TGT   1   1   1   1   1   1
    TTC   1   1   1   1   1   1 |     TCC   0   0   0   0   0   0 |     TAC   0   0   0   0   0   0 |     TGC   0   0   0   0   0   0
Leu TTA   5   5   5   5   5   5 |     TCA   3   3   4   4   4   3 | *** TAA   0   0   0   0   0   0 | *** TGA   0   0   0   0   0   0
    TTG   4   4   4   4   4   4 |     TCG   1   1   0   1   0   1 |     TAG   0   0   0   0   0   0 | Trp TGG   1   1   1   1   1   1
--------------------------------------------------------------------------------------------------------------------------------------
Leu CTT   0   0   0   0   0   0 | Pro CCT   7   7   8   7   7   8 | His CAT   1   0   0   0   0   0 | Arg CGT   0   0   0   0   0   0
    CTC   1   1   0   0   1   0 |     CCC   0   0   0   0   0   0 |     CAC   0   0   1   0   0   0 |     CGC   0   0   0   0   0   0
    CTA   1   1   1   1   1   1 |     CCA   2   2   1   2   3   2 | Gln CAA   2   3   3   3   2   3 |     CGA   0   0   0   0   1   0
    CTG   2   2   3   3   3   3 |     CCG   1   0   2   0   0   1 |     CAG   6   6   5   6   6   6 |     CGG   1   1   1   1   1   1
--------------------------------------------------------------------------------------------------------------------------------------
Ile ATT   2   2   2   3   2   3 | Thr ACT   1   1   1   1   1   1 | Asn AAT   4   4   4   4   4   4 | Ser AGT   3   3   3   3   3   3
    ATC   2   2   2   1   1   2 |     ACC   0   0   0   0   0   0 |     AAC   1   1   1   1   1   1 |     AGC   2   2   2   2   2   2
    ATA   1   1   1   1   1   1 |     ACA   2   2   2   1   2   2 | Lys AAA   3   4   4   5   4   4 | Arg AGA   1   1   1   2   1   1
Met ATG   3   3   3   3   3   3 |     ACG   1   1   1   1   1   1 |     AAG   4   3   3   3   3   3 |     AGG   1   1   1   0   1   1
--------------------------------------------------------------------------------------------------------------------------------------
Val GTT   4   4   4   4   4   3 | Ala GCT   3   3   3   3   2   3 | Asp GAT   3   2   3   3   3   3 | Gly GGT   0   0   0   0   0   0
    GTC   1   1   1   1   1   1 |     GCC   2   2   2   2   2   2 |     GAC   0   0   0   0   0   0 |     GGC   0   0   0   0   0   0
    GTA   0   0   0   0   0   0 |     GCA   4   4   5   5   6   5 | Glu GAA   8   7   7   7   7   7 |     GGA   2   2   2   2   2   2
    GTG   0   0   0   0   0   0 |     GCG   1   1   0   0   0   0 |     GAG   3   5   4   4   4   4 |     GGG   0   0   0   0   0   0
--------------------------------------------------------------------------------------------------------------------------------------

--------------------------------------------------------------------------------------------------------------------------------------
Phe TTT   5   5   5   5   5   5 | Ser TCT   3   3   2   2   2   3 | Tyr TAT   0   1   1   1   1   1 | Cys TGT   1   1   1   1   1   1
    TTC   1   1   1   1   1   1 |     TCC   0   0   0   0   0   0 |     TAC   1   0   0   0   0   0 |     TGC   0   0   0   0   0   0
Leu TTA   5   5   5   5   5   5 |     TCA   3   4   4   4   4   4 | *** TAA   0   0   0   0   0   0 | *** TGA   0   0   0   0   0   0
    TTG   4   4   4   4   4   4 |     TCG   1   0   0   0   0   1 |     TAG   0   0   0   0   0   0 | Trp TGG   1   1   1   1   1   1
--------------------------------------------------------------------------------------------------------------------------------------
Leu CTT   0   0   0   0   0   0 | Pro CCT   8   8   8   8   8   7 | His CAT   0   0   0   0   0   0 | Arg CGT   0   0   0   0   0   0
    CTC   0   0   0   0   0   0 |     CCC   0   0   0   0   0   0 |     CAC   0   0   0   0   0   0 |     CGC   0   0   0   0   0   0
    CTA   1   1   1   1   1   1 |     CCA   2   2   2   2   2   2 | Gln CAA   3   3   3   3   2   3 |     CGA   0   0   0   0   0   0
    CTG   3   3   3   3   3   3 |     CCG   0   0   1   1   1   0 |     CAG   6   6   6   6   8   6 |     CGG   1   1   1   1   0   1
--------------------------------------------------------------------------------------------------------------------------------------
Ile ATT   2   2   2   2   2   2 | Thr ACT   1   1   1   1   1   1 | Asn AAT   4   4   4   4   4   4 | Ser AGT   2   3   3   3   3   3
    ATC   2   2   2   2   2   2 |     ACC   0   0   0   0   0   0 |     AAC   1   1   1   1   1   1 |     AGC   3   2   2   2   2   2
    ATA   1   1   1   1   1   1 |     ACA   2   2   2   3   2   1 | Lys AAA   4   4   4   4   4   5 | Arg AGA   1   1   1   1   1   2
Met ATG   3   3   3   3   3   3 |     ACG   1   1   1   0   1   1 |     AAG   3   3   3   3   3   3 |     AGG   1   1   1   1   1   0
--------------------------------------------------------------------------------------------------------------------------------------
Val GTT   4   4   4   4   4   4 | Ala GCT   3   3   3   2   3   3 | Asp GAT   3   3   3   3   3   3 | Gly GGT   0   0   0   0   0   0
    GTC   1   1   1   1   1   1 |     GCC   2   2   2   2   2   2 |     GAC   0   0   0   0   0   0 |     GGC   0   0   0   0   0   0
    GTA   0   0   0   0   0   0 |     GCA   5   5   5   6   5   5 | Glu GAA   7   7   7   7   7   7 |     GGA   2   2   2   2   2   2
    GTG   0   0   0   0   0   0 |     GCG   0   0   0   0   0   0 |     GAG   4   4   4   4   4   4 |     GGG   0   0   0   0   0   0
--------------------------------------------------------------------------------------------------------------------------------------

--------------------------------------------------------------------------------------------------------------------------------------
Phe TTT   5   5   5   5   5   5 | Ser TCT   2   3   3   2   3   2 | Tyr TAT   1   1   0   1   1   1 | Cys TGT   1   1   1   1   1   1
    TTC   1   1   1   1   1   1 |     TCC   0   0   0   0   0   0 |     TAC   0   0   1   0   0   0 |     TGC   0   0   0   0   0   0
Leu TTA   5   5   5   5   6   4 |     TCA   4   4   3   4   3   4 | *** TAA   0   0   0   0   0   0 | *** TGA   0   0   0   0   0   0
    TTG   4   4   4   4   4   4 |     TCG   0   1   1   0   0   0 |     TAG   0   0   0   0   0   0 | Trp TGG   1   1   1   1   1   1
--------------------------------------------------------------------------------------------------------------------------------------
Leu CTT   0   0   0   0   0   0 | Pro CCT   8   7   8   8   7   8 | His CAT   0   0   0   0   0   0 | Arg CGT   0   0   0   0   0   0
    CTC   0   0   0   0   1   0 |     CCC   0   0   0   0   0   0 |     CAC   0   0   0   0   0   0 |     CGC   0   0   0   0   0   0
    CTA   1   1   1   1   0   1 |     CCA   2   2   2   2   4   3 | Gln CAA   3   3   4   3   3   2 |     CGA   0   0   0   0   0   0
    CTG   3   3   3   3   2   3 |     CCG   1   0   0   1   0   0 |     CAG   6   6   5   6   6   8 |     CGG   1   1   1   1   1   0
--------------------------------------------------------------------------------------------------------------------------------------
Ile ATT   2   3   2   2   2   2 | Thr ACT   1   1   1   1   1   1 | Asn AAT   4   4   4   4   4   4 | Ser AGT   3   3   3   4   3   3
    ATC   2   1   2   2   2   2 |     ACC   0   0   0   0   0   0 |     AAC   1   1   1   1   1   1 |     AGC   2   2   2   1   2   2
    ATA   1   1   1   1   1   2 |     ACA   2   1   2   2   2   2 | Lys AAA   4   5   4   4   4   4 | Arg AGA   1   2   1   1   1   1
Met ATG   3   3   3   3   3   3 |     ACG   1   1   1   1   1   1 |     AAG   3   3   3   3   3   3 |     AGG   1   0   1   1   1   1
--------------------------------------------------------------------------------------------------------------------------------------
Val GTT   4   4   4   4   4   4 | Ala GCT   2   3   3   3   3   3 | Asp GAT   3   3   3   3   3   3 | Gly GGT   0   0   0   0   0   0
    GTC   1   1   1   1   1   1 |     GCC   2   2   2   2   3   2 |     GAC   0   0   0   0   0   0 |     GGC   0   0   0   0   0   0
    GTA   0   0   0   0   0   0 |     GCA   6   5   5   4   4   5 | Glu GAA   7   6   7   7   6   7 |     GGA   2   2   2   3   2   2
    GTG   0   0   0   0   0   0 |     GCG   0   0   0   0   0   0 |     GAG   4   5   4   4   5   4 |     GGG   0   0   0   0   0   0
--------------------------------------------------------------------------------------------------------------------------------------

--------------------------------------------------------------------------------------------------------------------------------------
Phe TTT   5   5   5   5   5   5 | Ser TCT   2   2   2   2   2   3 | Tyr TAT   1   1   1   1   1   1 | Cys TGT   1   1   1   1   1   1
    TTC   1   1   1   1   1   1 |     TCC   0   0   0   0   0   0 |     TAC   0   0   0   0   0   0 |     TGC   0   0   0   0   0   0
Leu TTA   5   5   5   5   4   5 |     TCA   4   4   4   3   3   3 | *** TAA   0   0   0   0   0   0 | *** TGA   0   0   0   0   0   0
    TTG   4   4   4   4   4   4 |     TCG   0   1   0   0   1   1 |     TAG   0   0   0   0   0   0 | Trp TGG   1   1   1   1   1   1
--------------------------------------------------------------------------------------------------------------------------------------
Leu CTT   0   0   0   0   0   0 | Pro CCT   8   8   8   8   8   8 | His CAT   0   0   0   0   0   0 | Arg CGT   0   0   0   0   0   0
    CTC   0   0   0   0   0   0 |     CCC   0   0   0   0   0   0 |     CAC   0   0   0   0   1   0 |     CGC   0   0   0   0   0   0
    CTA   1   1   1   1   1   1 |     CCA   2   2   2   3   2   2 | Gln CAA   3   3   4   2   2   3 |     CGA   0   0   0   0   0   0
    CTG   3   3   3   3   3   3 |     CCG   1   0   1   1   1   0 |     CAG   6   6   5   6   6   6 |     CGG   1   1   1   1   1   1
--------------------------------------------------------------------------------------------------------------------------------------
Ile ATT   2   2   2   2   2   2 | Thr ACT   1   1   1   1   1   1 | Asn AAT   4   4   4   4   5   4 | Ser AGT   3   3   3   3   3   3
    ATC   2   2   2   2   2   2 |     ACC   0   0   0   0   0   0 |     AAC   1   1   1   1   1   1 |     AGC   2   2   2   2   2   2
    ATA   1   1   1   1   1   1 |     ACA   2   2   2   2   2   2 | Lys AAA   4   5   4   5   4   4 | Arg AGA   1   1   1   1   1   1
Met ATG   3   3   3   3   3   3 |     ACG   1   1   1   1   1   1 |     AAG   3   2   3   3   3   3 |     AGG   1   1   1   1   1   1
--------------------------------------------------------------------------------------------------------------------------------------
Val GTT   4   3   4   4   4   4 | Ala GCT   3   3   3   3   2   3 | Asp GAT   3   3   2   3   2   3 | Gly GGT   0   0   0   0   0   0
    GTC   1   2   1   1   1   1 |     GCC   2   2   2   2   2   2 |     GAC   0   0   1   0   0   0 |     GGC   0   0   0   0   0   0
    GTA   0   0   0   0   1   0 |     GCA   5   5   5   5   6   5 | Glu GAA   7   7   7   7   7   7 |     GGA   2   2   2   2   2   2
    GTG   0   0   0   0   0   0 |     GCG   0   0   0   0   0   0 |     GAG   4   4   4   4   4   4 |     GGG   0   0   0   0   0   0
--------------------------------------------------------------------------------------------------------------------------------------

--------------------------------------------------------------------------------------------------------------------------------------
Phe TTT   5   5   5   5   5   5 | Ser TCT   3   2   3   3   2   2 | Tyr TAT   0   1   0   1   1   1 | Cys TGT   1   1   1   1   1   1
    TTC   1   1   1   1   1   1 |     TCC   0   0   0   0   0   0 |     TAC   1   0   1   0   0   0 |     TGC   0   0   0   0   0   0
Leu TTA   5   5   5   5   5   5 |     TCA   3   4   3   4   4   4 | *** TAA   0   0   0   0   0   0 | *** TGA   0   0   0   0   0   0
    TTG   4   4   4   4   4   4 |     TCG   1   0   1   0   1   0 |     TAG   0   0   0   0   0   0 | Trp TGG   1   1   1   1   1   1
--------------------------------------------------------------------------------------------------------------------------------------
Leu CTT   0   0   0   0   0   0 | Pro CCT   8   8   8   8   8   8 | His CAT   0   0   0   0   0   0 | Arg CGT   0   0   0   0   0   0
    CTC   0   0   0   0   0   0 |     CCC   0   0   0   0   0   0 |     CAC   0   0   0   0   0   1 |     CGC   0   0   0   0   0   0
    CTA   1   1   1   1   1   1 |     CCA   2   2   2   2   2   2 | Gln CAA   3   3   4   2   3   2 |     CGA   0   0   0   0   0   0
    CTG   3   3   3   3   3   3 |     CCG   0   1   0   0   0   1 |     CAG   5   6   5   7   6   6 |     CGG   2   1   1   1   1   1
--------------------------------------------------------------------------------------------------------------------------------------
Ile ATT   2   2   2   2   2   2 | Thr ACT   1   1   1   1   1   1 | Asn AAT   4   4   3   4   4   4 | Ser AGT   2   3   4   3   3   3
    ATC   2   2   2   2   2   1 |     ACC   0   0   0   0   0   0 |     AAC   1   1   1   1   1   1 |     AGC   3   2   2   2   2   2
    ATA   1   1   1   1   1   1 |     ACA   2   2   2   2   2   2 | Lys AAA   4   4   4   4   5   4 | Arg AGA   1   1   1   1   1   1
Met ATG   3   3   3   3   3   3 |     ACG   1   1   1   1   1   1 |     AAG   3   3   3   3   2   3 |     AGG   1   1   1   1   1   1
--------------------------------------------------------------------------------------------------------------------------------------
Val GTT   4   4   4   4   4   4 | Ala GCT   3   2   3   3   3   3 | Asp GAT   3   3   3   3   3   3 | Gly GGT   0   0   0   0   0   0
    GTC   1   1   1   1   1   2 |     GCC   2   2   2   2   2   2 |     GAC   0   0   0   0   0   0 |     GGC   0   0   0   0   0   0
    GTA   0   0   0   0   0   0 |     GCA   5   6   5   5   5   5 | Glu GAA   7   7   7   7   7   7 |     GGA   2   2   2   2   2   2
    GTG   0   0   0   0   0   0 |     GCG   0   0   0   0   0   0 |     GAG   4   4   4   4   4   4 |     GGG   0   0   0   0   0   0
--------------------------------------------------------------------------------------------------------------------------------------

--------------------------------------------------------------------------------------------------------------------------------------
Phe TTT   5   5   4   5   5   5 | Ser TCT   2   2   3   2   3   3 | Tyr TAT   1   1   1   1   1   1 | Cys TGT   1   1   1   1   1   1
    TTC   1   1   1   1   1   1 |     TCC   0   0   0   1   0   0 |     TAC   0   0   0   0   0   0 |     TGC   0   0   0   0   0   0
Leu TTA   5   5   4   5   5   5 |     TCA   4   4   4   3   4   4 | *** TAA   0   0   0   0   0   0 | *** TGA   0   0   0   0   0   0
    TTG   4   4   4   4   4   5 |     TCG   0   0   1   1   1   0 |     TAG   0   0   0   0   0   0 | Trp TGG   1   1   1   1   1   1
--------------------------------------------------------------------------------------------------------------------------------------
Leu CTT   0   0   0   0   0   0 | Pro CCT   8   8   8   7   7   6 | His CAT   0   0   0   0   0   0 | Arg CGT   0   0   0   0   0   0
    CTC   0   0   0   1   0   0 |     CCC   0   0   0   0   0   1 |     CAC   0   1   0   0   0   0 |     CGC   0   0   0   0   0   0
    CTA   1   1   0   1   1   1 |     CCA   2   2   4   2   2   2 | Gln CAA   3   3   3   2   3   3 |     CGA   0   0   0   0   0   0
    CTG   3   3   3   2   3   3 |     CCG   1   1   0   1   0   0 |     CAG   6   6   7   7   6   6 |     CGG   1   0   1   1   1   1
--------------------------------------------------------------------------------------------------------------------------------------
Ile ATT   2   2   2   2   3   2 | Thr ACT   1   1   1   1   1   1 | Asn AAT   4   4   4   3   4   4 | Ser AGT   3   3   1   3   3   3
    ATC   2   2   2   2   1   2 |     ACC   0   0   0   0   0   0 |     AAC   1   1   1   1   1   1 |     AGC   2   2   3   2   2   2
    ATA   1   1   1   1   1   1 |     ACA   2   2   3   2   1   1 | Lys AAA   4   4   3   4   5   5 | Arg AGA   1   1   1   1   2   2
Met ATG   3   3   3   3   3   3 |     ACG   1   1   0   1   1   1 |     AAG   3   3   3   3   3   3 |     AGG   1   1   1   1   0   0
--------------------------------------------------------------------------------------------------------------------------------------
Val GTT   4   4   3   4   4   4 | Ala GCT   3   3   2   3   3   3 | Asp GAT   3   3   3   4   3   3 | Gly GGT   0   0   1   0   0   0
    GTC   1   1   2   1   1   1 |     GCC   2   2   3   2   2   2 |     GAC   0   0   0   0   0   0 |     GGC   0   0   0   0   0   0
    GTA   0   0   0   0   0   0 |     GCA   5   5   5   5   5   5 | Glu GAA   7   7   6   7   7   7 |     GGA   2   2   2   2   2   2
    GTG   0   0   0   0   0   0 |     GCG   0   0   1   0   0   0 |     GAG   4   4   4   4   4   4 |     GGG   0   0   0   0   0   0
--------------------------------------------------------------------------------------------------------------------------------------

Codon position x base (3x4) table for each sequence.

#1: Argali         
position  1:    T:0.20721    C:0.23423    A:0.27928    G:0.27928
position  2:    T:0.28829    C:0.27928    A:0.32432    G:0.10811
position  3:    T:0.33333    C:0.08108    A:0.33333    G:0.25225
Average         T:0.27628    C:0.19820    A:0.31231    G:0.21321

#2: LesserMouseDeer
position  1:    T:0.19820    C:0.22523    A:0.27027    G:0.30631
position  2:    T:0.28829    C:0.27027    A:0.34234    G:0.09910
position  3:    T:0.28829    C:0.13514    A:0.27928    G:0.29730
Average         T:0.25826    C:0.21021    A:0.29730    G:0.23423

#3: LesserKudu     
position  1:    T:0.23423    C:0.20721    A:0.27928    G:0.27928
position  2:    T:0.28829    C:0.27027    A:0.33333    G:0.10811
position  3:    T:0.33333    C:0.08108    A:0.33333    G:0.25225
Average         T:0.28529    C:0.18619    A:0.31532    G:0.21321

#4: ForestMuskDeer2
position  1:    T:0.22523    C:0.21622    A:0.27027    G:0.28829
position  2:    T:0.28829    C:0.27928    A:0.32432    G:0.10811
position  3:    T:0.32432    C:0.09910    A:0.31532    G:0.26126
Average         T:0.27928    C:0.19820    A:0.30330    G:0.21922

#5: Camel          
position  1:    T:0.24324    C:0.19820    A:0.28829    G:0.27027
position  2:    T:0.28829    C:0.27928    A:0.33333    G:0.09910
position  3:    T:0.32432    C:0.11712    A:0.32432    G:0.23423
Average         T:0.28529    C:0.19820    A:0.31532    G:0.20120

#6: KillerWhale    
position  1:    T:0.20721    C:0.22523    A:0.27928    G:0.28829
position  2:    T:0.29730    C:0.27027    A:0.34234    G:0.09009
position  3:    T:0.32432    C:0.12613    A:0.29730    G:0.25225
Average         T:0.27628    C:0.20721    A:0.30631    G:0.21021

#7: DefassaWaterbuck
position  1:    T:0.20721    C:0.22523    A:0.28829    G:0.27928
position  2:    T:0.28829    C:0.28829    A:0.31532    G:0.10811
position  3:    T:0.33333    C:0.08108    A:0.33333    G:0.25225
Average         T:0.27628    C:0.19820    A:0.31231    G:0.21321

#8: Sheep          
position  1:    T:0.20721    C:0.23423    A:0.27928    G:0.27928
position  2:    T:0.28829    C:0.27928    A:0.32432    G:0.10811
position  3:    T:0.33333    C:0.08108    A:0.33333    G:0.25225
Average         T:0.27628    C:0.19820    A:0.31231    G:0.21321

#9: MaxwellsDuiker 
position  1:    T:0.21622    C:0.22523    A:0.27928    G:0.27928
position  2:    T:0.28829    C:0.27027    A:0.32432    G:0.11712
position  3:    T:0.34234    C:0.07207    A:0.32432    G:0.26126
Average         T:0.28228    C:0.18919    A:0.30931    G:0.21922

#10: GazellaPrzewalskyi
position  1:    T:0.20721    C:0.22523    A:0.28829    G:0.27928
position  2:    T:0.28829    C:0.27928    A:0.32432    G:0.10811
position  3:    T:0.32432    C:0.08108    A:0.34234    G:0.25225
Average         T:0.27327    C:0.19520    A:0.31832    G:0.21321

#11: MountainNyala  
position  1:    T:0.23423    C:0.20721    A:0.27928    G:0.27928
position  2:    T:0.28829    C:0.27027    A:0.33333    G:0.10811
position  3:    T:0.32432    C:0.09009    A:0.34234    G:0.24324
Average         T:0.28228    C:0.18919    A:0.31832    G:0.21021

#12: MuntiacusMuntjak
position  1:    T:0.22523    C:0.21622    A:0.27928    G:0.27928
position  2:    T:0.28829    C:0.27928    A:0.31532    G:0.11712
position  3:    T:0.33333    C:0.09009    A:0.33333    G:0.24324
Average         T:0.28228    C:0.19520    A:0.30931    G:0.21321

#13: goat           
position  1:    T:0.21622    C:0.22523    A:0.27928    G:0.27928
position  2:    T:0.28829    C:0.27928    A:0.32432    G:0.10811
position  3:    T:0.33333    C:0.08108    A:0.33333    G:0.25225
Average         T:0.27928    C:0.19520    A:0.31231    G:0.21321

#14: AfricanBuffalo 
position  1:    T:0.22523    C:0.21622    A:0.27928    G:0.27928
position  2:    T:0.28829    C:0.27928    A:0.32432    G:0.10811
position  3:    T:0.33333    C:0.08108    A:0.34234    G:0.24324
Average         T:0.28228    C:0.19219    A:0.31532    G:0.21021

#15: Topi           
position  1:    T:0.21622    C:0.22523    A:0.27928    G:0.27928
position  2:    T:0.28829    C:0.27928    A:0.33333    G:0.09910
position  3:    T:0.33333    C:0.08108    A:0.31532    G:0.27027
Average         T:0.27928    C:0.19520    A:0.30931    G:0.21622

#16: CommonDuiker   
position  1:    T:0.21622    C:0.22523    A:0.27928    G:0.27928
position  2:    T:0.28829    C:0.27027    A:0.32432    G:0.11712
position  3:    T:0.33333    C:0.08108    A:0.34234    G:0.24324
Average         T:0.27928    C:0.19219    A:0.31532    G:0.21321

#17: Suni           
position  1:    T:0.21622    C:0.22523    A:0.27928    G:0.27928
position  2:    T:0.28829    C:0.27928    A:0.33333    G:0.09910
position  3:    T:0.33333    C:0.08108    A:0.33333    G:0.25225
Average         T:0.27928    C:0.19520    A:0.31532    G:0.21021

#18: Springbuck     
position  1:    T:0.21622    C:0.22523    A:0.27928    G:0.27928
position  2:    T:0.28829    C:0.27928    A:0.32432    G:0.10811
position  3:    T:0.32432    C:0.08108    A:0.34234    G:0.25225
Average         T:0.27628    C:0.19520    A:0.31532    G:0.21321

#19: Okapi          
position  1:    T:0.22523    C:0.21622    A:0.27928    G:0.27928
position  2:    T:0.28829    C:0.27928    A:0.32432    G:0.10811
position  3:    T:0.34234    C:0.09009    A:0.30631    G:0.26126
Average         T:0.28529    C:0.19520    A:0.30330    G:0.21622

#20: Giraffe        
position  1:    T:0.23423    C:0.20721    A:0.27928    G:0.27928
position  2:    T:0.28829    C:0.27928    A:0.32432    G:0.10811
position  3:    T:0.33333    C:0.09009    A:0.31532    G:0.26126
Average         T:0.28529    C:0.19219    A:0.30631    G:0.21622

#21: TibetanAntelope
position  1:    T:0.21622    C:0.22523    A:0.27928    G:0.27928
position  2:    T:0.28829    C:0.27928    A:0.32432    G:0.10811
position  3:    T:0.33333    C:0.09009    A:0.32432    G:0.25225
Average         T:0.27928    C:0.19820    A:0.30931    G:0.21321

#22: Sitatunga      
position  1:    T:0.23423    C:0.20721    A:0.27928    G:0.27928
position  2:    T:0.28829    C:0.27027    A:0.33333    G:0.10811
position  3:    T:0.34234    C:0.07207    A:0.34234    G:0.24324
Average         T:0.28829    C:0.18318    A:0.31832    G:0.21021

#23: Oribi          
position  1:    T:0.22523    C:0.22523    A:0.27027    G:0.27928
position  2:    T:0.28829    C:0.27928    A:0.31532    G:0.11712
position  3:    T:0.32432    C:0.08108    A:0.35135    G:0.24324
Average         T:0.27928    C:0.19520    A:0.31231    G:0.21321

#24: BarbarySheep   
position  1:    T:0.21622    C:0.22523    A:0.28829    G:0.27027
position  2:    T:0.28829    C:0.27928    A:0.32432    G:0.10811
position  3:    T:0.33333    C:0.08108    A:0.32432    G:0.26126
Average         T:0.27928    C:0.19520    A:0.31231    G:0.21321

#25: Daviddeer      
position  1:    T:0.22523    C:0.21622    A:0.27928    G:0.27928
position  2:    T:0.28829    C:0.27928    A:0.32432    G:0.10811
position  3:    T:0.32432    C:0.09910    A:0.32432    G:0.25225
Average         T:0.27928    C:0.19820    A:0.30931    G:0.21321

#26: Reindeer       
position  1:    T:0.22523    C:0.21622    A:0.27928    G:0.27928
position  2:    T:0.28829    C:0.27928    A:0.32432    G:0.10811
position  3:    T:0.34234    C:0.08108    A:0.33333    G:0.24324
Average         T:0.28529    C:0.19219    A:0.31231    G:0.21021

#27: Ibex           
position  1:    T:0.21622    C:0.22523    A:0.27928    G:0.27928
position  2:    T:0.28829    C:0.27928    A:0.32432    G:0.10811
position  3:    T:0.33333    C:0.08108    A:0.33333    G:0.25225
Average         T:0.27928    C:0.19520    A:0.31231    G:0.21321

#28: GyrantGazelle  
position  1:    T:0.21622    C:0.22523    A:0.27928    G:0.27928
position  2:    T:0.28829    C:0.27928    A:0.32432    G:0.10811
position  3:    T:0.32432    C:0.08108    A:0.35135    G:0.24324
Average         T:0.27628    C:0.19520    A:0.31832    G:0.21021

#29: Hartebeest     
position  1:    T:0.21622    C:0.22523    A:0.27928    G:0.27928
position  2:    T:0.28829    C:0.27928    A:0.33333    G:0.09910
position  3:    T:0.33333    C:0.08108    A:0.32432    G:0.26126
Average         T:0.27928    C:0.19520    A:0.31231    G:0.21321

#30: Bongo          
position  1:    T:0.23423    C:0.20721    A:0.27928    G:0.27928
position  2:    T:0.28829    C:0.27027    A:0.33333    G:0.10811
position  3:    T:0.33333    C:0.08108    A:0.34234    G:0.24324
Average         T:0.28529    C:0.18619    A:0.31832    G:0.21021

#31: Gerenuk        
position  1:    T:0.21622    C:0.22523    A:0.27928    G:0.27928
position  2:    T:0.28829    C:0.27928    A:0.32432    G:0.10811
position  3:    T:0.32432    C:0.08108    A:0.34234    G:0.25225
Average         T:0.27628    C:0.19520    A:0.31532    G:0.21321

#32: CommonEland    
position  1:    T:0.23423    C:0.20721    A:0.27928    G:0.27928
position  2:    T:0.28829    C:0.27027    A:0.33333    G:0.10811
position  3:    T:0.34234    C:0.07207    A:0.33333    G:0.25225
Average         T:0.28829    C:0.18318    A:0.31532    G:0.21321

#33: MuntiacusReevesi
position  1:    T:0.22523    C:0.21622    A:0.27928    G:0.27928
position  2:    T:0.28829    C:0.27928    A:0.32432    G:0.10811
position  3:    T:0.33333    C:0.09009    A:0.33333    G:0.24324
Average         T:0.28228    C:0.19520    A:0.31231    G:0.21021

#34: HarveysDuiker  
position  1:    T:0.21622    C:0.22523    A:0.27928    G:0.27928
position  2:    T:0.28829    C:0.27027    A:0.32432    G:0.11712
position  3:    T:0.34234    C:0.07207    A:0.33333    G:0.25225
Average         T:0.28228    C:0.18919    A:0.31231    G:0.21622

#35: Pronghorn      
position  1:    T:0.22523    C:0.21622    A:0.27928    G:0.27928
position  2:    T:0.28829    C:0.27928    A:0.32432    G:0.10811
position  3:    T:0.33333    C:0.09910    A:0.32432    G:0.24324
Average         T:0.28228    C:0.19820    A:0.30931    G:0.21021

#36: BlueWildebeest 
position  1:    T:0.20721    C:0.22523    A:0.28829    G:0.27928
position  2:    T:0.28829    C:0.27928    A:0.33333    G:0.09910
position  3:    T:0.33333    C:0.08108    A:0.33333    G:0.25225
Average         T:0.27628    C:0.19520    A:0.31832    G:0.21021

#37: Gemsbok        
position  1:    T:0.21622    C:0.22523    A:0.27928    G:0.27928
position  2:    T:0.28829    C:0.27928    A:0.32432    G:0.10811
position  3:    T:0.33333    C:0.08108    A:0.33333    G:0.25225
Average         T:0.27928    C:0.19520    A:0.31231    G:0.21321

#38: Yak            
position  1:    T:0.22523    C:0.21622    A:0.27928    G:0.27928
position  2:    T:0.28829    C:0.27928    A:0.32432    G:0.10811
position  3:    T:0.32432    C:0.09009    A:0.34234    G:0.24324
Average         T:0.27928    C:0.19520    A:0.31532    G:0.21021

#39: BlueSheep      
position  1:    T:0.21622    C:0.22523    A:0.27928    G:0.27928
position  2:    T:0.28829    C:0.27928    A:0.32432    G:0.10811
position  3:    T:0.32432    C:0.09009    A:0.34234    G:0.24324
Average         T:0.27628    C:0.19820    A:0.31532    G:0.21021

#40: BohorReedbuck  
position  1:    T:0.20721    C:0.22523    A:0.28829    G:0.27928
position  2:    T:0.28829    C:0.27928    A:0.32432    G:0.10811
position  3:    T:0.33333    C:0.08108    A:0.33333    G:0.25225
Average         T:0.27628    C:0.19520    A:0.31532    G:0.21321

#41: KirksDik       
position  1:    T:0.20721    C:0.22523    A:0.28829    G:0.27928
position  2:    T:0.28829    C:0.27928    A:0.32432    G:0.10811
position  3:    T:0.32432    C:0.09009    A:0.32432    G:0.26126
Average         T:0.27327    C:0.19820    A:0.31231    G:0.21622

#42: RoeDeer        
position  1:    T:0.22523    C:0.21622    A:0.27928    G:0.27928
position  2:    T:0.28829    C:0.27928    A:0.32432    G:0.10811
position  3:    T:0.34234    C:0.08108    A:0.32432    G:0.25225
Average         T:0.28529    C:0.19219    A:0.30931    G:0.21321

#43: WhiteLippedDeer
position  1:    T:0.22523    C:0.21622    A:0.27928    G:0.27928
position  2:    T:0.28829    C:0.27928    A:0.31532    G:0.11712
position  3:    T:0.32432    C:0.09910    A:0.32432    G:0.25225
Average         T:0.27928    C:0.19820    A:0.30631    G:0.21622

#44: ThomsonGazelle 
position  1:    T:0.21622    C:0.22523    A:0.27928    G:0.27928
position  2:    T:0.28829    C:0.27928    A:0.32432    G:0.10811
position  3:    T:0.32432    C:0.08108    A:0.34234    G:0.25225
Average         T:0.27628    C:0.19520    A:0.31532    G:0.21321

#45: MuntiacusCrinifrons
position  1:    T:0.22523    C:0.21622    A:0.27928    G:0.27928
position  2:    T:0.28829    C:0.27928    A:0.31532    G:0.11712
position  3:    T:0.33333    C:0.09009    A:0.33333    G:0.24324
Average         T:0.28228    C:0.19520    A:0.30931    G:0.21321

#46: WhiteTailedDeer
position  1:    T:0.22523    C:0.21622    A:0.27928    G:0.27928
position  2:    T:0.28829    C:0.27928    A:0.32432    G:0.10811
position  3:    T:0.34234    C:0.08108    A:0.32432    G:0.25225
Average         T:0.28529    C:0.19219    A:0.30931    G:0.21321

#47: Cattle         
position  1:    T:0.22523    C:0.21622    A:0.27928    G:0.27928
position  2:    T:0.28829    C:0.27928    A:0.32432    G:0.10811
position  3:    T:0.33333    C:0.08108    A:0.34234    G:0.24324
Average         T:0.28228    C:0.19219    A:0.31532    G:0.21021

#48: RoyalAntelope  
position  1:    T:0.21622    C:0.22523    A:0.27027    G:0.28829
position  2:    T:0.28829    C:0.27928    A:0.32432    G:0.10811
position  3:    T:0.33333    C:0.09009    A:0.32432    G:0.25225
Average         T:0.27928    C:0.19820    A:0.30631    G:0.21622

#49: Steenbok       
position  1:    T:0.21622    C:0.22523    A:0.27928    G:0.27928
position  2:    T:0.28829    C:0.27928    A:0.32432    G:0.10811
position  3:    T:0.33333    C:0.08108    A:0.33333    G:0.25225
Average         T:0.27928    C:0.19520    A:0.31231    G:0.21321

#50: Impala         
position  1:    T:0.21622    C:0.22523    A:0.27928    G:0.27928
position  2:    T:0.28829    C:0.27928    A:0.33333    G:0.09910
position  3:    T:0.33333    C:0.09009    A:0.33333    G:0.24324
Average         T:0.27928    C:0.19820    A:0.31532    G:0.20721

#51: Klipspringer   
position  1:    T:0.21622    C:0.23423    A:0.26126    G:0.28829
position  2:    T:0.26126    C:0.31532    A:0.31532    G:0.10811
