CODONML (in paml version 4.10.7, June 2023)  /home/rachel/ruminants_paml/6406-phy-tree/ENSBTAT00000016301.fasta.phy
Model: free dN/dS Ratios for branches,  kappa = 2.000 fixed

Codon frequency model: F3x4
ns =  54  ls =  59

Codon usage in sequences
--------------------------------------------------------------------------------------------------------------------------------------
Phe TTT   1   1   1   1   1   1 | Ser TCT   0   0   0   0   0   0 | Tyr TAT   2   0   2   2   3   2 | Cys TGT   1   1   1   1   1   1
    TTC   5   5   5   5   5   4 |     TCC   0   0   0   0   1   0 |     TAC   2   4   2   2   1   3 |     TGC   0   0   0   0   0   0
Leu TTA   0   0   0   0   0   0 |     TCA   2   2   2   2   2   2 | *** TAA   0   0   0   0   0   0 | *** TGA   0   0   0   0   0   0
    TTG   0   0   0   0   0   0 |     TCG   0   0   0   0   0   0 |     TAG   0   0   0   0   0   0 | Trp TGG   1   1   1   1   1   1
--------------------------------------------------------------------------------------------------------------------------------------
Leu CTT   0   0   0   0   1   0 | Pro CCT   2   2   2   2   2   2 | His CAT   0   0   0   0   0   0 | Arg CGT   0   0   0   0   0   0
    CTC   2   2   2   2   2   2 |     CCC   2   1   1   2   1   1 |     CAC   1   1   1   1   1   1 |     CGC   1   1   1   1   1   2
    CTA   0   0   0   0   0   0 |     CCA   0   0   0   0   0   0 | Gln CAA   1   1   1   1   1   1 |     CGA   0   0   0   0   0   0
    CTG   0   0   0   0   0   0 |     CCG   0   0   1   0   0   0 |     CAG   0   0   0   0   0   0 |     CGG   0   1   0   0   0   0
--------------------------------------------------------------------------------------------------------------------------------------
Ile ATT   2   1   2   2   2   1 | Thr ACT   1   0   1   1   0   0 | Asn AAT   3   1   3   2   2   1 | Ser AGT   0   0   0   0   0   0
    ATC   3   4   3   3   4   4 |     ACC   1   2   1   1   1   1 |     AAC   5   7   5   6   6   7 |     AGC   0   0   0   0   0   0
    ATA   0   0   0   0   0   0 |     ACA   1   1   1   1   1   1 | Lys AAA   0   0   0   0   0   0 | Arg AGA   0   0   0   0   0   0
Met ATG   1   1   1   1   1   1 |     ACG   1   1   1   1   0   0 |     AAG   3   3   3   3   3   4 |     AGG   0   0   0   0   0   0
--------------------------------------------------------------------------------------------------------------------------------------
Val GTT   0   0   0   0   0   1 | Ala GCT   0   0   0   0   1   1 | Asp GAT   1   1   1   1   1   1 | Gly GGT   0   0   0   0   0   0
    GTC   1   1   1   1   1   0 |     GCC   3   3   3   3   2   2 |     GAC   0   0   0   0   0   0 |     GGC   2   2   2   2   2   2
    GTA   0   0   0   0   0   0 |     GCA   1   1   1   1   1   2 | Glu GAA   2   2   2   2   1   1 |     GGA   1   1   1   1   1   2
    GTG   0   0   0   0   0   0 |     GCG   0   0   0   0   0   0 |     GAG   3   3   3   3   4   4 |     GGG   1   1   1   1   1   0
--------------------------------------------------------------------------------------------------------------------------------------

--------------------------------------------------------------------------------------------------------------------------------------
Phe TTT   1   1   0   1   1   1 | Ser TCT   0   0   1   0   0   0 | Tyr TAT   2   2   2   2   2   2 | Cys TGT   1   1   1   1   1   1
    TTC   5   5   5   5   5   5 |     TCC   0   0   0   0   0   0 |     TAC   2   2   2   2   2   2 |     TGC   0   0   0   0   0   0
Leu TTA   0   0   0   0   0   0 |     TCA   2   2   2   2   2   2 | *** TAA   0   0   0   0   0   0 | *** TGA   0   0   0   0   0   0
    TTG   0   0   0   0   0   0 |     TCG   0   0   0   0   0   0 |     TAG   0   0   0   0   0   0 | Trp TGG   1   1   1   1   1   1
--------------------------------------------------------------------------------------------------------------------------------------
Leu CTT   0   0   0   0   0   0 | Pro CCT   2   2   2   2   2   2 | His CAT   0   0   0   0   0   0 | Arg CGT   0   0   0   0   0   0
    CTC   2   2   2   2   2   2 |     CCC   2   2   2   2   1   2 |     CAC   1   1   1   1   1   1 |     CGC   1   1   1   1   1   1
    CTA   0   0   0   0   0   0 |     CCA   0   0   0   0   0   0 | Gln CAA   1   1   1   1   1   1 |     CGA   0   0   0   0   0   0
    CTG   0   0   0   0   0   0 |     CCG   0   0   0   0   1   0 |     CAG   0   0   0   0   0   0 |     CGG   0   0   0   0   0   0
--------------------------------------------------------------------------------------------------------------------------------------
Ile ATT   2   2   2   2   2   1 | Thr ACT   1   1   1   1   1   1 | Asn AAT   4   2   2   2   3   1 | Ser AGT   0   0   0   0   0   0
    ATC   3   3   3   3   3   4 |     ACC   1   1   1   1   1   1 |     AAC   4   6   6   6   5   7 |     AGC   0   0   0   0   0   0
    ATA   0   0   0   0   0   0 |     ACA   1   1   1   1   1   0 | Lys AAA   0   0   0   0   0   0 | Arg AGA   0   0   0   0   0   0
Met ATG   1   1   1   1   1   1 |     ACG   1   1   1   0   1   2 |     AAG   3   3   3   4   3   3 |     AGG   0   0   0   0   0   0
--------------------------------------------------------------------------------------------------------------------------------------
Val GTT   0   0   0   0   0   0 | Ala GCT   0   0   0   0   0   0 | Asp GAT   1   1   1   1   1   1 | Gly GGT   0   0   0   0   0   0
    GTC   1   1   1   1   1   1 |     GCC   3   3   3   3   3   3 |     GAC   0   0   0   0   0   0 |     GGC   2   2   2   2   2   2
    GTA   0   0   0   0   0   0 |     GCA   1   1   1   1   1   1 | Glu GAA   2   2   2   2   2   2 |     GGA   1   1   1   1   1   1
    GTG   0   0   0   0   0   0 |     GCG   0   0   0   0   0   0 |     GAG   3   3   3   3   3   3 |     GGG   1   1   1   1   1   1
--------------------------------------------------------------------------------------------------------------------------------------

--------------------------------------------------------------------------------------------------------------------------------------
Phe TTT   1   1   1   0   1   1 | Ser TCT   0   0   0   1   0   0 | Tyr TAT   2   2   2   2   2   2 | Cys TGT   1   1   1   1   1   1
    TTC   5   5   5   5   5   5 |     TCC   0   0   0   0   0   0 |     TAC   2   2   2   2   2   2 |     TGC   0   0   0   0   0   0
Leu TTA   0   0   0   0   0   0 |     TCA   2   2   2   2   2   2 | *** TAA   0   0   0   0   0   0 | *** TGA   0   0   0   0   0   0
    TTG   0   0   0   0   0   0 |     TCG   0   0   0   0   0   0 |     TAG   0   0   0   0   0   0 | Trp TGG   1   1   1   1   1   1
--------------------------------------------------------------------------------------------------------------------------------------
Leu CTT   0   0   0   0   0   0 | Pro CCT   2   2   2   3   3   2 | His CAT   0   0   0   0   0   0 | Arg CGT   0   0   0   0   0   0
    CTC   2   2   2   2   2   2 |     CCC   2   1   2   1   1   2 |     CAC   1   1   1   1   1   1 |     CGC   1   1   1   1   1   1
    CTA   0   0   0   0   0   0 |     CCA   0   1   0   0   0   0 | Gln CAA   1   1   1   1   1   1 |     CGA   0   0   0   0   0   0
    CTG   0   0   0   0   0   0 |     CCG   0   0   0   0   0   0 |     CAG   0   0   0   0   0   0 |     CGG   0   0   0   0   0   0
--------------------------------------------------------------------------------------------------------------------------------------
Ile ATT   2   2   2   2   2   2 | Thr ACT   1   1   1   1   1   1 | Asn AAT   2   3   2   3   3   2 | Ser AGT   0   0   0   0   0   0
    ATC   3   3   3   3   3   3 |     ACC   1   1   1   1   1   1 |     AAC   6   5   6   5   5   6 |     AGC   0   0   0   0   0   0
    ATA   0   0   0   0   0   0 |     ACA   1   2   1   1   1   1 | Lys AAA   0   0   0   0   0   0 | Arg AGA   0   0   0   0   0   0
Met ATG   1   1   1   1   1   1 |     ACG   1   0   1   1   1   1 |     AAG   3   3   3   3   3   3 |     AGG   0   0   0   0   0   0
--------------------------------------------------------------------------------------------------------------------------------------
Val GTT   0   0   0   0   0   0 | Ala GCT   0   0   0   0   0   0 | Asp GAT   1   1   1   1   1   1 | Gly GGT   0   0   0   0   0   0
    GTC   1   1   1   1   1   1 |     GCC   3   3   3   3   3   3 |     GAC   0   0   0   0   0   0 |     GGC   2   2   2   2   2   2
    GTA   0   0   0   0   0   0 |     GCA   1   1   1   1   1   1 | Glu GAA   2   2   2   2   2   2 |     GGA   1   1   1   1   1   1
    GTG   0   0   0   0   0   0 |     GCG   0   0   0   0   0   0 |     GAG   3   3   3   3   3   3 |     GGG   1   1   1   1   1   1
--------------------------------------------------------------------------------------------------------------------------------------

--------------------------------------------------------------------------------------------------------------------------------------
Phe TTT   1   1   1   1   1   1 | Ser TCT   0   0   0   0   0   0 | Tyr TAT   2   2   2   2   2   2 | Cys TGT   1   1   1   1   1   1
    TTC   5   5   5   5   5   5 |     TCC   0   0   0   0   0   0 |     TAC   2   2   2   2   2   2 |     TGC   0   0   0   0   0   0
Leu TTA   0   0   0   0   0   0 |     TCA   2   2   2   2   2   2 | *** TAA   0   0   0   0   0   0 | *** TGA   0   0   0   0   0   0
    TTG   0   0   0   0   0   0 |     TCG   0   0   0   0   0   0 |     TAG   0   0   0   0   0   0 | Trp TGG   1   1   1   1   1   1
--------------------------------------------------------------------------------------------------------------------------------------
Leu CTT   0   0   0   0   0   0 | Pro CCT   3   1   3   2   2   2 | His CAT   0   0   0   0   0   0 | Arg CGT   0   0   0   0   0   0
    CTC   2   2   2   2   2   2 |     CCC   1   3   1   1   2   2 |     CAC   1   1   1   1   1   1 |     CGC   1   1   1   1   1   1
    CTA   0   0   0   0   0   0 |     CCA   0   0   0   0   0   0 | Gln CAA   1   1   1   1   1   1 |     CGA   0   0   0   0   0   0
    CTG   0   0   0   0   0   0 |     CCG   0   0   0   1   0   0 |     CAG   0   0   0   0   0   0 |     CGG   0   0   0   0   0   0
--------------------------------------------------------------------------------------------------------------------------------------
Ile ATT   2   2   2   2   2   2 | Thr ACT   1   1   1   1   1   0 | Asn AAT   2   1   2   3   2   2 | Ser AGT   0   0   0   0   0   0
    ATC   3   3   3   3   3   3 |     ACC   1   1   1   1   1   2 |     AAC   6   7   6   5   6   6 |     AGC   0   0   0   0   0   0
    ATA   0   0   0   0   0   0 |     ACA   1   1   1   1   1   1 | Lys AAA   0   0   0   0   0   0 | Arg AGA   0   0   0   0   0   0
Met ATG   1   1   1   1   1   1 |     ACG   1   1   1   1   1   1 |     AAG   3   3   3   3   3   3 |     AGG   0   0   0   0   0   0
--------------------------------------------------------------------------------------------------------------------------------------
Val GTT   0   0   0   0   0   0 | Ala GCT   0   0   0   0   0   0 | Asp GAT   1   1   1   1   1   1 | Gly GGT   0   0   0   1   0   0
    GTC   1   1   1   1   1   1 |     GCC   3   3   3   3   3   3 |     GAC   0   0   0   0   0   0 |     GGC   2   2   2   1   2   2
    GTA   0   0   0   0   0   0 |     GCA   1   1   1   1   1   1 | Glu GAA   2   2   2   2   2   2 |     GGA   1   1   1   1   1   1
    GTG   0   0   0   0   0   0 |     GCG   0   0   0   0   0   0 |     GAG   3   3   3   3   3   3 |     GGG   1   1   1   1   1   1
--------------------------------------------------------------------------------------------------------------------------------------

--------------------------------------------------------------------------------------------------------------------------------------
Phe TTT   1   1   1   1   1   1 | Ser TCT   0   0   0   0   0   0 | Tyr TAT   2   2   2   2   2   2 | Cys TGT   1   1   1   1   1   1
    TTC   5   5   5   5   5   5 |     TCC   0   0   0   0   0   0 |     TAC   2   2   2   2   2   2 |     TGC   0   0   0   0   0   0
Leu TTA   0   0   0   0   0   0 |     TCA   2   2   2   2   2   2 | *** TAA   0   0   0   0   0   0 | *** TGA   0   0   0   0   0   0
    TTG   0   0   0   0   0   0 |     TCG   0   0   0   0   0   0 |     TAG   0   0   0   0   0   0 | Trp TGG   1   1   1   1   1   1
--------------------------------------------------------------------------------------------------------------------------------------
Leu CTT   0   0   0   0   0   0 | Pro CCT   2   3   2   2   2   2 | His CAT   0   0   0   0   0   0 | Arg CGT   0   0   0   0   0   0
    CTC   2   2   2   2   2   2 |     CCC   2   2   2   2   2   1 |     CAC   1   1   1   1   1   1 |     CGC   1   1   1   1   1   1
    CTA   0   0   0   0   0   0 |     CCA   0   0   0   0   0   0 | Gln CAA   1   1   1   1   1   1 |     CGA   0   0   0   0   0   0
    CTG   0   0   0   0   0   0 |     CCG   0   0   0   0   0   1 |     CAG   0   0   0   0   0   0 |     CGG   0   0   0   0   0   0
--------------------------------------------------------------------------------------------------------------------------------------
Ile ATT   2   2   2   2   2   2 | Thr ACT   1   0   1   1   1   1 | Asn AAT   1   2   2   2   2   3 | Ser AGT   0   0   0   0   0   0
    ATC   3   3   3   3   3   3 |     ACC   1   1   1   1   1   1 |     AAC   7   6   6   6   6   5 |     AGC   0   0   0   0   0   0
    ATA   0   0   0   0   0   0 |     ACA   1   0   1   2   1   1 | Lys AAA   0   0   0   0   0   0 | Arg AGA   0   0   0   0   0   0
Met ATG   1   1   1   1   1   1 |     ACG   1   1   1   0   1   1 |     AAG   3   4   3   3   3   3 |     AGG   0   0   0   0   0   0
--------------------------------------------------------------------------------------------------------------------------------------
Val GTT   0   0   0   0   0   0 | Ala GCT   0   0   0   0   0   0 | Asp GAT   1   1   1   1   1   1 | Gly GGT   0   0   0   0   0   0
    GTC   1   1   1   1   1   1 |     GCC   3   3   3   3   3   3 |     GAC   0   0   0   0   0   0 |     GGC   2   2   2   2   2   2
    GTA   0   0   0   0   0   0 |     GCA   1   1   1   1   1   1 | Glu GAA   2   2   2   2   2   2 |     GGA   1   1   1   1   1   1
    GTG   0   0   0   0   0   0 |     GCG   0   0   0   0   0   0 |     GAG   3   3   3   3   3   3 |     GGG   1   1   1   1   1   1
--------------------------------------------------------------------------------------------------------------------------------------

--------------------------------------------------------------------------------------------------------------------------------------
Phe TTT   1   1   1   0   1   1 | Ser TCT   0   0   0   1   0   0 | Tyr TAT   2   2   3   2   2   2 | Cys TGT   1   1   1   1   1   1
    TTC   5   5   5   5   5   5 |     TCC   0   0   1   0   0   0 |     TAC   2   2   1   2   2   2 |     TGC   0   0   0   0   0   0
Leu TTA   0   0   0   0   0   0 |     TCA   2   2   2   2   2   2 | *** TAA   0   0   0   0   0   0 | *** TGA   0   0   0   0   0   0
    TTG   0   0   0   0   0   0 |     TCG   0   0   0   0   0   0 |     TAG   0   0   0   0   0   0 | Trp TGG   1   1   1   1   1   1
--------------------------------------------------------------------------------------------------------------------------------------
Leu CTT   0   0   0   0   0   0 | Pro CCT   2   2   2   2   2   2 | His CAT   0   0   0   0   0   0 | Arg CGT   0   0   0   0   0   0
    CTC   2   2   2   2   2   2 |     CCC   2   1   1   2   2   2 |     CAC   1   1   1   1   1   1 |     CGC   1   1   1   1   1   1
    CTA   0   0   0   0   0   0 |     CCA   0   0   0   0   0   0 | Gln CAA   1   1   1   1   1   1 |     CGA   0   0   0   0   0   0
    CTG   0   0   0   0   0   0 |     CCG   0   1   0   0   0   0 |     CAG   0   0   0   0   0   0 |     CGG   0   0   0   0   0   0
--------------------------------------------------------------------------------------------------------------------------------------
Ile ATT   2   2   1   2   2   2 | Thr ACT   1   1   1   1   1   1 | Asn AAT   2   3   1   3   2   2 | Ser AGT   0   0   0   0   0   0
    ATC   3   3   4   3   3   3 |     ACC   1   1   1   1   1   1 |     AAC   6   5   7   5   6   6 |     AGC   0   0   0   0   0   0
    ATA   0   0   0   0   0   0 |     ACA   1   1   0   1   0   1 | Lys AAA   0   0   0   0   0   0 | Arg AGA   0   0   0   0   0   0
Met ATG   1   1   1   1   1   1 |     ACG   1   1   2   1   1   1 |     AAG   3   3   3   3   3   3 |     AGG   0   0   0   0   1   0
--------------------------------------------------------------------------------------------------------------------------------------
Val GTT   0   0   0   0   0   0 | Ala GCT   0   1   0   0   0   0 | Asp GAT   1   1   1   1   1   1 | Gly GGT   0   0   0   0   0   0
    GTC   1   1   1   1   1   1 |     GCC   3   2   3   3   3   3 |     GAC   0   0   0   0   0   0 |     GGC   2   2   2   2   2   2
    GTA   0   0   0   0   0   0 |     GCA   1   1   1   1   1   1 | Glu GAA   2   2   2   2   2   2 |     GGA   1   1   1   1   1   1
    GTG   0   0   0   0   0   0 |     GCG   0   0   0   0   0   0 |     GAG   3   3   3   3   3   3 |     GGG   1   1   1   1   1   1
--------------------------------------------------------------------------------------------------------------------------------------

--------------------------------------------------------------------------------------------------------------------------------------
Phe TTT   1   0   1   1   1   1 | Ser TCT   0   0   0   0   0   0 | Tyr TAT   2   2   2   2   1   2 | Cys TGT   1   1   1   1   1   1
    TTC   5   6   5   5   5   5 |     TCC   0   0   0   0   0   0 |     TAC   2   2   2   2   3   2 |     TGC   0   0   0   0   0   0
Leu TTA   0   0   0   0   0   0 |     TCA   2   2   2   2   2   2 | *** TAA   0   0   0   0   0   0 | *** TGA   0   0   0   0   0   0
    TTG   0   0   0   0   0   0 |     TCG   0   0   0   0   0   0 |     TAG   0   0   0   0   0   0 | Trp TGG   1   1   1   1   1   1
--------------------------------------------------------------------------------------------------------------------------------------
Leu CTT   0   0   0   0   0   0 | Pro CCT   2   2   3   2   2   4 | His CAT   0   0   0   0   0   0 | Arg CGT   0   0   0   0   0   0
    CTC   2   2   2   2   2   2 |     CCC   2   1   1   2   2   1 |     CAC   1   1   1   1   1   1 |     CGC   1   1   1   1   1   1
    CTA   0   0   0   0   0   0 |     CCA   0   0   0   0   0   0 | Gln CAA   1   1   1   1   1   1 |     CGA   0   0   0   0   0   0
    CTG   0   0   0   0   0   0 |     CCG   0   1   0   0   0   0 |     CAG   0   0   0   0   0   0 |     CGG   0   0   0   0   0   0
--------------------------------------------------------------------------------------------------------------------------------------
Ile ATT   2   2   2   2   2   1 | Thr ACT   1   1   1   1   1   0 | Asn AAT   2   3   2   4   2   1 | Ser AGT   0   0   0   0   0   0
    ATC   3   3   3   3   3   4 |     ACC   1   1   1   1   1   1 |     AAC   6   5   6   4   6   7 |     AGC   0   0   0   0   0   0
    ATA   0   0   0   0   0   0 |     ACA   1   1   1   1   1   0 | Lys AAA   0   0   0   0   0   0 | Arg AGA   0   0   0   0   0   0
Met ATG   1   1   1   1   1   1 |     ACG   1   1   1   1   1   2 |     AAG   3   3   3   3   3   3 |     AGG   0   0   0   0   0   0
--------------------------------------------------------------------------------------------------------------------------------------
Val GTT   0   0   0   0   0   0 | Ala GCT   0   0   0   0   0   0 | Asp GAT   1   1   1   1   1   1 | Gly GGT   0   0   0   0   0   0
    GTC   1   1   1   1   1   1 |     GCC   3   3   3   3   3   3 |     GAC   0   0   0   0   0   0 |     GGC   2   2   2   2   2   2
    GTA   0   0   0   0   0   0 |     GCA   1   1   1   1   1   1 | Glu GAA   2   2   2   2   2   1 |     GGA   1   1   1   1   1   1
    GTG   0   0   0   0   0   0 |     GCG   0   0   0   0   0   0 |     GAG   3   3   3   3   3   4 |     GGG   1   1   1   1   1   1
--------------------------------------------------------------------------------------------------------------------------------------

--------------------------------------------------------------------------------------------------------------------------------------
Phe TTT   1   1   1   1   0   1 | Ser TCT   0   0   0   0   0   0 | Tyr TAT   2   2   2   2   2   2 | Cys TGT   1   1   1   1   1   1
    TTC   5   5   5   5   6   5 |     TCC   0   0   0   0   0   0 |     TAC   2   2   2   2   2   2 |     TGC   0   0   0   0   0   0
Leu TTA   0   0   0   0   0   0 |     TCA   2   2   2   2   2   1 | *** TAA   0   0   0   0   0   0 | *** TGA   0   0   0   0   0   0
    TTG   0   0   0   0   0   0 |     TCG   0   0   0   0   0   0 |     TAG   0   0   0   0   0   0 | Trp TGG   1   1   1   1   1   1
--------------------------------------------------------------------------------------------------------------------------------------
Leu CTT   0   0   0   0   0   0 | Pro CCT   3   2   3   2   2   2 | His CAT   0   0   0   0   0   0 | Arg CGT   0   0   0   0   0   0
    CTC   2   2   2   2   2   2 |     CCC   1   2   1   2   1   2 |     CAC   1   1   1   1   1   1 |     CGC   1   1   1   1   1   1
    CTA   0   0   0   0   0   0 |     CCA   0   0   0   0   0   0 | Gln CAA   1   1   1   1   1   1 |     CGA   0   0   0   0   0   0
    CTG   0   0   0   0   0   0 |     CCG   0   0   0   0   1   0 |     CAG   0   0   0   0   0   0 |     CGG   0   0   0   0   0   0
--------------------------------------------------------------------------------------------------------------------------------------
Ile ATT   1   2   1   2   2   2 | Thr ACT   1   1   1   1   1   1 | Asn AAT   1   2   1   2   3   2 | Ser AGT   0   0   0   0   0   0
    ATC   4   3   4   3   3   3 |     ACC   1   1   1   1   1   1 |     AAC   7   6   7   6   5   6 |     AGC   0   0   0   0   0   0
    ATA   0   0   0   0   0   0 |     ACA   0   1   0   0   1   1 | Lys AAA   0   0   0   0   0   0 | Arg AGA   0   0   0   0   0   0
Met ATG   1   1   1   1   1   1 |     ACG   2   1   2   1   1   1 |     AAG   3   3   3   4   3   3 |     AGG   0   0   0   0   0   0
--------------------------------------------------------------------------------------------------------------------------------------
Val GTT   0   0   0   0   0   0 | Ala GCT   0   0   0   0   0   0 | Asp GAT   1   1   1   1   1   1 | Gly GGT   0   0   0   1   0   0
    GTC   1   1   1   1   1   1 |     GCC   3   3   3   3   3   3 |     GAC   0   0   0   0   0   0 |     GGC   2   2   2   1   2   2
    GTA   0   0   0   0   0   0 |     GCA   1   1   1   1   1   2 | Glu GAA   2   2   2   2   2   2 |     GGA   1   1   1   1   1   1
    GTG   0   0   0   0   0   0 |     GCG   0   0   0   0   0   0 |     GAG   3   3   3   3   3   3 |     GGG   1   1   1   1   1   1
--------------------------------------------------------------------------------------------------------------------------------------

--------------------------------------------------------------------------------------------------------------------------------------
Phe TTT   1   1   1   1   1   1 | Ser TCT   0   0   0   0   0   0 | Tyr TAT   2   2   2   2   2   1 | Cys TGT   1   1   0   1   1   1
    TTC   5   5   5   5   5   5 |     TCC   0   0   0   0   0   0 |     TAC   2   2   2   2   2   3 |     TGC   0   0   1   0   0   0
Leu TTA   0   0   0   0   0   0 |     TCA   2   2   2   2   2   2 | *** TAA   0   0   0   0   0   0 | *** TGA   0   0   0   0   0   0
    TTG   0   0   0   0   0   0 |     TCG   0   0   0   0   0   0 |     TAG   0   0   0   0   0   0 | Trp TGG   1   1   1   1   1   1
--------------------------------------------------------------------------------------------------------------------------------------
Leu CTT   0   0   0   0   0   0 | Pro CCT   2   2   2   2   2   2 | His CAT   0   0   0   0   0   0 | Arg CGT   0   0   0   0   0   0
    CTC   2   2   2   2   2   2 |     CCC   2   2   2   2   1   1 |     CAC   1   1   1   1   1   1 |     CGC   1   1   1   1   1   1
    CTA   0   0   0   0   0   0 |     CCA   0   0   0   0   0   0 | Gln CAA   1   1   1   1   1   1 |     CGA   0   0   0   0   0   0
    CTG   0   0   0   0   0   0 |     CCG   0   0   0   0   1   1 |     CAG   0   0   0   0   0   0 |     CGG   0   0   0   0   0   0
--------------------------------------------------------------------------------------------------------------------------------------
Ile ATT   2   2   2   3   2   2 | Thr ACT   1   1   2   1   1   1 | Asn AAT   2   2   2   2   3   3 | Ser AGT   0   0   0   0   0   0
    ATC   3   3   3   2   3   3 |     ACC   1   1   0   1   1   1 |     AAC   6   6   6   6   5   5 |     AGC   0   0   0   0   0   0
    ATA   0   0   0   0   0   0 |     ACA   1   1   2   1   1   1 | Lys AAA   0   0   0   0   0   0 | Arg AGA   0   0   0   0   0   0
Met ATG   1   1   1   1   1   1 |     ACG   1   1   0   1   1   1 |     AAG   3   3   3   3   3   3 |     AGG   0   0   0   0   0   0
--------------------------------------------------------------------------------------------------------------------------------------
Val GTT   0   0   0   0   0   0 | Ala GCT   0   0   0   0   0   0 | Asp GAT   1   1   1   1   1   1 | Gly GGT   0   0   0   0   0   0
    GTC   1   1   1   1   1   1 |     GCC   3   3   3   3   3   3 |     GAC   0   0   0   0   0   0 |     GGC   2   2   2   2   2   2
    GTA   0   0   0   0   0   0 |     GCA   1   1   1   1   1   1 | Glu GAA   2   2   2   2   2   2 |     GGA   1   1   1   1   1   1
    GTG   0   0   0   0   0   0 |     GCG   0   0   0   0   0   0 |     GAG   3   3   3   3   3   3 |     GGG   1   1   1   1   1   1
--------------------------------------------------------------------------------------------------------------------------------------

Codon position x base (3x4) table for each sequence.

#1: Argali         
position  1:    T:0.23729    C:0.15254    A:0.35593    G:0.25424
position  2:    T:0.25424    C:0.23729    A:0.38983    G:0.11864
position  3:    T:0.22034    C:0.47458    A:0.13559    G:0.16949
Average         T:0.23729    C:0.28814    A:0.29379    G:0.18079

#2: LesserMouseDeer
position  1:    T:0.23729    C:0.15254    A:0.35593    G:0.25424
position  2:    T:0.25424    C:0.22034    A:0.38983    G:0.13559
position  3:    T:0.11864    C:0.55932    A:0.13559    G:0.18644
Average         T:0.20339    C:0.31073    A:0.29379    G:0.19209

#3: LesserKudu     
position  1:    T:0.23729    C:0.15254    A:0.35593    G:0.25424
position  2:    T:0.25424    C:0.23729    A:0.38983    G:0.11864
position  3:    T:0.22034    C:0.45763    A:0.13559    G:0.18644
Average         T:0.23729    C:0.28249    A:0.29379    G:0.18644

#4: ForestMuskDeer2
position  1:    T:0.23729    C:0.15254    A:0.35593    G:0.25424
position  2:    T:0.25424    C:0.23729    A:0.38983    G:0.11864
position  3:    T:0.20339    C:0.49153    A:0.13559    G:0.16949
Average         T:0.23164    C:0.29379    A:0.29379    G:0.18079

#5: Camel          
position  1:    T:0.25424    C:0.15254    A:0.33898    G:0.25424
position  2:    T:0.28814    C:0.20339    A:0.38983    G:0.11864
position  3:    T:0.23729    C:0.47458    A:0.11864    G:0.16949
Average         T:0.25989    C:0.27684    A:0.28249    G:0.18079

#6: KillerWhale    
position  1:    T:0.23729    C:0.15254    A:0.33898    G:0.27119
position  2:    T:0.23729    C:0.20339    A:0.42373    G:0.13559
position  3:    T:0.18644    C:0.49153    A:0.15254    G:0.16949
Average         T:0.22034    C:0.28249    A:0.30508    G:0.19209

#7: DefassaWaterbuck
position  1:    T:0.23729    C:0.15254    A:0.35593    G:0.25424
position  2:    T:0.25424    C:0.23729    A:0.38983    G:0.11864
position  3:    T:0.23729    C:0.45763    A:0.13559    G:0.16949
Average         T:0.24294    C:0.28249    A:0.29379    G:0.18079

#8: Sheep          
position  1:    T:0.23729    C:0.15254    A:0.35593    G:0.25424
position  2:    T:0.25424    C:0.23729    A:0.38983    G:0.11864
position  3:    T:0.20339    C:0.49153    A:0.13559    G:0.16949
Average         T:0.23164    C:0.29379    A:0.29379    G:0.18079

#9: MaxwellsDuiker 
position  1:    T:0.23729    C:0.15254    A:0.35593    G:0.25424
position  2:    T:0.23729    C:0.25424    A:0.38983    G:0.11864
position  3:    T:0.20339    C:0.49153    A:0.13559    G:0.16949
Average         T:0.22599    C:0.29944    A:0.29379    G:0.18079

#10: GazellaPrzewalskyi
position  1:    T:0.23729    C:0.15254    A:0.35593    G:0.25424
position  2:    T:0.25424    C:0.22034    A:0.40678    G:0.11864
position  3:    T:0.20339    C:0.49153    A:0.13559    G:0.16949
Average         T:0.23164    C:0.28814    A:0.29944    G:0.18079

#11: MountainNyala  
position  1:    T:0.23729    C:0.15254    A:0.35593    G:0.25424
position  2:    T:0.25424    C:0.23729    A:0.38983    G:0.11864
position  3:    T:0.22034    C:0.45763    A:0.13559    G:0.18644
Average         T:0.23729    C:0.28249    A:0.29379    G:0.18644

#12: MuntiacusMuntjak
position  1:    T:0.23729    C:0.15254    A:0.35593    G:0.25424
position  2:    T:0.25424    C:0.23729    A:0.38983    G:0.11864
position  3:    T:0.16949    C:0.52542    A:0.11864    G:0.18644
Average         T:0.22034    C:0.30508    A:0.28814    G:0.18644

#13: goat           
position  1:    T:0.23729    C:0.15254    A:0.35593    G:0.25424
position  2:    T:0.25424    C:0.23729    A:0.38983    G:0.11864
position  3:    T:0.20339    C:0.49153    A:0.13559    G:0.16949
Average         T:0.23164    C:0.29379    A:0.29379    G:0.18079

#14: AfricanBuffalo 
position  1:    T:0.23729    C:0.15254    A:0.35593    G:0.25424
position  2:    T:0.25424    C:0.23729    A:0.38983    G:0.11864
position  3:    T:0.22034    C:0.45763    A:0.16949    G:0.15254
Average         T:0.23729    C:0.28249    A:0.30508    G:0.17514

#15: Topi           
position  1:    T:0.23729    C:0.15254    A:0.35593    G:0.25424
position  2:    T:0.25424    C:0.23729    A:0.38983    G:0.11864
position  3:    T:0.20339    C:0.49153    A:0.13559    G:0.16949
Average         T:0.23164    C:0.29379    A:0.29379    G:0.18079

#16: CommonDuiker   
position  1:    T:0.23729    C:0.15254    A:0.35593    G:0.25424
position  2:    T:0.23729    C:0.25424    A:0.38983    G:0.11864
position  3:    T:0.23729    C:0.45763    A:0.13559    G:0.16949
Average         T:0.23729    C:0.28814    A:0.29379    G:0.18079

#17: Suni           
position  1:    T:0.23729    C:0.15254    A:0.35593    G:0.25424
position  2:    T:0.25424    C:0.23729    A:0.38983    G:0.11864
position  3:    T:0.23729    C:0.45763    A:0.13559    G:0.16949
Average         T:0.24294    C:0.28249    A:0.29379    G:0.18079

#18: Springbuck     
position  1:    T:0.23729    C:0.15254    A:0.35593    G:0.25424
position  2:    T:0.25424    C:0.23729    A:0.38983    G:0.11864
position  3:    T:0.20339    C:0.49153    A:0.13559    G:0.16949
Average         T:0.23164    C:0.29379    A:0.29379    G:0.18079

#19: Okapi          
position  1:    T:0.23729    C:0.15254    A:0.35593    G:0.25424
position  2:    T:0.25424    C:0.23729    A:0.38983    G:0.11864
position  3:    T:0.22034    C:0.47458    A:0.13559    G:0.16949
Average         T:0.23729    C:0.28814    A:0.29379    G:0.18079

#20: Giraffe        
position  1:    T:0.23729    C:0.15254    A:0.35593    G:0.25424
position  2:    T:0.25424    C:0.23729    A:0.38983    G:0.11864
position  3:    T:0.16949    C:0.52542    A:0.13559    G:0.16949
Average         T:0.22034    C:0.30508    A:0.29379    G:0.18079

#21: TibetanAntelope
position  1:    T:0.23729    C:0.15254    A:0.35593    G:0.25424
position  2:    T:0.25424    C:0.23729    A:0.38983    G:0.11864
position  3:    T:0.22034    C:0.47458    A:0.13559    G:0.16949
Average         T:0.23729    C:0.28814    A:0.29379    G:0.18079

#22: Sitatunga      
position  1:    T:0.23729    C:0.15254    A:0.35593    G:0.25424
position  2:    T:0.25424    C:0.23729    A:0.38983    G:0.11864
position  3:    T:0.23729    C:0.44068    A:0.13559    G:0.18644
Average         T:0.24294    C:0.27684    A:0.29379    G:0.18644

#23: Oribi          
position  1:    T:0.23729    C:0.15254    A:0.35593    G:0.25424
position  2:    T:0.25424    C:0.23729    A:0.38983    G:0.11864
position  3:    T:0.20339    C:0.49153    A:0.13559    G:0.16949
Average         T:0.23164    C:0.29379    A:0.29379    G:0.18079

#24: BarbarySheep   
position  1:    T:0.23729    C:0.15254    A:0.35593    G:0.25424
position  2:    T:0.25424    C:0.23729    A:0.38983    G:0.11864
position  3:    T:0.18644    C:0.50847    A:0.13559    G:0.16949
Average         T:0.22599    C:0.29944    A:0.29379    G:0.18079

#25: Daviddeer      
position  1:    T:0.23729    C:0.15254    A:0.35593    G:0.25424
position  2:    T:0.25424    C:0.23729    A:0.38983    G:0.11864
position  3:    T:0.18644    C:0.50847    A:0.13559    G:0.16949
Average         T:0.22599    C:0.29944    A:0.29379    G:0.18079

#26: Reindeer       
position  1:    T:0.23729    C:0.16949    A:0.33898    G:0.25424
position  2:    T:0.25424    C:0.22034    A:0.40678    G:0.11864
position  3:    T:0.20339    C:0.49153    A:0.11864    G:0.18644
Average         T:0.23164    C:0.29379    A:0.28814    G:0.18644

#27: Ibex           
position  1:    T:0.23729    C:0.15254    A:0.35593    G:0.25424
position  2:    T:0.25424    C:0.23729    A:0.38983    G:0.11864
position  3:    T:0.20339    C:0.49153    A:0.13559    G:0.16949
Average         T:0.23164    C:0.29379    A:0.29379    G:0.18079

#28: GyrantGazelle  
position  1:    T:0.23729    C:0.15254    A:0.35593    G:0.25424
position  2:    T:0.25424    C:0.23729    A:0.38983    G:0.11864
position  3:    T:0.20339    C:0.49153    A:0.15254    G:0.15254
Average         T:0.23164    C:0.29379    A:0.29944    G:0.17514

#29: Hartebeest     
position  1:    T:0.23729    C:0.15254    A:0.35593    G:0.25424
position  2:    T:0.25424    C:0.23729    A:0.38983    G:0.11864
position  3:    T:0.20339    C:0.49153    A:0.13559    G:0.16949
Average         T:0.23164    C:0.29379    A:0.29379    G:0.18079

#30: Bongo          
position  1:    T:0.23729    C:0.15254    A:0.35593    G:0.25424
position  2:    T:0.25424    C:0.23729    A:0.38983    G:0.11864
position  3:    T:0.22034    C:0.45763    A:0.13559    G:0.18644
Average         T:0.23729    C:0.28249    A:0.29379    G:0.18644

#31: Gerenuk        
position  1:    T:0.23729    C:0.15254    A:0.35593    G:0.25424
position  2:    T:0.25424    C:0.23729    A:0.38983    G:0.11864
position  3:    T:0.20339    C:0.49153    A:0.13559    G:0.16949
Average         T:0.23164    C:0.29379    A:0.29379    G:0.18079

#32: CommonEland    
position  1:    T:0.23729    C:0.15254    A:0.35593    G:0.25424
position  2:    T:0.25424    C:0.23729    A:0.38983    G:0.11864
position  3:    T:0.23729    C:0.44068    A:0.13559    G:0.18644
Average         T:0.24294    C:0.27684    A:0.29379    G:0.18644

#33: MuntiacusReevesi
position  1:    T:0.25424    C:0.13559    A:0.35593    G:0.25424
position  2:    T:0.25424    C:0.23729    A:0.38983    G:0.11864
position  3:    T:0.18644    C:0.50847    A:0.11864    G:0.18644
Average         T:0.23164    C:0.29379    A:0.28814    G:0.18644

#34: HarveysDuiker  
position  1:    T:0.23729    C:0.15254    A:0.35593    G:0.25424
position  2:    T:0.23729    C:0.25424    A:0.38983    G:0.11864
position  3:    T:0.22034    C:0.47458    A:0.13559    G:0.16949
Average         T:0.23164    C:0.29379    A:0.29379    G:0.18079

#35: Pronghorn      
position  1:    T:0.23729    C:0.15254    A:0.35593    G:0.25424
position  2:    T:0.25424    C:0.22034    A:0.38983    G:0.13559
position  3:    T:0.20339    C:0.49153    A:0.11864    G:0.18644
Average         T:0.23164    C:0.28814    A:0.28814    G:0.19209

#36: BlueWildebeest 
position  1:    T:0.23729    C:0.15254    A:0.35593    G:0.25424
position  2:    T:0.25424    C:0.23729    A:0.38983    G:0.11864
position  3:    T:0.20339    C:0.49153    A:0.13559    G:0.16949
Average         T:0.23164    C:0.29379    A:0.29379    G:0.18079

#37: Gemsbok        
position  1:    T:0.23729    C:0.15254    A:0.35593    G:0.25424
position  2:    T:0.25424    C:0.23729    A:0.38983    G:0.11864
position  3:    T:0.20339    C:0.49153    A:0.13559    G:0.16949
Average         T:0.23164    C:0.29379    A:0.29379    G:0.18079

#38: Yak            
position  1:    T:0.23729    C:0.15254    A:0.35593    G:0.25424
position  2:    T:0.25424    C:0.23729    A:0.38983    G:0.11864
position  3:    T:0.20339    C:0.47458    A:0.13559    G:0.18644
Average         T:0.23164    C:0.28814    A:0.29379    G:0.18644

#39: BlueSheep      
position  1:    T:0.23729    C:0.15254    A:0.35593    G:0.25424
position  2:    T:0.25424    C:0.23729    A:0.38983    G:0.11864
position  3:    T:0.22034    C:0.47458    A:0.13559    G:0.16949
Average         T:0.23729    C:0.28814    A:0.29379    G:0.18079

#40: BohorReedbuck  
position  1:    T:0.23729    C:0.15254    A:0.35593    G:0.25424
position  2:    T:0.25424    C:0.23729    A:0.38983    G:0.11864
position  3:    T:0.23729    C:0.45763    A:0.13559    G:0.16949
Average         T:0.24294    C:0.28249    A:0.29379    G:0.18079

#41: KirksDik       
position  1:    T:0.23729    C:0.15254    A:0.35593    G:0.25424
position  2:    T:0.25424    C:0.23729    A:0.38983    G:0.11864
position  3:    T:0.18644    C:0.50847    A:0.13559    G:0.16949
Average         T:0.22599    C:0.29944    A:0.29379    G:0.18079

#42: RoeDeer        
position  1:    T:0.23729    C:0.16949    A:0.33898    G:0.25424
position  2:    T:0.25424    C:0.23729    A:0.38983    G:0.11864
position  3:    T:0.18644    C:0.50847    A:0.10169    G:0.20339
Average         T:0.22599    C:0.30508    A:0.27684    G:0.19209

#43: WhiteLippedDeer
position  1:    T:0.23729    C:0.15254    A:0.35593    G:0.25424
position  2:    T:0.25424    C:0.23729    A:0.38983    G:0.11864
position  3:    T:0.18644    C:0.50847    A:0.11864    G:0.18644
Average         T:0.22599    C:0.29944    A:0.28814    G:0.18644

#44: ThomsonGazelle 
position  1:    T:0.23729    C:0.15254    A:0.35593    G:0.25424
position  2:    T:0.25424    C:0.23729    A:0.38983    G:0.11864
position  3:    T:0.20339    C:0.49153    A:0.13559    G:0.16949
Average         T:0.23164    C:0.29379    A:0.29379    G:0.18079

#45: MuntiacusCrinifrons
position  1:    T:0.23729    C:0.15254    A:0.35593    G:0.25424
position  2:    T:0.25424    C:0.23729    A:0.38983    G:0.11864
position  3:    T:0.18644    C:0.50847    A:0.11864    G:0.18644
Average         T:0.22599    C:0.29944    A:0.28814    G:0.18644

#46: WhiteTailedDeer
position  1:    T:0.23729    C:0.15254    A:0.35593    G:0.25424
position  2:    T:0.25424    C:0.22034    A:0.40678    G:0.11864
position  3:    T:0.22034    C:0.47458    A:0.11864    G:0.18644
Average         T:0.23729    C:0.28249    A:0.29379    G:0.18644

#47: Cattle         
position  1:    T:0.23729    C:0.15254    A:0.35593    G:0.25424
position  2:    T:0.25424    C:0.23729    A:0.38983    G:0.11864
position  3:    T:0.20339    C:0.47458    A:0.13559    G:0.18644
Average         T:0.23164    C:0.28814    A:0.29379    G:0.18644

#48: RoyalAntelope  
position  1:    T:0.22034    C:0.15254    A:0.35593    G:0.27119
position  2:    T:0.25424    C:0.23729    A:0.38983    G:0.11864
position  3:    T:0.20339    C:0.49153    A:0.13559    G:0.16949
Average         T:0.22599    C:0.29379    A:0.29379    G:0.18644

#49: Steenbok       
position  1:    T:0.23729    C:0.15254    A:0.35593    G:0.25424
position  2:    T:0.25424    C:0.23729    A:0.38983    G:0.11864
position  3:    T:0.20339    C:0.49153    A:0.13559    G:0.16949
Average         T:0.23164    C:0.29379    A:0.29379    G:0.18079

#50: Impala         
position  1:    T:0.23729    C:0.15254    A:0.35593    G:0.25424
position  2:    T:0.25424    C:0.23729    A:0.38983    G:0.11864
position  3:    T:0.20339    C:0.49153    A:0.13559    G:0.16949
Average         T:0.23164    C:0.29379    A:0.29379    G:0.18079

#51: Klipspringer   
position  1:    T:0.23729    C:0.15254    A:0.35593    G:0.25424
position  2:    T:0.25424    C:0.23729    A:0.38983    G:0.11864
