CODONML (in paml version 4.10.7, June 2023)  /home/rachel/ruminants_paml/6406-phy-tree/ENSBTAT00000008607.fasta.phy
Model: free dN/dS Ratios for branches,  kappa = 2.000 fixed

Codon frequency model: F3x4
ns =  54  ls =  29

Codon usage in sequences
--------------------------------------------------------------------------------------------------------------------------------------
Phe TTT   0   1   0   0   1   1 | Ser TCT   0   0   0   0   0   0 | Tyr TAT   0   1   0   0   1   1 | Cys TGT   0   0   0   0   0   0
    TTC   3   2   3   3   2   2 |     TCC   0   0   0   0   0   0 |     TAC   3   2   3   3   2   2 |     TGC   0   0   0   0   0   0
Leu TTA   0   0   0   0   0   0 |     TCA   0   0   0   0   0   0 | *** TAA   0   0   0   0   0   0 | *** TGA   0   0   0   0   0   0
    TTG   1   1   1   1   1   1 |     TCG   0   0   0   0   0   0 |     TAG   0   0   0   0   0   0 | Trp TGG   0   0   0   0   0   0
--------------------------------------------------------------------------------------------------------------------------------------
Leu CTT   1   0   1   1   1   1 | Pro CCT   0   0   0   0   0   0 | His CAT   0   0   0   0   0   0 | Arg CGT   0   0   0   0   0   0
    CTC   0   0   0   0   0   0 |     CCC   0   0   0   0   0   0 |     CAC   0   0   0   0   0   0 |     CGC   0   0   0   0   0   0
    CTA   1   1   1   1   1   1 |     CCA   0   0   0   0   0   0 | Gln CAA   0   0   0   0   0   0 |     CGA   0   0   0   0   0   0
    CTG   0   1   0   0   0   0 |     CCG   0   0   0   0   0   0 |     CAG   1   1   1   1   1   1 |     CGG   0   0   0   0   0   0
--------------------------------------------------------------------------------------------------------------------------------------
Ile ATT   0   0   0   0   0   0 | Thr ACT   2   2   2   2   2   2 | Asn AAT   0   0   0   0   0   0 | Ser AGT   1   1   1   1   1   1
    ATC   0   0   0   0   0   0 |     ACC   0   0   0   0   0   0 |     AAC   1   1   1   1   1   1 |     AGC   0   0   0   0   0   0
    ATA   0   0   0   0   0   0 |     ACA   0   0   0   0   0   0 | Lys AAA   1   1   1   1   1   1 | Arg AGA   0   0   0   0   0   0
Met ATG   1   1   1   1   1   1 |     ACG   0   0   0   0   0   0 |     AAG   1   1   1   1   1   1 |     AGG   0   0   0   0   0   0
--------------------------------------------------------------------------------------------------------------------------------------
Val GTT   0   0   0   0   0   0 | Ala GCT   0   0   0   0   0   0 | Asp GAT   2   2   2   2   2   2 | Gly GGT   0   0   0   0   0   1
    GTC   0   0   0   0   0   0 |     GCC   1   1   1   1   1   1 |     GAC   0   0   0   0   0   0 |     GGC   2   1   2   2   1   0
    GTA   0   0   0   0   0   0 |     GCA   0   0   0   0   0   0 | Glu GAA   2   1   2   2   2   3 |     GGA   2   3   2   2   3   3
    GTG   1   1   1   1   1   1 |     GCG   0   0   0   0   0   0 |     GAG   2   3   2   2   2   1 |     GGG   0   0   0   0   0   0
--------------------------------------------------------------------------------------------------------------------------------------

--------------------------------------------------------------------------------------------------------------------------------------
Phe TTT   0   0   0   0   0   0 | Ser TCT   0   0   0   0   0   0 | Tyr TAT   0   0   0   0   0   0 | Cys TGT   0   0   0   0   0   0
    TTC   3   3   3   3   3   3 |     TCC   0   0   0   0   0   0 |     TAC   3   3   3   3   3   3 |     TGC   0   0   0   0   0   0
Leu TTA   0   0   0   0   0   0 |     TCA   0   0   0   0   0   0 | *** TAA   0   0   0   0   0   0 | *** TGA   0   0   0   0   0   0
    TTG   1   1   1   1   1   1 |     TCG   0   0   0   0   0   0 |     TAG   0   0   0   0   0   0 | Trp TGG   0   0   0   0   0   0
--------------------------------------------------------------------------------------------------------------------------------------
Leu CTT   1   1   1   1   1   1 | Pro CCT   0   0   0   0   0   0 | His CAT   0   0   0   0   0   0 | Arg CGT   0   0   0   0   0   0
    CTC   0   0   0   0   0   0 |     CCC   0   0   0   0   0   0 |     CAC   0   0   0   0   0   0 |     CGC   0   0   0   0   0   0
    CTA   1   1   1   1   1   1 |     CCA   0   0   0   0   0   0 | Gln CAA   0   0   0   0   0   0 |     CGA   0   0   0   0   0   0
    CTG   0   0   0   0   0   0 |     CCG   0   0   0   0   0   0 |     CAG   1   1   1   1   1   1 |     CGG   0   0   0   0   0   0
--------------------------------------------------------------------------------------------------------------------------------------
Ile ATT   0   0   0   0   0   0 | Thr ACT   1   2   2   2   2   2 | Asn AAT   0   0   0   0   0   0 | Ser AGT   1   1   1   1   1   1
    ATC   0   0   0   0   0   0 |     ACC   1   0   0   0   0   0 |     AAC   1   1   1   1   1   1 |     AGC   0   0   0   0   0   0
    ATA   0   0   0   0   0   0 |     ACA   0   0   0   0   0   0 | Lys AAA   1   1   1   1   1   1 | Arg AGA   0   0   0   0   0   0
Met ATG   1   1   1   1   1   1 |     ACG   0   0   0   0   0   0 |     AAG   1   1   1   1   1   1 |     AGG   0   0   0   0   0   0
--------------------------------------------------------------------------------------------------------------------------------------
Val GTT   0   0   0   0   0   0 | Ala GCT   0   0   0   0   0   0 | Asp GAT   2   2   2   2   2   2 | Gly GGT   0   0   0   0   0   1
    GTC   0   0   0   0   0   0 |     GCC   1   1   1   1   1   1 |     GAC   0   0   0   0   0   0 |     GGC   2   2   2   2   2   1
    GTA   0   0   0   0   0   0 |     GCA   0   0   0   0   0   0 | Glu GAA   2   2   2   2   2   2 |     GGA   2   2   2   2   2   2
    GTG   1   1   1   1   1   1 |     GCG   0   0   0   0   0   0 |     GAG   2   2   2   2   2   2 |     GGG   0   0   0   0   0   0
--------------------------------------------------------------------------------------------------------------------------------------

--------------------------------------------------------------------------------------------------------------------------------------
Phe TTT   0   0   0   1   0   0 | Ser TCT   0   0   0   0   0   0 | Tyr TAT   0   0   0   0   0   0 | Cys TGT   0   0   0   0   0   0
    TTC   3   3   3   2   3   3 |     TCC   0   0   0   0   0   0 |     TAC   3   3   3   3   3   3 |     TGC   0   0   0   0   0   0
Leu TTA   0   0   0   0   0   0 |     TCA   0   0   0   0   0   0 | *** TAA   0   0   0   0   0   0 | *** TGA   0   0   0   0   0   0
    TTG   1   1   1   1   1   1 |     TCG   0   0   0   0   0   0 |     TAG   0   0   0   0   0   0 | Trp TGG   0   0   0   0   0   0
--------------------------------------------------------------------------------------------------------------------------------------
Leu CTT   1   1   1   1   1   1 | Pro CCT   0   0   0   0   0   0 | His CAT   0   0   0   0   0   0 | Arg CGT   0   0   0   0   0   0
    CTC   0   0   0   0   0   0 |     CCC   0   0   0   0   0   0 |     CAC   0   0   0   0   0   0 |     CGC   0   0   0   0   0   0
    CTA   1   1   1   1   1   1 |     CCA   0   0   0   0   0   0 | Gln CAA   0   0   0   1   0   0 |     CGA   0   0   0   0   0   0
    CTG   0   0   0   0   0   0 |     CCG   0   0   0   0   0   0 |     CAG   1   1   1   0   1   1 |     CGG   0   0   0   0   0   0
--------------------------------------------------------------------------------------------------------------------------------------
Ile ATT   0   0   0   0   0   0 | Thr ACT   2   1   2   2   2   2 | Asn AAT   0   0   0   0   0   0 | Ser AGT   1   1   1   1   1   1
    ATC   0   0   0   0   0   0 |     ACC   0   0   0   0   0   0 |     AAC   1   1   1   1   1   1 |     AGC   0   0   0   0   0   0
    ATA   0   0   0   0   0   0 |     ACA   0   1   0   0   0   0 | Lys AAA   1   1   1   1   1   1 | Arg AGA   0   0   0   0   0   0
Met ATG   1   1   1   1   1   1 |     ACG   0   0   0   0   0   0 |     AAG   1   1   1   1   1   1 |     AGG   0   0   0   0   0   0
--------------------------------------------------------------------------------------------------------------------------------------
Val GTT   0   0   0   0   0   0 | Ala GCT   0   0   0   0   0   0 | Asp GAT   2   2   2   2   2   2 | Gly GGT   0   0   0   0   1   1
    GTC   0   0   0   0   0   0 |     GCC   1   1   1   1   1   1 |     GAC   0   0   0   0   0   0 |     GGC   2   2   2   2   1   1
    GTA   0   0   0   0   0   0 |     GCA   0   0   0   0   0   0 | Glu GAA   2   2   2   2   2   2 |     GGA   2   2   2   2   2   2
    GTG   1   1   1   1   1   1 |     GCG   0   0   0   0   0   0 |     GAG   2   2   2   2   2   2 |     GGG   0   0   0   0   0   0
--------------------------------------------------------------------------------------------------------------------------------------

--------------------------------------------------------------------------------------------------------------------------------------
Phe TTT   0   1   0   0   0   0 | Ser TCT   0   0   0   0   0   0 | Tyr TAT   1   0   0   0   0   0 | Cys TGT   0   0   0   0   0   0
    TTC   3   2   3   3   3   3 |     TCC   0   0   0   0   0   0 |     TAC   2   3   3   3   3   3 |     TGC   0   0   0   0   0   0
Leu TTA   0   0   0   0   0   0 |     TCA   0   0   0   0   0   0 | *** TAA   0   0   0   0   0   0 | *** TGA   0   0   0   0   0   0
    TTG   1   1   1   1   1   1 |     TCG   0   0   0   0   0   0 |     TAG   0   0   0   0   0   0 | Trp TGG   0   0   0   0   0   0
--------------------------------------------------------------------------------------------------------------------------------------
Leu CTT   1   1   1   1   1   1 | Pro CCT   0   0   0   0   0   0 | His CAT   0   0   0   0   0   0 | Arg CGT   0   0   0   0   0   0
    CTC   0   0   0   0   0   0 |     CCC   0   0   0   0   0   0 |     CAC   0   0   0   0   0   0 |     CGC   0   0   0   0   0   0
    CTA   1   1   1   1   1   1 |     CCA   0   0   0   0   0   0 | Gln CAA   0   0   0   0   0   0 |     CGA   0   0   0   0   0   0
    CTG   0   0   0   0   0   0 |     CCG   0   0   0   0   0   0 |     CAG   1   1   1   1   1   1 |     CGG   0   0   0   0   0   0
--------------------------------------------------------------------------------------------------------------------------------------
Ile ATT   0   0   0   0   0   0 | Thr ACT   1   1   2   2   2   2 | Asn AAT   0   0   0   0   0   0 | Ser AGT   1   1   1   1   1   1
    ATC   0   0   0   0   0   0 |     ACC   0   0   0   0   0   0 |     AAC   1   1   1   1   1   1 |     AGC   0   0   0   0   0   0
    ATA   0   0   0   0   0   0 |     ACA   0   0   0   0   0   0 | Lys AAA   1   1   1   1   1   1 | Arg AGA   0   0   0   0   0   0
Met ATG   1   1   1   1   1   1 |     ACG   1   1   0   0   0   0 |     AAG   1   1   1   1   1   1 |     AGG   0   0   0   0   0   0
--------------------------------------------------------------------------------------------------------------------------------------
Val GTT   0   0   0   0   0   0 | Ala GCT   0   0   0   0   0   0 | Asp GAT   2   2   2   2   2   2 | Gly GGT   0   0   1   0   0   0
    GTC   0   0   0   0   0   0 |     GCC   1   1   1   1   1   1 |     GAC   0   0   0   0   0   0 |     GGC   2   2   1   2   2   2
    GTA   0   0   0   0   0   0 |     GCA   0   0   0   0   0   0 | Glu GAA   2   2   2   2   2   2 |     GGA   2   2   2   2   2   2
    GTG   1   1   1   1   1   1 |     GCG   0   0   0   0   0   0 |     GAG   2   2   2   2   2   2 |     GGG   0   0   0   0   0   0
--------------------------------------------------------------------------------------------------------------------------------------

--------------------------------------------------------------------------------------------------------------------------------------
Phe TTT   0   0   0   0   0   0 | Ser TCT   0   0   0   0   0   0 | Tyr TAT   0   0   0   0   0   0 | Cys TGT   0   0   0   0   0   0
    TTC   3   3   3   3   3   3 |     TCC   0   0   0   0   0   0 |     TAC   3   3   3   3   3   3 |     TGC   0   0   0   0   0   0
Leu TTA   0   0   0   0   0   0 |     TCA   0   0   0   0   0   0 | *** TAA   0   0   0   0   0   0 | *** TGA   0   0   0   0   0   0
    TTG   1   1   1   1   1   1 |     TCG   0   0   0   0   0   0 |     TAG   0   0   0   0   0   0 | Trp TGG   0   0   0   0   0   0
--------------------------------------------------------------------------------------------------------------------------------------
Leu CTT   1   1   1   1   1   1 | Pro CCT   0   0   0   0   0   0 | His CAT   0   0   0   0   0   0 | Arg CGT   0   0   0   0   0   0
    CTC   0   0   0   0   0   0 |     CCC   0   0   0   0   0   0 |     CAC   0   0   0   0   0   0 |     CGC   0   0   0   0   0   0
    CTA   1   1   1   1   1   1 |     CCA   0   0   0   0   0   0 | Gln CAA   0   0   0   0   0   0 |     CGA   0   0   0   0   0   0
    CTG   0   0   0   0   0   0 |     CCG   0   0   0   0   0   0 |     CAG   1   1   1   1   1   1 |     CGG   0   0   0   0   0   0
--------------------------------------------------------------------------------------------------------------------------------------
Ile ATT   0   0   0   0   0   0 | Thr ACT   2   2   2   2   2   2 | Asn AAT   0   0   0   0   0   0 | Ser AGT   1   1   1   1   1   1
    ATC   0   0   0   0   0   0 |     ACC   0   0   0   0   0   0 |     AAC   1   1   1   1   1   1 |     AGC   0   0   0   0   0   0
    ATA   0   0   0   0   0   0 |     ACA   0   0   0   0   0   0 | Lys AAA   1   1   1   1   1   1 | Arg AGA   0   0   0   0   0   0
Met ATG   1   1   1   1   1   1 |     ACG   0   0   0   0   0   0 |     AAG   1   1   1   1   1   1 |     AGG   0   0   0   0   0   0
--------------------------------------------------------------------------------------------------------------------------------------
Val GTT   0   0   0   0   0   0 | Ala GCT   0   0   0   0   0   0 | Asp GAT   2   2   2   2   2   2 | Gly GGT   0   0   0   1   0   0
    GTC   0   0   0   0   0   0 |     GCC   1   1   1   1   1   1 |     GAC   0   0   0   0   0   0 |     GGC   2   2   2   1   2   2
    GTA   0   0   0   0   0   0 |     GCA   0   0   0   0   0   0 | Glu GAA   2   2   2   2   2   2 |     GGA   2   2   2   2   2   2
    GTG   1   1   1   1   1   1 |     GCG   0   0   0   0   0   0 |     GAG   2   2   2   2   2   2 |     GGG   0   0   0   0   0   0
--------------------------------------------------------------------------------------------------------------------------------------

--------------------------------------------------------------------------------------------------------------------------------------
Phe TTT   0   0   0   0   0   0 | Ser TCT   0   0   0   0   0   0 | Tyr TAT   0   0   0   0   0   0 | Cys TGT   0   0   0   0   0   0
    TTC   3   3   3   3   3   3 |     TCC   0   0   0   0   0   0 |     TAC   3   3   3   3   3   3 |     TGC   0   0   0   0   0   0
Leu TTA   0   0   0   0   0   0 |     TCA   0   0   0   0   0   0 | *** TAA   0   0   0   0   0   0 | *** TGA   0   0   0   0   0   0
    TTG   1   1   1   1   1   1 |     TCG   0   0   0   0   0   0 |     TAG   0   0   0   0   0   0 | Trp TGG   0   0   0   0   0   0
--------------------------------------------------------------------------------------------------------------------------------------
Leu CTT   1   1   1   1   1   1 | Pro CCT   0   0   0   0   0   0 | His CAT   0   0   0   0   0   0 | Arg CGT   0   0   0   0   0   0
    CTC   0   0   0   0   0   0 |     CCC   0   0   0   0   0   0 |     CAC   0   0   0   0   0   0 |     CGC   0   0   0   0   0   0
    CTA   1   1   1   1   1   1 |     CCA   0   0   0   0   0   0 | Gln CAA   0   0   0   0   0   0 |     CGA   0   0   0   0   0   0
    CTG   0   0   0   0   0   0 |     CCG   0   0   0   0   0   0 |     CAG   1   1   1   1   1   1 |     CGG   0   0   0   0   0   0
--------------------------------------------------------------------------------------------------------------------------------------
Ile ATT   0   0   0   0   0   0 | Thr ACT   2   2   2   2   2   2 | Asn AAT   0   0   0   0   0   0 | Ser AGT   1   1   1   1   1   1
    ATC   0   0   0   0   0   0 |     ACC   0   0   0   0   0   0 |     AAC   1   1   1   1   1   1 |     AGC   0   0   0   0   0   0
    ATA   0   0   0   0   0   0 |     ACA   0   0   0   0   0   0 | Lys AAA   1   1   1   1   1   1 | Arg AGA   0   0   0   0   0   0
Met ATG   1   1   1   1   1   1 |     ACG   0   0   0   0   0   0 |     AAG   1   1   1   1   1   1 |     AGG   0   0   0   0   0   0
--------------------------------------------------------------------------------------------------------------------------------------
Val GTT   0   0   0   0   0   0 | Ala GCT   0   0   0   0   0   0 | Asp GAT   2   2   2   2   2   2 | Gly GGT   1   0   1   0   0   0
    GTC   0   0   0   0   0   0 |     GCC   1   1   1   1   1   1 |     GAC   0   0   0   0   0   0 |     GGC   1   2   1   2   2   2
    GTA   0   0   0   0   0   0 |     GCA   0   0   0   0   0   0 | Glu GAA   2   2   2   2   2   2 |     GGA   2   2   2   2   2   2
    GTG   1   1   1   1   1   1 |     GCG   0   0   0   0   0   0 |     GAG   2   2   2   2   2   2 |     GGG   0   0   0   0   0   0
--------------------------------------------------------------------------------------------------------------------------------------

--------------------------------------------------------------------------------------------------------------------------------------
Phe TTT   0   0   0   0   0   0 | Ser TCT   0   0   0   0   0   0 | Tyr TAT   0   0   0   0   0   0 | Cys TGT   0   0   0   0   0   0
    TTC   3   3   3   3   3   3 |     TCC   0   0   0   0   0   0 |     TAC   3   3   3   3   3   3 |     TGC   0   0   0   0   0   0
Leu TTA   0   0   0   0   0   0 |     TCA   0   0   0   0   0   0 | *** TAA   0   0   0   0   0   0 | *** TGA   0   0   0   0   0   0
    TTG   1   1   1   1   1   1 |     TCG   0   0   0   0   0   0 |     TAG   0   0   0   0   0   0 | Trp TGG   0   0   0   0   0   0
--------------------------------------------------------------------------------------------------------------------------------------
Leu CTT   1   1   1   1   1   1 | Pro CCT   0   0   0   0   0   0 | His CAT   0   0   0   0   0   0 | Arg CGT   0   0   0   0   0   0
    CTC   0   0   0   0   0   0 |     CCC   0   0   0   0   0   0 |     CAC   0   0   0   0   0   0 |     CGC   0   0   0   0   0   0
    CTA   1   1   1   1   1   1 |     CCA   0   0   0   0   0   0 | Gln CAA   0   0   0   0   0   0 |     CGA   0   0   0   0   0   0
    CTG   0   0   0   0   0   0 |     CCG   0   0   0   0   0   0 |     CAG   1   1   1   1   1   1 |     CGG   0   0   0   0   0   0
--------------------------------------------------------------------------------------------------------------------------------------
Ile ATT   0   0   0   0   0   0 | Thr ACT   2   2   2   1   2   2 | Asn AAT   0   0   0   0   0   0 | Ser AGT   1   1   1   1   1   1
    ATC   0   0   0   0   0   0 |     ACC   0   0   0   1   0   0 |     AAC   1   1   1   1   1   1 |     AGC   0   0   0   0   0   0
    ATA   0   0   0   0   0   0 |     ACA   0   0   0   0   0   0 | Lys AAA   1   1   1   1   1   1 | Arg AGA   0   0   0   0   0   0
Met ATG   1   1   1   1   1   1 |     ACG   0   0   0   0   0   0 |     AAG   1   1   1   1   1   1 |     AGG   0   0   0   0   0   0
--------------------------------------------------------------------------------------------------------------------------------------
Val GTT   0   0   0   0   0   0 | Ala GCT   0   0   0   0   0   0 | Asp GAT   2   2   2   2   2   2 | Gly GGT   0   0   0   0   1   0
    GTC   0   0   0   0   0   0 |     GCC   1   1   1   1   1   1 |     GAC   0   0   0   0   0   0 |     GGC   2   2   2   2   1   2
    GTA   0   0   0   0   0   0 |     GCA   0   0   0   0   0   0 | Glu GAA   2   2   2   2   2   2 |     GGA   2   2   2   2   2   2
    GTG   1   1   1   1   1   1 |     GCG   0   0   0   0   0   0 |     GAG   2   2   2   2   2   2 |     GGG   0   0   0   0   0   0
--------------------------------------------------------------------------------------------------------------------------------------

--------------------------------------------------------------------------------------------------------------------------------------
Phe TTT   0   0   0   0   0   0 | Ser TCT   0   0   0   0   0   0 | Tyr TAT   0   0   0   0   0   0 | Cys TGT   0   0   0   0   0   0
    TTC   3   3   3   3   3   3 |     TCC   0   0   0   0   0   0 |     TAC   3   3   3   3   3   3 |     TGC   0   0   0   0   0   0
Leu TTA   0   0   0   0   0   0 |     TCA   0   0   0   0   0   0 | *** TAA   0   0   0   0   0   0 | *** TGA   0   0   0   0   0   0
    TTG   1   1   1   1   1   1 |     TCG   0   0   0   0   0   0 |     TAG   0   0   0   0   0   0 | Trp TGG   0   0   0   0   0   0
--------------------------------------------------------------------------------------------------------------------------------------
Leu CTT   1   1   1   1   1   1 | Pro CCT   0   0   0   0   0   0 | His CAT   0   0   0   0   0   0 | Arg CGT   0   0   0   0   0   0
    CTC   0   0   0   0   0   0 |     CCC   0   0   0   0   0   0 |     CAC   0   0   0   0   0   0 |     CGC   0   0   0   0   0   0
    CTA   1   1   1   1   1   1 |     CCA   0   0   0   0   0   0 | Gln CAA   0   0   0   0   0   0 |     CGA   0   0   0   0   0   0
    CTG   0   0   0   0   0   0 |     CCG   0   0   0   0   0   0 |     CAG   1   1   1   1   1   1 |     CGG   0   0   0   0   0   0
--------------------------------------------------------------------------------------------------------------------------------------
Ile ATT   0   0   0   0   0   0 | Thr ACT   2   2   2   2   2   2 | Asn AAT   0   0   0   0   0   0 | Ser AGT   1   1   1   1   1   1
    ATC   0   0   0   0   0   0 |     ACC   0   0   0   0   0   0 |     AAC   1   1   1   1   1   1 |     AGC   0   0   0   0   0   0
    ATA   0   0   0   0   0   0 |     ACA   0   0   0   0   0   0 | Lys AAA   1   1   1   1   1   1 | Arg AGA   0   0   0   0   0   0
Met ATG   1   1   1   1   1   1 |     ACG   0   0   0   0   0   0 |     AAG   1   1   1   1   1   1 |     AGG   0   0   0   0   0   0
--------------------------------------------------------------------------------------------------------------------------------------
Val GTT   0   0   0   0   0   0 | Ala GCT   0   0   0   0   0   0 | Asp GAT   2   2   2   2   2   2 | Gly GGT   0   1   1   0   0   0
    GTC   0   0   0   0   0   0 |     GCC   1   1   1   1   1   1 |     GAC   0   0   0   0   0   0 |     GGC   2   1   1   2   2   2
    GTA   0   0   0   0   0   0 |     GCA   0   0   0   0   0   0 | Glu GAA   2   2   2   2   2   2 |     GGA   2   2   2   2   2   2
    GTG   1   1   1   1   1   1 |     GCG   0   0   0   0   0   0 |     GAG   2   2   2   2   2   2 |     GGG   0   0   0   0   0   0
--------------------------------------------------------------------------------------------------------------------------------------

--------------------------------------------------------------------------------------------------------------------------------------
Phe TTT   0   0   0   0   0   0 | Ser TCT   0   0   0   0   0   0 | Tyr TAT   0   0   0   0   0   0 | Cys TGT   0   0   0   0   0   0
    TTC   3   3   3   3   3   3 |     TCC   0   0   0   0   0   0 |     TAC   3   3   3   3   3   3 |     TGC   0   0   0   0   0   0
Leu TTA   0   0   0   0   0   0 |     TCA   0   0   0   0   0   0 | *** TAA   0   0   0   0   0   0 | *** TGA   0   0   0   0   0   0
    TTG   1   1   1   1   1   1 |     TCG   0   0   0   0   0   0 |     TAG   0   0   0   0   0   0 | Trp TGG   0   0   0   0   0   0
--------------------------------------------------------------------------------------------------------------------------------------
Leu CTT   1   1   1   1   1   1 | Pro CCT   0   0   0   0   0   0 | His CAT   0   0   0   0   0   0 | Arg CGT   0   0   0   0   0   0
    CTC   0   0   0   0   0   0 |     CCC   0   0   0   0   0   0 |     CAC   0   0   0   0   0   0 |     CGC   0   0   0   0   0   0
    CTA   1   1   1   1   1   1 |     CCA   0   0   0   0   0   0 | Gln CAA   0   0   0   0   0   0 |     CGA   0   0   0   0   0   0
    CTG   0   0   0   0   0   0 |     CCG   0   0   0   0   0   0 |     CAG   1   1   1   1   1   1 |     CGG   0   0   0   0   0   0
--------------------------------------------------------------------------------------------------------------------------------------
Ile ATT   0   0   0   0   0   0 | Thr ACT   2   2   2   2   2   2 | Asn AAT   0   0   0   0   0   0 | Ser AGT   1   1   1   1   1   1
    ATC   0   0   0   0   0   0 |     ACC   0   0   0   0   0   0 |     AAC   1   1   1   1   1   1 |     AGC   0   0   0   0   0   0
    ATA   0   0   0   0   0   0 |     ACA   0   0   0   0   0   0 | Lys AAA   1   1   1   1   1   1 | Arg AGA   0   0   0   0   0   0
Met ATG   1   1   1   1   1   1 |     ACG   0   0   0   0   0   0 |     AAG   1   1   1   1   1   1 |     AGG   0   0   0   0   0   0
--------------------------------------------------------------------------------------------------------------------------------------
Val GTT   0   0   0   0   0   0 | Ala GCT   0   0   0   0   0   0 | Asp GAT   2   2   2   2   2   2 | Gly GGT   0   0   0   0   0   0
    GTC   0   0   0   0   0   0 |     GCC   1   1   1   1   1   1 |     GAC   0   0   0   0   0   0 |     GGC   2   2   2   2   2   2
    GTA   0   0   0   0   0   0 |     GCA   0   0   0   0   0   0 | Glu GAA   2   2   2   2   2   2 |     GGA   2   2   2   2   2   2
    GTG   1   1   1   1   1   1 |     GCG   0   0   0   0   0   0 |     GAG   2   2   2   2   2   2 |     GGG   0   0   0   0   0   0
--------------------------------------------------------------------------------------------------------------------------------------

Codon position x base (3x4) table for each sequence.

#1: Argali         
position  1:    T:0.24138    C:0.10345    A:0.24138    G:0.41379
position  2:    T:0.27586    C:0.10345    A:0.44828    G:0.17241
position  3:    T:0.20690    C:0.34483    A:0.20690    G:0.24138
Average         T:0.24138    C:0.18391    A:0.29885    G:0.27586

#2: LesserMouseDeer
position  1:    T:0.24138    C:0.10345    A:0.24138    G:0.41379
position  2:    T:0.27586    C:0.10345    A:0.44828    G:0.17241
position  3:    T:0.24138    C:0.24138    A:0.20690    G:0.31034
Average         T:0.25287    C:0.14943    A:0.29885    G:0.29885

#3: LesserKudu     
position  1:    T:0.24138    C:0.10345    A:0.24138    G:0.41379
position  2:    T:0.27586    C:0.10345    A:0.44828    G:0.17241
position  3:    T:0.20690    C:0.34483    A:0.20690    G:0.24138
Average         T:0.24138    C:0.18391    A:0.29885    G:0.27586

#4: ForestMuskDeer2
position  1:    T:0.24138    C:0.10345    A:0.24138    G:0.41379
position  2:    T:0.27586    C:0.10345    A:0.44828    G:0.17241
position  3:    T:0.20690    C:0.34483    A:0.20690    G:0.24138
Average         T:0.24138    C:0.18391    A:0.29885    G:0.27586

#5: Camel          
position  1:    T:0.24138    C:0.10345    A:0.24138    G:0.41379
position  2:    T:0.27586    C:0.10345    A:0.44828    G:0.17241
position  3:    T:0.27586    C:0.24138    A:0.24138    G:0.24138
Average         T:0.26437    C:0.14943    A:0.31034    G:0.27586

#6: KillerWhale    
position  1:    T:0.24138    C:0.10345    A:0.24138    G:0.41379
position  2:    T:0.27586    C:0.10345    A:0.44828    G:0.17241
position  3:    T:0.31034    C:0.20690    A:0.27586    G:0.20690
Average         T:0.27586    C:0.13793    A:0.32184    G:0.26437

#7: DefassaWaterbuck
position  1:    T:0.24138    C:0.10345    A:0.24138    G:0.41379
position  2:    T:0.27586    C:0.10345    A:0.44828    G:0.17241
position  3:    T:0.17241    C:0.37931    A:0.20690    G:0.24138
Average         T:0.22989    C:0.19540    A:0.29885    G:0.27586

#8: Sheep          
position  1:    T:0.24138    C:0.10345    A:0.24138    G:0.41379
position  2:    T:0.27586    C:0.10345    A:0.44828    G:0.17241
position  3:    T:0.20690    C:0.34483    A:0.20690    G:0.24138
Average         T:0.24138    C:0.18391    A:0.29885    G:0.27586

#9: MaxwellsDuiker 
position  1:    T:0.24138    C:0.10345    A:0.24138    G:0.41379
position  2:    T:0.27586    C:0.10345    A:0.44828    G:0.17241
position  3:    T:0.20690    C:0.34483    A:0.20690    G:0.24138
Average         T:0.24138    C:0.18391    A:0.29885    G:0.27586

#10: GazellaPrzewalskyi
position  1:    T:0.24138    C:0.10345    A:0.24138    G:0.41379
position  2:    T:0.27586    C:0.10345    A:0.44828    G:0.17241
position  3:    T:0.20690    C:0.34483    A:0.20690    G:0.24138
Average         T:0.24138    C:0.18391    A:0.29885    G:0.27586

#11: MountainNyala  
position  1:    T:0.24138    C:0.10345    A:0.24138    G:0.41379
position  2:    T:0.27586    C:0.10345    A:0.44828    G:0.17241
position  3:    T:0.20690    C:0.34483    A:0.20690    G:0.24138
Average         T:0.24138    C:0.18391    A:0.29885    G:0.27586

#12: MuntiacusMuntjak
position  1:    T:0.24138    C:0.10345    A:0.24138    G:0.41379
position  2:    T:0.27586    C:0.10345    A:0.44828    G:0.17241
position  3:    T:0.24138    C:0.31034    A:0.20690    G:0.24138
Average         T:0.25287    C:0.17241    A:0.29885    G:0.27586

#13: goat           
position  1:    T:0.24138    C:0.10345    A:0.24138    G:0.41379
position  2:    T:0.27586    C:0.10345    A:0.44828    G:0.17241
position  3:    T:0.20690    C:0.34483    A:0.20690    G:0.24138
Average         T:0.24138    C:0.18391    A:0.29885    G:0.27586

#14: AfricanBuffalo 
position  1:    T:0.24138    C:0.10345    A:0.24138    G:0.41379
position  2:    T:0.27586    C:0.10345    A:0.44828    G:0.17241
position  3:    T:0.17241    C:0.34483    A:0.24138    G:0.24138
Average         T:0.22989    C:0.18391    A:0.31034    G:0.27586

#15: Topi           
position  1:    T:0.24138    C:0.10345    A:0.24138    G:0.41379
position  2:    T:0.27586    C:0.10345    A:0.44828    G:0.17241
position  3:    T:0.20690    C:0.34483    A:0.20690    G:0.24138
Average         T:0.24138    C:0.18391    A:0.29885    G:0.27586

#16: CommonDuiker   
position  1:    T:0.24138    C:0.10345    A:0.24138    G:0.41379
position  2:    T:0.27586    C:0.10345    A:0.44828    G:0.17241
position  3:    T:0.24138    C:0.31034    A:0.24138    G:0.20690
Average         T:0.25287    C:0.17241    A:0.31034    G:0.26437

#17: Suni           
position  1:    T:0.24138    C:0.10345    A:0.24138    G:0.41379
position  2:    T:0.27586    C:0.10345    A:0.44828    G:0.17241
position  3:    T:0.24138    C:0.31034    A:0.20690    G:0.24138
Average         T:0.25287    C:0.17241    A:0.29885    G:0.27586

#18: Springbuck     
position  1:    T:0.24138    C:0.10345    A:0.24138    G:0.41379
position  2:    T:0.27586    C:0.10345    A:0.44828    G:0.17241
position  3:    T:0.24138    C:0.31034    A:0.20690    G:0.24138
Average         T:0.25287    C:0.17241    A:0.29885    G:0.27586

#19: Okapi          
position  1:    T:0.24138    C:0.10345    A:0.24138    G:0.41379
position  2:    T:0.27586    C:0.10345    A:0.44828    G:0.17241
position  3:    T:0.20690    C:0.31034    A:0.20690    G:0.27586
Average         T:0.24138    C:0.17241    A:0.29885    G:0.28736

#20: Giraffe        
position  1:    T:0.24138    C:0.10345    A:0.24138    G:0.41379
position  2:    T:0.27586    C:0.10345    A:0.44828    G:0.17241
position  3:    T:0.20690    C:0.31034    A:0.20690    G:0.27586
Average         T:0.24138    C:0.17241    A:0.29885    G:0.28736

#21: TibetanAntelope
position  1:    T:0.24138    C:0.10345    A:0.24138    G:0.41379
position  2:    T:0.27586    C:0.10345    A:0.44828    G:0.17241
position  3:    T:0.24138    C:0.31034    A:0.20690    G:0.24138
Average         T:0.25287    C:0.17241    A:0.29885    G:0.27586

#22: Sitatunga      
position  1:    T:0.24138    C:0.10345    A:0.24138    G:0.41379
position  2:    T:0.27586    C:0.10345    A:0.44828    G:0.17241
position  3:    T:0.20690    C:0.34483    A:0.20690    G:0.24138
Average         T:0.24138    C:0.18391    A:0.29885    G:0.27586

#23: Oribi          
position  1:    T:0.24138    C:0.10345    A:0.24138    G:0.41379
position  2:    T:0.27586    C:0.10345    A:0.44828    G:0.17241
position  3:    T:0.20690    C:0.34483    A:0.20690    G:0.24138
Average         T:0.24138    C:0.18391    A:0.29885    G:0.27586

#24: BarbarySheep   
position  1:    T:0.24138    C:0.10345    A:0.24138    G:0.41379
position  2:    T:0.27586    C:0.10345    A:0.44828    G:0.17241
position  3:    T:0.20690    C:0.34483    A:0.20690    G:0.24138
Average         T:0.24138    C:0.18391    A:0.29885    G:0.27586

#25: Daviddeer      
position  1:    T:0.24138    C:0.10345    A:0.24138    G:0.41379
position  2:    T:0.27586    C:0.10345    A:0.44828    G:0.17241
position  3:    T:0.20690    C:0.34483    A:0.20690    G:0.24138
Average         T:0.24138    C:0.18391    A:0.29885    G:0.27586

#26: Reindeer       
position  1:    T:0.24138    C:0.10345    A:0.24138    G:0.41379
position  2:    T:0.27586    C:0.10345    A:0.44828    G:0.17241
position  3:    T:0.20690    C:0.34483    A:0.20690    G:0.24138
Average         T:0.24138    C:0.18391    A:0.29885    G:0.27586

#27: Ibex           
position  1:    T:0.24138    C:0.10345    A:0.24138    G:0.41379
position  2:    T:0.27586    C:0.10345    A:0.44828    G:0.17241
position  3:    T:0.20690    C:0.34483    A:0.20690    G:0.24138
Average         T:0.24138    C:0.18391    A:0.29885    G:0.27586

#28: GyrantGazelle  
position  1:    T:0.24138    C:0.10345    A:0.24138    G:0.41379
position  2:    T:0.27586    C:0.10345    A:0.44828    G:0.17241
position  3:    T:0.24138    C:0.31034    A:0.20690    G:0.24138
Average         T:0.25287    C:0.17241    A:0.29885    G:0.27586

#29: Hartebeest     
position  1:    T:0.24138    C:0.10345    A:0.24138    G:0.41379
position  2:    T:0.27586    C:0.10345    A:0.44828    G:0.17241
position  3:    T:0.20690    C:0.34483    A:0.20690    G:0.24138
Average         T:0.24138    C:0.18391    A:0.29885    G:0.27586

#30: Bongo          
position  1:    T:0.24138    C:0.10345    A:0.24138    G:0.41379
position  2:    T:0.27586    C:0.10345    A:0.44828    G:0.17241
position  3:    T:0.20690    C:0.34483    A:0.20690    G:0.24138
Average         T:0.24138    C:0.18391    A:0.29885    G:0.27586

#31: Gerenuk        
position  1:    T:0.24138    C:0.10345    A:0.24138    G:0.41379
position  2:    T:0.27586    C:0.10345    A:0.44828    G:0.17241
position  3:    T:0.24138    C:0.31034    A:0.20690    G:0.24138
Average         T:0.25287    C:0.17241    A:0.29885    G:0.27586

#32: CommonEland    
position  1:    T:0.24138    C:0.10345    A:0.24138    G:0.41379
position  2:    T:0.27586    C:0.10345    A:0.44828    G:0.17241
position  3:    T:0.20690    C:0.34483    A:0.20690    G:0.24138
Average         T:0.24138    C:0.18391    A:0.29885    G:0.27586

#33: MuntiacusReevesi
position  1:    T:0.24138    C:0.10345    A:0.24138    G:0.41379
position  2:    T:0.27586    C:0.10345    A:0.44828    G:0.17241
position  3:    T:0.24138    C:0.31034    A:0.20690    G:0.24138
Average         T:0.25287    C:0.17241    A:0.29885    G:0.27586

#34: HarveysDuiker  
position  1:    T:0.24138    C:0.10345    A:0.24138    G:0.41379
position  2:    T:0.27586    C:0.10345    A:0.44828    G:0.17241
position  3:    T:0.20690    C:0.34483    A:0.20690    G:0.24138
Average         T:0.24138    C:0.18391    A:0.29885    G:0.27586

#35: Pronghorn      
position  1:    T:0.24138    C:0.10345    A:0.24138    G:0.41379
position  2:    T:0.27586    C:0.10345    A:0.44828    G:0.17241
position  3:    T:0.20690    C:0.34483    A:0.20690    G:0.24138
Average         T:0.24138    C:0.18391    A:0.29885    G:0.27586

#36: BlueWildebeest 
position  1:    T:0.24138    C:0.10345    A:0.24138    G:0.41379
position  2:    T:0.27586    C:0.10345    A:0.44828    G:0.17241
position  3:    T:0.20690    C:0.34483    A:0.20690    G:0.24138
Average         T:0.24138    C:0.18391    A:0.29885    G:0.27586

#37: Gemsbok        
position  1:    T:0.24138    C:0.10345    A:0.24138    G:0.41379
position  2:    T:0.27586    C:0.10345    A:0.44828    G:0.17241
position  3:    T:0.20690    C:0.34483    A:0.20690    G:0.24138
Average         T:0.24138    C:0.18391    A:0.29885    G:0.27586

#38: Yak            
position  1:    T:0.24138    C:0.10345    A:0.24138    G:0.41379
position  2:    T:0.27586    C:0.10345    A:0.44828    G:0.17241
position  3:    T:0.20690    C:0.34483    A:0.20690    G:0.24138
Average         T:0.24138    C:0.18391    A:0.29885    G:0.27586

#39: BlueSheep      
position  1:    T:0.24138    C:0.10345    A:0.24138    G:0.41379
position  2:    T:0.27586    C:0.10345    A:0.44828    G:0.17241
position  3:    T:0.20690    C:0.34483    A:0.20690    G:0.24138
Average         T:0.24138    C:0.18391    A:0.29885    G:0.27586

#40: BohorReedbuck  
position  1:    T:0.24138    C:0.10345    A:0.24138    G:0.41379
position  2:    T:0.27586    C:0.10345    A:0.44828    G:0.17241
position  3:    T:0.17241    C:0.37931    A:0.20690    G:0.24138
Average         T:0.22989    C:0.19540    A:0.29885    G:0.27586

#41: KirksDik       
position  1:    T:0.24138    C:0.10345    A:0.24138    G:0.41379
position  2:    T:0.27586    C:0.10345    A:0.44828    G:0.17241
position  3:    T:0.24138    C:0.31034    A:0.20690    G:0.24138
Average         T:0.25287    C:0.17241    A:0.29885    G:0.27586

#42: RoeDeer        
position  1:    T:0.24138    C:0.10345    A:0.24138    G:0.41379
position  2:    T:0.27586    C:0.10345    A:0.44828    G:0.17241
position  3:    T:0.20690    C:0.34483    A:0.20690    G:0.24138
Average         T:0.24138    C:0.18391    A:0.29885    G:0.27586

#43: WhiteLippedDeer
position  1:    T:0.24138    C:0.10345    A:0.24138    G:0.41379
position  2:    T:0.27586    C:0.10345    A:0.44828    G:0.17241
position  3:    T:0.20690    C:0.34483    A:0.20690    G:0.24138
Average         T:0.24138    C:0.18391    A:0.29885    G:0.27586

#44: ThomsonGazelle 
position  1:    T:0.24138    C:0.10345    A:0.24138    G:0.41379
position  2:    T:0.27586    C:0.10345    A:0.44828    G:0.17241
position  3:    T:0.24138    C:0.31034    A:0.20690    G:0.24138
Average         T:0.25287    C:0.17241    A:0.29885    G:0.27586

#45: MuntiacusCrinifrons
position  1:    T:0.24138    C:0.10345    A:0.24138    G:0.41379
position  2:    T:0.27586    C:0.10345    A:0.44828    G:0.17241
position  3:    T:0.24138    C:0.31034    A:0.20690    G:0.24138
Average         T:0.25287    C:0.17241    A:0.29885    G:0.27586

#46: WhiteTailedDeer
position  1:    T:0.24138    C:0.10345    A:0.24138    G:0.41379
position  2:    T:0.27586    C:0.10345    A:0.44828    G:0.17241
position  3:    T:0.20690    C:0.34483    A:0.20690    G:0.24138
Average         T:0.24138    C:0.18391    A:0.29885    G:0.27586

#47: Cattle         
position  1:    T:0.24138    C:0.10345    A:0.24138    G:0.41379
position  2:    T:0.27586    C:0.10345    A:0.44828    G:0.17241
position  3:    T:0.20690    C:0.34483    A:0.20690    G:0.24138
Average         T:0.24138    C:0.18391    A:0.29885    G:0.27586

#48: RoyalAntelope  
position  1:    T:0.24138    C:0.10345    A:0.24138    G:0.41379
position  2:    T:0.27586    C:0.10345    A:0.44828    G:0.17241
position  3:    T:0.20690    C:0.34483    A:0.20690    G:0.24138
Average         T:0.24138    C:0.18391    A:0.29885    G:0.27586

#49: Steenbok       
position  1:    T:0.24138    C:0.10345    A:0.24138    G:0.41379
position  2:    T:0.27586    C:0.10345    A:0.44828    G:0.17241
position  3:    T:0.20690    C:0.34483    A:0.20690    G:0.24138
Average         T:0.24138    C:0.18391    A:0.29885    G:0.27586

#50: Impala         
position  1:    T:0.24138    C:0.10345    A:0.24138    G:0.41379
position  2:    T:0.27586    C:0.10345    A:0.44828    G:0.17241
position  3:    T:0.20690    C:0.34483    A:0.20690    G:0.24138
Average         T:0.24138    C:0.18391    A:0.29885    G:0.27586

#51: Klipspringer   
position  1:    T:0.24138    C:0.10345    A:0.24138    G:0.41379
position  2:    T:0.27586    C:0.10345    A:0.44828    G:0.17241
