1
52 1
Argali 0.000000 0.238700 0.058700 0.241400 0.045300 0.003200 0.042100 0.028800 0.062000 0.097000 0.032200 0.072000 0.038700 0.045200 0.045500 0.042100 0.069100 0.086000 0.041900 0.058600 0.042200 0.022400 0.086200 0.093100 0.032200 0.035600 0.042000 0.065400 0.035500 0.062000 0.093300 0.052100 0.055900 0.042000 0.042000 0.085500 0.019100 0.055400 0.052100 0.083100 0.093600 0.032100 0.097000 0.093600 0.082200 0.042000 0.038800 0.051700 0.041900 0.096300 0.072300 0.062000
LesserMous 0.238700 0.000000 0.263600 0.230300 0.234100 0.234000 0.230300 0.237800 0.259100 0.251800 0.242200 0.237100 0.221600 0.209200 0.243000 0.238200 0.222300 0.241800 0.229600 0.263200 0.230400 0.234100 0.238500 0.255400 0.234300 0.226300 0.233600 0.263400 0.222000 0.267500 0.237700 0.222300 0.215200 0.233900 0.225500 0.249900 0.229500 0.246600 0.230300 0.251800 0.239500 0.217600 0.251500 0.251800 0.245900 0.217400 0.233700 0.216900 0.225300 0.258000 0.272300 0.259200
LesserKudu 0.058700 0.263600 0.000000 0.275200 0.058500 0.055200 0.075500 0.055100 0.009500 0.118300 0.065400 0.058400 0.065300 0.078600 0.065500 0.082500 0.062200 0.078900 0.075300 0.006300 0.075800 0.051800 0.100100 0.107200 0.065400 0.075800 0.075400 0.012600 0.075700 0.009500 0.114400 0.065500 0.079800 0.068700 0.075500 0.078500 0.058400 0.068800 0.079100 0.097000 0.107600 0.065300 0.118200 0.107700 0.075200 0.079000 0.072200 0.065000 0.075300 0.096000 0.019100 0.009500
KillerWhal 0.241400 0.230300 0.275200 0.000000 0.257000 0.236600 0.249200 0.244100 0.279000 0.262100 0.248900 0.240000 0.232300 0.231300 0.253900 0.249100 0.228400 0.256600 0.240100 0.274600 0.241300 0.253200 0.249800 0.257300 0.240900 0.245500 0.244500 0.274800 0.224300 0.278900 0.256400 0.236800 0.233000 0.245000 0.228000 0.243300 0.235800 0.261700 0.249000 0.262700 0.250900 0.231900 0.266300 0.266800 0.239400 0.236600 0.228200 0.239200 0.223300 0.251800 0.284100 0.270600
DefassaWat 0.045300 0.234100 0.058500 0.257000 0.000000 0.041900 0.048500 0.028700 0.055100 0.103900 0.045200 0.065000 0.045200 0.051600 0.038700 0.055300 0.062100 0.078800 0.055100 0.051700 0.048700 0.032000 0.100000 0.107000 0.045300 0.048700 0.048400 0.058400 0.048600 0.055100 0.100100 0.045300 0.066000 0.041900 0.041800 0.085300 0.038500 0.022200 0.045300 0.089500 0.100400 0.038600 0.103800 0.100400 0.082000 0.051800 0.045300 0.051600 0.048400 0.089000 0.065300 0.055100
Sheep 0.003200 0.234000 0.055200 0.236600 0.041900 0.000000 0.038700 0.032000 0.058500 0.093300 0.028700 0.068400 0.034900 0.041800 0.042000 0.045300 0.065600 0.082300 0.038400 0.055100 0.045400 0.019100 0.082600 0.089400 0.028800 0.038800 0.038500 0.061900 0.038700 0.058500 0.089600 0.048700 0.059200 0.038500 0.038600 0.081900 0.015700 0.052000 0.048700 0.079500 0.089900 0.035400 0.093200 0.089900 0.078600 0.038600 0.035400 0.048300 0.038500 0.092600 0.068700 0.058500
MaxwellsDu 0.042100 0.230300 0.075500 0.249200 0.048500 0.038700 0.000000 0.038600 0.072000 0.103900 0.035400 0.075200 0.041900 0.035200 0.038700 0.042000 0.072300 0.085700 0.051800 0.068600 0.045400 0.035300 0.089600 0.110600 0.035400 0.045400 0.045200 0.075400 0.038700 0.072000 0.100100 0.035400 0.069400 0.045200 0.045200 0.088800 0.028800 0.048600 0.055300 0.100500 0.090000 0.041900 0.103900 0.104000 0.085500 0.048600 0.042000 0.061600 0.045100 0.089000 0.079000 0.072000
GazellaPrz 0.028800 0.237800 0.055100 0.244100 0.028700 0.032000 0.038600 0.000000 0.051700 0.100200 0.041900 0.061600 0.035300 0.041700 0.035400 0.032000 0.058700 0.075300 0.045100 0.048400 0.032100 0.028700 0.096400 0.103400 0.041900 0.025600 0.038500 0.055000 0.025500 0.051700 0.096500 0.041900 0.055700 0.038600 0.038500 0.081800 0.028700 0.038600 0.035300 0.086300 0.096700 0.015800 0.100200 0.096800 0.078400 0.041900 0.035300 0.048200 0.038500 0.085500 0.061800 0.051700
MountainNy 0.062000 0.259100 0.009500 0.279000 0.055100 0.058500 0.072000 0.051700 0.000000 0.114500 0.061900 0.061600 0.068500 0.068400 0.062000 0.079000 0.065400 0.075400 0.071800 0.003100 0.072300 0.048400 0.096500 0.103500 0.062000 0.072300 0.071900 0.009500 0.072100 0.006300 0.110700 0.062000 0.076300 0.065300 0.072000 0.075000 0.055000 0.065300 0.075600 0.093400 0.103900 0.061800 0.114500 0.104000 0.071700 0.075400 0.068700 0.068300 0.071800 0.092400 0.015900 0.006300
MuntiacusM 0.097000 0.251800 0.118300 0.262100 0.103900 0.093300 0.103900 0.100200 0.114500 0.000000 0.096800 0.117800 0.096700 0.103500 0.090000 0.100400 0.089800 0.099800 0.086000 0.110900 0.093600 0.093300 0.048100 0.068300 0.096900 0.097000 0.100100 0.103900 0.100500 0.107400 0.009400 0.104100 0.093900 0.093300 0.096700 0.117500 0.089600 0.096900 0.104100 0.058300 0.048300 0.096800 0.006300 0.061700 0.114000 0.100300 0.089900 0.092700 0.093000 0.099700 0.118200 0.107500
goat 0.032200 0.242200 0.065400 0.248900 0.045200 0.028700 0.035400 0.041900 0.061900 0.096800 0.000000 0.065000 0.038500 0.045100 0.038700 0.042000 0.062200 0.078900 0.041500 0.058500 0.035500 0.022200 0.086000 0.085900 0.012700 0.042100 0.041700 0.065300 0.035400 0.061900 0.093100 0.045300 0.059200 0.035300 0.041900 0.078500 0.012600 0.048600 0.052000 0.090000 0.093400 0.038600 0.096800 0.086400 0.075100 0.045200 0.032100 0.051600 0.041800 0.082100 0.072200 0.061900
AfricanBuf 0.072000 0.237100 0.058400 0.240000 0.065000 0.068400 0.075200 0.061600 0.061600 0.117800 0.065000 0.000000 0.065000 0.078300 0.065200 0.075300 0.048500 0.071700 0.075000 0.058200 0.068700 0.051600 0.099700 0.106800 0.065100 0.075400 0.075000 0.058300 0.075300 0.061600 0.113900 0.065200 0.072600 0.068400 0.075100 0.051300 0.058100 0.068500 0.071900 0.103700 0.107200 0.065000 0.117700 0.107200 0.047500 0.078600 0.071900 0.064500 0.075000 0.088500 0.065100 0.055000
Topi 0.038700 0.221600 0.065300 0.232300 0.045200 0.034900 0.041900 0.035300 0.068500 0.096700 0.038500 0.065000 0.000000 0.038400 0.038700 0.041900 0.062100 0.078800 0.041600 0.065100 0.042000 0.035200 0.086000 0.099900 0.038500 0.035400 0.009400 0.071900 0.035300 0.068500 0.093000 0.038700 0.065900 0.009500 0.028800 0.085200 0.025300 0.048500 0.045200 0.089800 0.093300 0.032000 0.096600 0.093200 0.081900 0.038600 0.032100 0.045000 0.035200 0.082100 0.078900 0.068600
CommonDuik 0.045200 0.209200 0.078600 0.231300 0.051600 0.041800 0.035200 0.041700 0.068400 0.103500 0.045100 0.078300 0.038400 0.000000 0.045100 0.048400 0.068700 0.078600 0.041700 0.071700 0.048500 0.041700 0.092700 0.106600 0.045100 0.041900 0.041700 0.078500 0.041800 0.075100 0.099700 0.025500 0.065700 0.041700 0.041700 0.085000 0.031900 0.055100 0.051700 0.096500 0.093000 0.038500 0.103400 0.100000 0.081700 0.041700 0.038500 0.051400 0.041600 0.095600 0.085500 0.075200
Suni 0.045500 0.243000 0.065500 0.253900 0.038700 0.042000 0.038700 0.035400 0.062000 0.090000 0.038700 0.065200 0.038700 0.045100 0.000000 0.042000 0.062300 0.072100 0.048500 0.058600 0.042200 0.032100 0.093300 0.100200 0.038800 0.042100 0.041900 0.065400 0.042100 0.062000 0.086300 0.038800 0.059300 0.035400 0.042000 0.085500 0.032100 0.035400 0.052100 0.090100 0.093600 0.038700 0.089900 0.093600 0.082200 0.045300 0.038800 0.051700 0.041900 0.075400 0.065400 0.062000
Springbuck 0.042100 0.238200 0.082500 0.249100 0.055300 0.045300 0.042000 0.032000 0.079000 0.100400 0.042000 0.075300 0.041900 0.048400 0.042000 0.000000 0.072500 0.089300 0.051800 0.075500 0.032200 0.045200 0.103700 0.110800 0.042000 0.032100 0.045200 0.082400 0.025600 0.079000 0.096600 0.055400 0.062700 0.045300 0.045200 0.088900 0.035300 0.052000 0.048000 0.100600 0.104000 0.028600 0.100300 0.104100 0.085500 0.048600 0.035400 0.061700 0.045100 0.085700 0.082500 0.079000
Okapi 0.069100 0.222300 0.062200 0.228400 0.062100 0.065600 0.072300 0.058700 0.065400 0.089800 0.062200 0.048500 0.062100 0.068700 0.062300 0.072500 0.000000 0.028700 0.068700 0.062000 0.065800 0.055300 0.072300 0.079000 0.062200 0.065700 0.072200 0.062100 0.072500 0.065400 0.086100 0.062300 0.042300 0.065500 0.065400 0.068600 0.055200 0.058800 0.075900 0.076100 0.079500 0.062100 0.089700 0.079500 0.065200 0.075800 0.069000 0.055100 0.072100 0.071800 0.075800 0.058700
Giraffe 0.086000 0.241800 0.078900 0.256600 0.078800 0.082300 0.085700 0.075300 0.075400 0.099800 0.078900 0.071700 0.078800 0.078600 0.072100 0.089300 0.028700 0.000000 0.089000 0.078700 0.082600 0.071900 0.089100 0.096000 0.079000 0.082500 0.089000 0.078800 0.089300 0.082200 0.096100 0.072200 0.065700 0.082300 0.082200 0.085300 0.071800 0.068600 0.092900 0.093000 0.096500 0.078800 0.099800 0.096500 0.088800 0.092700 0.085900 0.071700 0.089000 0.088700 0.085700 0.075400
TibetanAnt 0.041900 0.229600 0.075300 0.240100 0.055100 0.038400 0.051800 0.045100 0.071800 0.086000 0.041500 0.075000 0.041600 0.041700 0.048500 0.051800 0.068700 0.089000 0.000000 0.068400 0.051900 0.038000 0.082300 0.096200 0.041600 0.045300 0.044700 0.075200 0.045200 0.071800 0.082400 0.055200 0.055600 0.045000 0.038500 0.088500 0.028400 0.058500 0.048500 0.093200 0.089600 0.041800 0.086000 0.096600 0.085200 0.048400 0.041900 0.054800 0.038400 0.092300 0.082200 0.071800
Sitatunga 0.058600 0.263200 0.006300 0.274600 0.051700 0.055100 0.068600 0.048400 0.003100 0.110900 0.058500 0.058200 0.065100 0.071700 0.058600 0.075500 0.062000 0.078700 0.068400 0.000000 0.068900 0.045100 0.092900 0.100000 0.058600 0.068800 0.068500 0.006300 0.068700 0.003100 0.107100 0.065300 0.072800 0.061800 0.068500 0.071600 0.051600 0.061900 0.072100 0.089800 0.100300 0.058400 0.110900 0.100400 0.068300 0.072000 0.065300 0.064900 0.068400 0.088900 0.012600 0.003100
Oribi 0.042200 0.230400 0.075800 0.241300 0.048700 0.045400 0.045400 0.032100 0.072300 0.093600 0.035500 0.068700 0.042000 0.048500 0.042200 0.032200 0.065800 0.082600 0.051900 0.068900 0.000000 0.038700 0.089900 0.089700 0.029000 0.025700 0.045300 0.068900 0.019200 0.072300 0.089900 0.048800 0.062800 0.038800 0.038700 0.082200 0.035400 0.052100 0.048700 0.086800 0.090200 0.022400 0.093600 0.083200 0.078800 0.042100 0.042000 0.055100 0.038600 0.085900 0.075900 0.065500
BarbaryShe 0.022400 0.234100 0.051800 0.253200 0.032000 0.019100 0.035300 0.028700 0.048400 0.093300 0.022200 0.051600 0.035200 0.041700 0.032100 0.045200 0.055300 0.071900 0.038000 0.045100 0.038700 0.000000 0.082500 0.089400 0.022300 0.038700 0.038400 0.051700 0.038600 0.048400 0.089500 0.038700 0.052400 0.032000 0.038600 0.068200 0.015700 0.041900 0.042000 0.079400 0.089800 0.035300 0.093200 0.089800 0.064900 0.041900 0.035400 0.048300 0.038500 0.082100 0.058500 0.048400
Daviddeer 0.086200 0.238500 0.100100 0.249800 0.100000 0.082600 0.089600 0.096400 0.096500 0.048100 0.086000 0.099700 0.086000 0.092700 0.093300 0.103700 0.072300 0.089100 0.082300 0.092900 0.089900 0.082500 0.000000 0.051400 0.086100 0.093200 0.089400 0.086100 0.096600 0.089500 0.044700 0.093300 0.083100 0.082600 0.092900 0.103000 0.078900 0.100100 0.107300 0.048200 0.019000 0.093000 0.048100 0.054800 0.099600 0.096500 0.093100 0.089000 0.089300 0.103100 0.107200 0.089500
Reindeer 0.093100 0.255400 0.107200 0.257300 0.107000 0.089400 0.110600 0.103400 0.103500 0.068300 0.085900 0.106800 0.099900 0.106600 0.100200 0.110800 0.079000 0.096000 0.096200 0.100000 0.089700 0.089400 0.051400 0.000000 0.086000 0.100200 0.103300 0.093000 0.103600 0.096400 0.064700 0.107200 0.089900 0.096500 0.099800 0.117300 0.078700 0.107100 0.114500 0.054900 0.058200 0.099900 0.068200 0.025400 0.113800 0.103500 0.092900 0.095900 0.096200 0.110100 0.114400 0.096500
Ibex 0.032200 0.234300 0.065400 0.240900 0.045300 0.028800 0.035400 0.041900 0.062000 0.096900 0.012700 0.065100 0.038500 0.045100 0.038800 0.042000 0.062200 0.079000 0.041600 0.058600 0.029000 0.022300 0.086100 0.086000 0.000000 0.035500 0.041800 0.065300 0.028900 0.061900 0.093200 0.045400 0.059300 0.035300 0.035400 0.078500 0.012600 0.048700 0.052000 0.090000 0.093500 0.032100 0.096900 0.086400 0.075200 0.038700 0.032100 0.051700 0.035300 0.082200 0.065500 0.062000
GyrantGaze 0.035600 0.226300 0.075800 0.245500 0.048700 0.038800 0.045400 0.025600 0.072300 0.097000 0.042100 0.075400 0.035400 0.041900 0.042100 0.032100 0.065700 0.082500 0.045300 0.068800 0.025700 0.038700 0.093200 0.100200 0.035500 0.000000 0.038700 0.075700 0.019200 0.072300 0.093300 0.048800 0.049200 0.038700 0.025600 0.075200 0.028800 0.045400 0.041900 0.090100 0.093600 0.015900 0.097000 0.093600 0.071900 0.035500 0.035400 0.048400 0.032100 0.092800 0.075900 0.072300
Hartebeest 0.042000 0.233600 0.075400 0.244500 0.048400 0.038500 0.045200 0.038500 0.071900 0.100100 0.041700 0.075000 0.009400 0.041700 0.041900 0.045200 0.072200 0.089000 0.044700 0.068500 0.045300 0.038400 0.089400 0.103300 0.041800 0.038700 0.000000 0.075300 0.038600 0.071900 0.096400 0.048500 0.069200 0.006300 0.032000 0.088600 0.028500 0.051800 0.048500 0.093200 0.096700 0.035300 0.100100 0.096700 0.085200 0.041800 0.035300 0.054800 0.038400 0.085400 0.082300 0.071900
Bongo 0.065400 0.263400 0.012600 0.274800 0.058400 0.061900 0.075400 0.055000 0.009500 0.103900 0.065300 0.058300 0.071900 0.078500 0.065400 0.082400 0.062100 0.078800 0.075200 0.006300 0.068900 0.051700 0.086100 0.093000 0.065300 0.075700 0.075300 0.000000 0.075600 0.003100 0.100100 0.072100 0.079700 0.068600 0.075400 0.071700 0.058300 0.068700 0.079000 0.083000 0.093400 0.065200 0.103900 0.093500 0.068400 0.078900 0.072100 0.071700 0.075200 0.089000 0.019000 0.003100
Gerenuk 0.035500 0.222000 0.075700 0.224300 0.048600 0.038700 0.038700 0.025500 0.072100 0.100500 0.035400 0.075300 0.035300 0.041800 0.042100 0.025600 0.072500 0.089300 0.045200 0.068700 0.019200 0.038600 0.096600 0.103600 0.028900 0.019200 0.038600 0.075600 0.000000 0.072100 0.096700 0.048700 0.062700 0.038700 0.032100 0.088900 0.028800 0.052000 0.042000 0.093500 0.097000 0.015900 0.100400 0.097000 0.085500 0.028900 0.035400 0.055000 0.032000 0.092600 0.075700 0.072200
CommonElan 0.062000 0.267500 0.009500 0.278900 0.055100 0.058500 0.072000 0.051700 0.006300 0.107400 0.061900 0.061600 0.068500 0.075100 0.062000 0.079000 0.065400 0.082200 0.071800 0.003100 0.072300 0.048400 0.089500 0.096400 0.061900 0.072300 0.071900 0.003100 0.072100 0.000000 0.103600 0.068700 0.076200 0.065200 0.071900 0.075000 0.055000 0.065300 0.075600 0.086400 0.096900 0.061800 0.107300 0.097000 0.071700 0.075400 0.068700 0.068300 0.071800 0.092400 0.015900 0.006300
MuntiacusR 0.093300 0.237700 0.114400 0.256400 0.100100 0.089600 0.100100 0.096500 0.110700 0.009400 0.093100 0.113900 0.093000 0.099700 0.086300 0.096600 0.086100 0.096100 0.082400 0.107100 0.089900 0.089500 0.044700 0.064700 0.093200 0.093300 0.096400 0.100100 0.096700 0.103600 0.000000 0.100300 0.090100 0.089600 0.092900 0.117200 0.085900 0.093100 0.100300 0.054900 0.044900 0.093000 0.009400 0.058200 0.113800 0.096500 0.086200 0.089000 0.089300 0.095900 0.114400 0.103700
HarveysDui 0.052100 0.222300 0.065500 0.236800 0.045300 0.048700 0.035400 0.041900 0.062000 0.104100 0.045300 0.065200 0.038700 0.025500 0.038800 0.055400 0.062300 0.072200 0.055200 0.065300 0.048800 0.038700 0.093300 0.107200 0.045400 0.048800 0.048500 0.072100 0.048700 0.068700 0.100300 0.000000 0.066100 0.042000 0.048600 0.085500 0.038600 0.048700 0.052000 0.097100 0.093600 0.045300 0.104000 0.100600 0.082200 0.051900 0.045400 0.051700 0.048500 0.089200 0.079100 0.068800
Pronghorn 0.055900 0.215200 0.079800 0.233000 0.066000 0.059200 0.069400 0.055700 0.076300 0.093900 0.059200 0.072600 0.065900 0.065700 0.059300 0.062700 0.042300 0.065700 0.055600 0.072800 0.062800 0.052400 0.083100 0.089900 0.059300 0.049200 0.069200 0.079700 0.062700 0.076200 0.090100 0.066100 0.000000 0.062600 0.062400 0.086200 0.052300 0.062600 0.073000 0.087000 0.090500 0.059100 0.093800 0.083500 0.082800 0.072900 0.066100 0.065700 0.069200 0.075900 0.086800 0.076300
BlueWildeb 0.042000 0.233900 0.068700 0.245000 0.041900 0.038500 0.045200 0.038600 0.065300 0.093300 0.035300 0.068400 0.009500 0.041700 0.035400 0.045300 0.065500 0.082300 0.045000 0.061800 0.038800 0.032000 0.082600 0.096500 0.035300 0.038700 0.006300 0.068600 0.038700 0.065200 0.089600 0.042000 0.062600 0.000000 0.032000 0.081900 0.028600 0.045300 0.048600 0.086400 0.089900 0.035300 0.093200 0.089800 0.078500 0.041900 0.035400 0.048300 0.038500 0.078700 0.075600 0.065300
Gemsbok 0.042000 0.225500 0.075500 0.228000 0.041800 0.038600 0.045200 0.038500 0.072000 0.096700 0.041900 0.075100 0.028800 0.041700 0.042000 0.045200 0.065400 0.082200 0.038500 0.068500 0.038700 0.038600 0.092900 0.099800 0.035400 0.025600 0.032000 0.075400 0.032100 0.071900 0.092900 0.048600 0.062400 0.032000 0.000000 0.081800 0.028700 0.038600 0.041900 0.089800 0.093200 0.028800 0.096600 0.093200 0.078400 0.035300 0.035300 0.048200 0.025500 0.092400 0.075500 0.072000
Yak 0.085500 0.249900 0.078500 0.243300 0.085300 0.081900 0.088800 0.081800 0.075000 0.117500 0.078500 0.051300 0.085200 0.085000 0.085500 0.088900 0.068600 0.085300 0.088500 0.071600 0.082200 0.068200 0.103000 0.117300 0.078500 0.075200 0.088600 0.071700 0.088900 0.075000 0.117200 0.085500 0.086200 0.081900 0.081800 0.000000 0.071500 0.082000 0.085500 0.114100 0.110500 0.078400 0.121000 0.117700 0.003100 0.092200 0.078500 0.077800 0.088500 0.102200 0.078600 0.068300
BlueSheep 0.019100 0.229500 0.058400 0.235800 0.038500 0.015700 0.028800 0.028700 0.055000 0.089600 0.012600 0.058100 0.025300 0.031900 0.032100 0.035300 0.055200 0.071800 0.028400 0.051600 0.035400 0.015700 0.078900 0.078700 0.012600 0.028800 0.028500 0.058300 0.028800 0.055000 0.085900 0.038600 0.052300 0.028600 0.028700 0.071500 0.000000 0.041900 0.038600 0.082700 0.086100 0.025500 0.089500 0.079200 0.068100 0.032000 0.019100 0.044900 0.028700 0.075100 0.065100 0.055000
BohorReedb 0.055400 0.246600 0.068800 0.261700 0.022200 0.052000 0.048600 0.038600 0.065300 0.096900 0.048600 0.068500 0.048500 0.055100 0.035400 0.052000 0.058800 0.068600 0.058500 0.061900 0.052100 0.041900 0.100100 0.107100 0.048700 0.045400 0.051800 0.068700 0.052000 0.065300 0.093100 0.048700 0.062600 0.045300 0.038600 0.082000 0.041900 0.000000 0.048600 0.096600 0.100500 0.041900 0.096800 0.100500 0.078600 0.055300 0.048700 0.048300 0.051800 0.085600 0.068800 0.065300
KirksDik 0.052100 0.230300 0.079100 0.249000 0.045300 0.048700 0.055300 0.035300 0.075600 0.104100 0.052000 0.071900 0.045200 0.051700 0.052100 0.048000 0.075900 0.092900 0.048500 0.072100 0.048700 0.042000 0.107300 0.114500 0.052000 0.041900 0.048500 0.079000 0.042000 0.075600 0.100300 0.052000 0.073000 0.048600 0.041900 0.085500 0.038600 0.048600 0.000000 0.097100 0.107700 0.031600 0.104000 0.100600 0.082100 0.051900 0.045300 0.051700 0.048500 0.096200 0.086000 0.075600
RoeDeer 0.083100 0.251800 0.097000 0.262700 0.089500 0.079500 0.100500 0.086300 0.093400 0.058300 0.090000 0.103700 0.089800 0.096500 0.090100 0.100600 0.076100 0.093000 0.093200 0.089800 0.086800 0.079400 0.048200 0.054900 0.090000 0.090100 0.093200 0.083000 0.093500 0.086400 0.054900 0.097100 0.087000 0.086400 0.089800 0.114100 0.082700 0.096600 0.097100 0.000000 0.048400 0.089900 0.058300 0.055100 0.110600 0.093400 0.090000 0.079000 0.086100 0.107000 0.104200 0.086400
WhiteLippe 0.093600 0.239500 0.107600 0.250900 0.100400 0.089900 0.090000 0.096700 0.103900 0.048300 0.093400 0.107200 0.093300 0.093000 0.093600 0.104000 0.079500 0.096500 0.089600 0.100300 0.090200 0.089800 0.019000 0.058200 0.093500 0.093600 0.096700 0.093400 0.097000 0.096900 0.044900 0.093600 0.090500 0.089900 0.093200 0.110500 0.086100 0.100500 0.107700 0.048400 0.000000 0.093300 0.048200 0.058400 0.107100 0.096800 0.093400 0.089300 0.089600 0.110500 0.114800 0.096900
ThomsonGaz 0.032100 0.217600 0.065300 0.231900 0.038600 0.035400 0.041900 0.015800 0.061800 0.096800 0.038600 0.065000 0.032000 0.038500 0.038700 0.028600 0.062100 0.078800 0.041800 0.058400 0.022400 0.035300 0.093000 0.099900 0.032100 0.015900 0.035300 0.065200 0.015900 0.061800 0.093000 0.045300 0.059100 0.035300 0.028800 0.078400 0.025500 0.041900 0.031600 0.089900 0.093300 0.000000 0.096700 0.093300 0.075100 0.032100 0.032100 0.045000 0.028700 0.089000 0.065300 0.061800
MuntiacusC 0.097000 0.251500 0.118200 0.266300 0.103800 0.093200 0.103900 0.100200 0.114500 0.006300 0.096800 0.117700 0.096600 0.103400 0.089900 0.100300 0.089700 0.099800 0.086000 0.110900 0.093600 0.093200 0.048100 0.068200 0.096900 0.097000 0.100100 0.103900 0.100400 0.107300 0.009400 0.104000 0.093800 0.093200 0.096600 0.121000 0.089500 0.096800 0.104000 0.058300 0.048200 0.096700 0.000000 0.061600 0.117500 0.100200 0.089800 0.092700 0.093000 0.099600 0.118200 0.107400
WhiteTaile 0.093600 0.251800 0.107700 0.266800 0.100400 0.089900 0.104000 0.096800 0.104000 0.061700 0.086400 0.107200 0.093200 0.100000 0.093600 0.104100 0.079500 0.096500 0.096600 0.100400 0.083200 0.089800 0.054800 0.025400 0.086400 0.093600 0.096700 0.093500 0.097000 0.097000 0.058200 0.100600 0.083500 0.089800 0.093200 0.117700 0.079200 0.100500 0.100600 0.055100 0.058400 0.093300 0.061600 0.000000 0.114200 0.096800 0.086400 0.089300 0.096600 0.096300 0.114900 0.097000
Cattle 0.082200 0.245900 0.075200 0.239400 0.082000 0.078600 0.085500 0.078400 0.071700 0.114000 0.075100 0.047500 0.081900 0.081700 0.082200 0.085500 0.065200 0.088800 0.085200 0.068300 0.078800 0.064900 0.099600 0.113800 0.075200 0.071900 0.085200 0.068400 0.085500 0.071700 0.113800 0.082200 0.082800 0.078500 0.078400 0.003100 0.068100 0.078600 0.082100 0.110600 0.107100 0.075100 0.117500 0.114200 0.000000 0.088800 0.075200 0.074500 0.085200 0.098800 0.075300 0.065000
RoyalAntel 0.042000 0.217400 0.079000 0.236600 0.051800 0.038600 0.048600 0.041900 0.075400 0.100300 0.045200 0.078600 0.038600 0.041700 0.045300 0.048600 0.075800 0.092700 0.048400 0.072000 0.042100 0.041900 0.096500 0.103500 0.038700 0.035500 0.041800 0.078900 0.028900 0.075400 0.096500 0.051900 0.072900 0.041900 0.035300 0.092200 0.032000 0.055300 0.051900 0.093400 0.096800 0.032100 0.100200 0.096800 0.088800 0.000000 0.038700 0.054900 0.035300 0.096000 0.079000 0.075500
Steenbok 0.038800 0.233700 0.072200 0.228200 0.045300 0.035400 0.042000 0.035300 0.068700 0.089900 0.032100 0.071900 0.032100 0.038500 0.038800 0.035400 0.069000 0.085900 0.041900 0.065300 0.042000 0.035400 0.093100 0.092900 0.032100 0.035400 0.035300 0.072100 0.035400 0.068700 0.086200 0.045400 0.066100 0.035400 0.035300 0.078500 0.019100 0.048700 0.045300 0.090000 0.093400 0.032100 0.089800 0.086400 0.075200 0.038700 0.000000 0.051700 0.035300 0.075300 0.079100 0.068700
Impala 0.051700 0.216900 0.065000 0.239200 0.051600 0.048300 0.061600 0.048200 0.068300 0.092700 0.051600 0.064500 0.045000 0.051400 0.051700 0.061700 0.055100 0.071700 0.054800 0.064900 0.055100 0.048300 0.089000 0.095900 0.051700 0.048400 0.054800 0.071700 0.055000 0.068300 0.089000 0.051700 0.065700 0.048300 0.048200 0.077800 0.044900 0.048300 0.051700 0.079000 0.089300 0.045000 0.092700 0.089300 0.074500 0.054900 0.051700 0.000000 0.054800 0.095200 0.078600 0.068300
Klipspring 0.041900 0.225300 0.075300 0.223300 0.048400 0.038500 0.045100 0.038500 0.071800 0.093000 0.041800 0.075000 0.035200 0.041600 0.041900 0.045100 0.072100 0.089000 0.038400 0.068400 0.038600 0.038500 0.089300 0.096200 0.035300 0.032100 0.038400 0.075200 0.032000 0.071800 0.089300 0.048500 0.069200 0.038500 0.025500 0.088500 0.028700 0.051800 0.048500 0.086100 0.089600 0.028700 0.093000 0.096600 0.085200 0.035300 0.035300 0.054800 0.000000 0.085300 0.075400 0.071800
ForestMusk 0.096300 0.258000 0.096000 0.251800 0.089000 0.092600 0.089000 0.085500 0.092400 0.099700 0.082100 0.088500 0.082100 0.095600 0.075400 0.085700 0.071800 0.088700 0.092300 0.088900 0.085900 0.082100 0.103100 0.110100 0.082200 0.092800 0.085400 0.089000 0.092600 0.092400 0.095900 0.089200 0.075900 0.078700 0.092400 0.102200 0.075100 0.085600 0.096200 0.107000 0.110500 0.089000 0.099600 0.096300 0.098800 0.096000 0.075300 0.095200 0.085300 0.000000 0.096000 0.085600
Bushbuck 0.072300 0.272300 0.019100 0.284100 0.065300 0.068700 0.079000 0.061800 0.015900 0.118200 0.072200 0.065100 0.078900 0.085500 0.065400 0.082500 0.075800 0.085700 0.082200 0.012600 0.075900 0.058500 0.107200 0.114400 0.065500 0.075900 0.082300 0.019000 0.075700 0.015900 0.114400 0.079100 0.086800 0.075600 0.075500 0.078600 0.065100 0.068800 0.086000 0.104200 0.114800 0.065300 0.118200 0.114900 0.075300 0.079000 0.079100 0.078600 0.075400 0.096000 0.000000 0.015900
GreaterKud 0.062000 0.259200 0.009500 0.270600 0.055100 0.058500 0.072000 0.051700 0.006300 0.107500 0.061900 0.055000 0.068600 0.075200 0.062000 0.079000 0.058700 0.075400 0.071800 0.003100 0.065500 0.048400 0.089500 0.096500 0.062000 0.072300 0.071900 0.003100 0.072200 0.006300 0.103700 0.068800 0.076300 0.065300 0.072000 0.068300 0.055000 0.065300 0.075600 0.086400 0.096900 0.061800 0.107400 0.097000 0.065000 0.075500 0.068700 0.068300 0.071800 0.085600 0.015900 0.000000
