1
52 1
Argali 0.000000 0.204600 0.039400 0.141300 0.012900 0.000000 0.006400 0.086000 0.052800 0.081100 0.012900 0.052700 0.013000 0.006400 0.012900 0.046100 0.052800 0.046200 0.000000 0.045900 0.025900 0.000000 0.053100 0.046400 0.012900 0.039200 0.013000 0.045900 0.039300 0.046200 0.059700 0.012900 0.026200 0.013000 0.013000 0.045900 0.000000 0.006400 0.026000 0.059900 0.053000 0.046000 0.074000 0.053100 0.039300 0.012900 0.032600 0.019500 0.019500 0.059900 0.039400 0.059600
LesserMous 0.204600 0.000000 0.196100 0.281400 0.212000 0.204600 0.204300 0.226900 0.196200 0.263100 0.220100 0.211600 0.213100 0.204400 0.212500 0.237100 0.227600 0.220500 0.204400 0.188300 0.227700 0.204400 0.228100 0.221200 0.220100 0.227900 0.213100 0.188300 0.244200 0.204100 0.220000 0.212000 0.194300 0.212900 0.197000 0.203100 0.204400 0.204600 0.220600 0.236700 0.228200 0.236100 0.254100 0.213100 0.195800 0.212300 0.220300 0.221200 0.188500 0.221000 0.196200 0.204400
LesserKudu 0.039400 0.196100 0.000000 0.111000 0.039200 0.039400 0.032700 0.100300 0.025900 0.066600 0.052600 0.025800 0.039600 0.032700 0.026100 0.073400 0.039200 0.032600 0.039300 0.019300 0.052500 0.039300 0.039300 0.032700 0.052600 0.066300 0.039600 0.019300 0.066600 0.019400 0.045800 0.039300 0.013000 0.026200 0.039500 0.019300 0.039300 0.032600 0.052800 0.046000 0.039200 0.073200 0.059700 0.039300 0.012900 0.039200 0.059400 0.046200 0.032500 0.046000 0.012900 0.032500
KillerWhal 0.141300 0.281400 0.111000 0.000000 0.141100 0.141300 0.133700 0.191900 0.125400 0.164600 0.156000 0.140000 0.142100 0.133700 0.126600 0.148900 0.140500 0.133600 0.141200 0.132600 0.140300 0.141200 0.141200 0.134000 0.156000 0.140900 0.142100 0.132600 0.156400 0.133500 0.147900 0.140900 0.108800 0.126900 0.126700 0.132400 0.141200 0.133800 0.140500 0.141000 0.140800 0.148800 0.156700 0.141300 0.125200 0.141100 0.133100 0.149600 0.118600 0.148600 0.125800 0.140300
DefassaWat 0.012900 0.212000 0.039200 0.141100 0.000000 0.012900 0.006400 0.085900 0.052500 0.080800 0.025800 0.052400 0.013000 0.006400 0.012900 0.032600 0.052700 0.046000 0.012900 0.045700 0.012800 0.012900 0.052800 0.046200 0.025800 0.025900 0.013000 0.045700 0.026000 0.046000 0.059400 0.012900 0.026100 0.013000 0.012900 0.045700 0.012900 0.006400 0.025900 0.059600 0.052700 0.032500 0.073700 0.052900 0.039200 0.012900 0.032400 0.019400 0.019500 0.059600 0.039200 0.059300
Sheep 0.000000 0.204600 0.039400 0.141300 0.012900 0.000000 0.006400 0.086000 0.052800 0.081100 0.012900 0.052700 0.013000 0.006400 0.012900 0.046100 0.052800 0.046200 0.000000 0.045900 0.025900 0.000000 0.053100 0.046400 0.012900 0.039200 0.013000 0.045900 0.039300 0.046200 0.059700 0.012900 0.026200 0.013000 0.013000 0.045900 0.000000 0.006400 0.026000 0.059900 0.053000 0.046000 0.074000 0.053100 0.039300 0.012900 0.032600 0.019500 0.019500 0.059900 0.039400 0.059600
MaxwellsDu 0.006400 0.204300 0.032700 0.133700 0.006400 0.006400 0.000000 0.079100 0.046000 0.074100 0.019400 0.045900 0.006500 0.000000 0.006500 0.039400 0.046000 0.039500 0.006400 0.039200 0.019400 0.006400 0.046300 0.039600 0.019400 0.032600 0.006500 0.039200 0.032600 0.039500 0.052900 0.006100 0.019500 0.006500 0.006500 0.039200 0.006400 0.000000 0.019400 0.053100 0.046200 0.039300 0.067000 0.046300 0.032600 0.006400 0.026000 0.013000 0.013000 0.053000 0.032700 0.052700
GazellaPrz 0.086000 0.226900 0.100300 0.191900 0.085900 0.086000 0.079100 0.000000 0.114300 0.108400 0.099800 0.114200 0.086300 0.079100 0.086100 0.107300 0.100100 0.107600 0.086000 0.107100 0.085800 0.086000 0.086500 0.093800 0.099800 0.099800 0.086300 0.107100 0.099900 0.107500 0.093400 0.085900 0.086600 0.086200 0.086100 0.106900 0.086000 0.079100 0.072200 0.107700 0.086500 0.106900 0.101100 0.100700 0.100000 0.072300 0.078900 0.093300 0.093400 0.108000 0.100300 0.121500
MountainNy 0.052800 0.196200 0.025900 0.125400 0.052500 0.052800 0.046000 0.114300 0.000000 0.080300 0.066000 0.038900 0.053000 0.046000 0.039300 0.087100 0.052500 0.045800 0.052600 0.006200 0.065900 0.048100 0.052600 0.046000 0.066000 0.079800 0.053000 0.006200 0.080200 0.032500 0.059100 0.052700 0.026000 0.039500 0.052900 0.032300 0.052600 0.045900 0.066300 0.059400 0.052500 0.086900 0.073300 0.052600 0.025900 0.052500 0.072900 0.059600 0.045700 0.059400 0.025900 0.012400
MuntiacusM 0.081100 0.263100 0.066600 0.164600 0.080800 0.081100 0.074100 0.108400 0.080300 0.000000 0.094800 0.080200 0.081500 0.074100 0.067100 0.116900 0.066700 0.073700 0.080800 0.073300 0.094700 0.080800 0.039300 0.046100 0.094800 0.094900 0.081500 0.073300 0.109600 0.073700 0.032600 0.081000 0.053300 0.067400 0.081300 0.073200 0.080800 0.073900 0.088100 0.059500 0.039200 0.102100 0.006100 0.052800 0.066700 0.080900 0.094800 0.088400 0.073700 0.087900 0.066700 0.087400
goat 0.012900 0.220100 0.052600 0.156000 0.025800 0.012900 0.019400 0.099800 0.066000 0.094800 0.000000 0.065900 0.026000 0.019400 0.025900 0.059300 0.066200 0.059500 0.012800 0.059100 0.038900 0.012300 0.066400 0.059700 0.000000 0.052300 0.026000 0.059100 0.052600 0.059400 0.073000 0.025900 0.039400 0.026000 0.026000 0.059000 0.012800 0.019300 0.039100 0.073300 0.066300 0.059100 0.087500 0.066400 0.052600 0.025800 0.045600 0.032600 0.032600 0.073300 0.052600 0.072900
AfricanBuf 0.052700 0.211600 0.025800 0.140000 0.052400 0.052700 0.045900 0.114200 0.038900 0.080200 0.065900 0.000000 0.052900 0.045900 0.039200 0.086900 0.052400 0.045700 0.052500 0.030100 0.065800 0.052500 0.052500 0.045900 0.065900 0.079700 0.052900 0.032300 0.080000 0.032400 0.059000 0.052600 0.026000 0.039400 0.052700 0.019200 0.052500 0.045800 0.066100 0.045800 0.052400 0.086700 0.073100 0.052500 0.012800 0.052400 0.072800 0.059500 0.045600 0.059300 0.025800 0.045600
Topi 0.013000 0.213100 0.039600 0.142100 0.013000 0.013000 0.006500 0.086300 0.053000 0.081500 0.026000 0.052900 0.000000 0.006500 0.013000 0.046300 0.053000 0.046400 0.013000 0.046100 0.026000 0.013000 0.053300 0.046600 0.026000 0.039400 0.000000 0.046100 0.039500 0.046400 0.059900 0.013000 0.026300 0.013000 0.013000 0.046100 0.013000 0.006500 0.026100 0.060200 0.053200 0.046200 0.074300 0.053300 0.039400 0.013000 0.032700 0.019600 0.019600 0.060100 0.039600 0.059800
CommonDuik 0.006400 0.204400 0.032700 0.133700 0.006400 0.006400 0.000000 0.079100 0.046000 0.074100 0.019400 0.045900 0.006500 0.000000 0.006400 0.039400 0.046000 0.039500 0.006400 0.039200 0.019400 0.006400 0.046300 0.039600 0.019400 0.032600 0.006500 0.039200 0.032600 0.039500 0.052900 0.006400 0.019500 0.006500 0.006400 0.039200 0.006400 0.000000 0.019400 0.053100 0.046200 0.039300 0.067000 0.046300 0.032600 0.006400 0.026000 0.013000 0.013000 0.053000 0.032700 0.052700
Suni 0.012900 0.212500 0.026100 0.126600 0.012900 0.012900 0.006500 0.086100 0.039300 0.067100 0.025900 0.039200 0.013000 0.006400 0.000000 0.046000 0.039400 0.032800 0.012900 0.032500 0.025900 0.012900 0.039500 0.032900 0.025900 0.039200 0.013000 0.032500 0.039400 0.032700 0.046100 0.012900 0.013000 0.000000 0.013000 0.032500 0.012900 0.006200 0.026000 0.046200 0.039400 0.045900 0.060100 0.039500 0.026000 0.012900 0.032500 0.019500 0.019500 0.046200 0.026100 0.045900
Springbuck 0.046100 0.237100 0.073400 0.148900 0.032600 0.046100 0.039400 0.107300 0.087100 0.116900 0.059300 0.086900 0.046300 0.039400 0.046000 0.000000 0.087400 0.080500 0.045900 0.080000 0.019300 0.045900 0.087600 0.080800 0.059300 0.019400 0.046300 0.080000 0.032700 0.080500 0.094400 0.046000 0.060000 0.046200 0.032800 0.079900 0.045900 0.039300 0.046000 0.094700 0.087400 0.026000 0.109500 0.087700 0.073300 0.045900 0.052600 0.052900 0.039400 0.080600 0.073400 0.094100
Okapi 0.052800 0.227600 0.039200 0.140500 0.052700 0.052800 0.046000 0.100100 0.052500 0.066700 0.066200 0.052400 0.053000 0.046000 0.039400 0.087400 0.000000 0.006400 0.052800 0.045700 0.066200 0.052800 0.039300 0.032700 0.066200 0.080200 0.053000 0.045700 0.080300 0.045900 0.045800 0.052700 0.026000 0.039500 0.052900 0.045600 0.052800 0.046100 0.066300 0.046000 0.039200 0.087200 0.059700 0.039300 0.039000 0.052700 0.073200 0.059800 0.045900 0.059600 0.039200 0.059200
Giraffe 0.046200 0.220500 0.032600 0.133600 0.046000 0.046200 0.039500 0.107600 0.045800 0.073700 0.059500 0.045700 0.046400 0.039500 0.032800 0.080500 0.006400 0.000000 0.046000 0.039100 0.059400 0.046000 0.046100 0.039500 0.059500 0.073300 0.046400 0.039100 0.073600 0.039300 0.052600 0.046100 0.019500 0.032900 0.046300 0.039000 0.046000 0.039400 0.059700 0.052800 0.046000 0.080300 0.066700 0.046100 0.032600 0.046000 0.066400 0.053100 0.039300 0.052800 0.032600 0.052500
TibetanAnt 0.000000 0.204400 0.039300 0.141200 0.012900 0.000000 0.006400 0.086000 0.052600 0.080800 0.012800 0.052500 0.013000 0.006400 0.012900 0.045900 0.052800 0.046000 0.000000 0.045800 0.025800 0.000000 0.052900 0.046200 0.012800 0.039100 0.013000 0.045800 0.039300 0.046000 0.059500 0.012900 0.026100 0.013000 0.012900 0.045700 0.000000 0.006400 0.025900 0.059700 0.052800 0.045800 0.073700 0.052900 0.039200 0.012300 0.032400 0.018700 0.019500 0.059700 0.039300 0.059300
Sitatunga 0.045900 0.188300 0.019300 0.132600 0.045700 0.045900 0.039200 0.107100 0.006200 0.073300 0.059100 0.030100 0.046100 0.039200 0.032500 0.080000 0.045700 0.039100 0.045800 0.000000 0.059000 0.045800 0.045800 0.039200 0.059100 0.072800 0.046100 0.000000 0.073100 0.025900 0.052300 0.045900 0.019400 0.032700 0.046000 0.025700 0.045800 0.039100 0.059400 0.052500 0.045700 0.079800 0.066300 0.045800 0.019300 0.045800 0.066000 0.052700 0.039000 0.052500 0.019300 0.012800
Oribi 0.025900 0.227700 0.052500 0.140300 0.012800 0.025900 0.019400 0.085800 0.065900 0.094700 0.038900 0.065800 0.026000 0.019400 0.025900 0.019300 0.066200 0.059400 0.025800 0.059000 0.000000 0.025800 0.066300 0.054200 0.038900 0.012800 0.026000 0.059000 0.012900 0.059400 0.073000 0.025900 0.039300 0.026000 0.026000 0.059000 0.024900 0.019300 0.025900 0.073200 0.066200 0.019300 0.087500 0.066400 0.052500 0.025800 0.032300 0.032500 0.032500 0.059500 0.048100 0.072800
BarbaryShe 0.000000 0.204400 0.039300 0.141200 0.012900 0.000000 0.006400 0.086000 0.048100 0.080800 0.012300 0.052500 0.013000 0.006400 0.012900 0.045900 0.052800 0.046000 0.000000 0.045800 0.025800 0.000000 0.052900 0.046200 0.012800 0.039100 0.013000 0.045800 0.039300 0.046000 0.059500 0.012900 0.026100 0.013000 0.012900 0.045700 0.000000 0.006200 0.025900 0.059700 0.052800 0.045800 0.073700 0.052900 0.039200 0.012900 0.032400 0.019500 0.019500 0.059700 0.039300 0.059300
Daviddeer 0.053100 0.228100 0.039300 0.141200 0.052800 0.053100 0.046300 0.086500 0.052600 0.039300 0.066400 0.052500 0.053300 0.046300 0.039500 0.087600 0.039300 0.046100 0.052900 0.045800 0.066300 0.052900 0.000000 0.019400 0.066400 0.080300 0.053300 0.045800 0.080700 0.046000 0.018600 0.053000 0.026100 0.039700 0.053200 0.045700 0.052900 0.046200 0.066600 0.032400 0.012800 0.087400 0.032600 0.025900 0.039200 0.052900 0.073300 0.060000 0.046000 0.059700 0.039300 0.059300
Reindeer 0.046400 0.221200 0.032700 0.134000 0.046200 0.046400 0.039600 0.093800 0.046000 0.046100 0.059700 0.045900 0.046600 0.039600 0.032900 0.080800 0.032700 0.039500 0.046200 0.039200 0.054200 0.046200 0.019400 0.000000 0.059700 0.073600 0.046600 0.039200 0.073900 0.039400 0.025900 0.046300 0.019600 0.033100 0.046500 0.039200 0.046200 0.039500 0.060000 0.025900 0.019400 0.080200 0.039300 0.006200 0.032700 0.046200 0.066600 0.053300 0.039400 0.053000 0.032700 0.052700
Ibex 0.012900 0.220100 0.052600 0.156000 0.025800 0.012900 0.019400 0.099800 0.066000 0.094800 0.000000 0.065900 0.026000 0.019400 0.025900 0.059300 0.066200 0.059500 0.012800 0.059100 0.038900 0.012800 0.066400 0.059700 0.000000 0.052300 0.026000 0.059100 0.052600 0.059400 0.066300 0.025900 0.039400 0.026000 0.026000 0.059000 0.012800 0.019300 0.039100 0.073300 0.066300 0.059100 0.087500 0.066400 0.052600 0.025800 0.045600 0.032600 0.032600 0.073300 0.052600 0.072900
GyrantGaze 0.039200 0.227900 0.066300 0.140900 0.025900 0.039200 0.032600 0.099800 0.079800 0.094900 0.052300 0.079700 0.039400 0.032600 0.039200 0.019400 0.080200 0.073300 0.039100 0.072800 0.012800 0.039100 0.080300 0.073600 0.052300 0.000000 0.039400 0.072800 0.026000 0.073300 0.087000 0.039200 0.052900 0.039400 0.026100 0.072700 0.039100 0.032500 0.039200 0.087300 0.080200 0.006400 0.087700 0.080400 0.066200 0.039100 0.045700 0.046000 0.032700 0.073400 0.066300 0.086800
Hartebeest 0.013000 0.213100 0.039600 0.142100 0.013000 0.013000 0.006500 0.086300 0.053000 0.081500 0.026000 0.052900 0.000000 0.006500 0.013000 0.046300 0.053000 0.046400 0.013000 0.046100 0.026000 0.013000 0.053300 0.046600 0.026000 0.039400 0.000000 0.046100 0.039500 0.046400 0.059900 0.013000 0.026300 0.013000 0.013000 0.046100 0.013000 0.006500 0.026100 0.060200 0.053200 0.046200 0.074300 0.053300 0.039400 0.013000 0.032700 0.019600 0.019600 0.060100 0.039600 0.059800
Bongo 0.045900 0.188300 0.019300 0.132600 0.045700 0.045900 0.039200 0.107100 0.006200 0.073300 0.059100 0.032300 0.046100 0.039200 0.032500 0.080000 0.045700 0.039100 0.045800 0.000000 0.059000 0.045800 0.045800 0.039200 0.059100 0.072800 0.046100 0.000000 0.073100 0.025900 0.052300 0.045900 0.019400 0.032700 0.046000 0.025700 0.045800 0.039100 0.059400 0.052500 0.042100 0.079800 0.066300 0.045800 0.019300 0.045800 0.066000 0.052700 0.039000 0.052100 0.019300 0.012300
Gerenuk 0.039300 0.244200 0.066600 0.156400 0.026000 0.039300 0.032600 0.099900 0.080200 0.109600 0.052600 0.080000 0.039500 0.032600 0.039400 0.032700 0.080300 0.073600 0.039300 0.073100 0.012900 0.039300 0.080700 0.073900 0.052600 0.026000 0.039500 0.073100 0.000000 0.073600 0.087400 0.039200 0.053000 0.039400 0.039400 0.073100 0.039300 0.032700 0.039200 0.087700 0.080500 0.032600 0.102300 0.080700 0.066300 0.039300 0.045900 0.046200 0.046200 0.073700 0.066600 0.087200
CommonElan 0.046200 0.204100 0.019400 0.133500 0.046000 0.046200 0.039500 0.107500 0.032500 0.073700 0.059400 0.032400 0.046400 0.039500 0.032700 0.080500 0.045900 0.039300 0.046000 0.025900 0.059400 0.046000 0.046000 0.039400 0.059400 0.073300 0.046400 0.025900 0.073600 0.000000 0.052600 0.046100 0.019500 0.032900 0.046300 0.025800 0.046000 0.039400 0.059700 0.052800 0.042400 0.080300 0.066700 0.046100 0.019400 0.046000 0.066300 0.053000 0.039200 0.052800 0.006400 0.039100
MuntiacusR 0.059700 0.220000 0.045800 0.147900 0.059400 0.059700 0.052900 0.093400 0.059100 0.032600 0.073000 0.059000 0.059900 0.052900 0.046100 0.094400 0.045800 0.052600 0.059500 0.052300 0.073000 0.059500 0.018600 0.025900 0.066300 0.087000 0.059900 0.052300 0.087400 0.052600 0.000000 0.059600 0.032700 0.046300 0.059800 0.052300 0.059500 0.052800 0.073400 0.039000 0.019300 0.094100 0.025900 0.032400 0.045800 0.059500 0.080000 0.066700 0.052600 0.066300 0.045800 0.065900
HarveysDui 0.012900 0.212000 0.039300 0.140900 0.012900 0.012900 0.006100 0.085900 0.052700 0.081000 0.025900 0.052600 0.013000 0.006400 0.012900 0.046000 0.052700 0.046100 0.012900 0.045900 0.025900 0.012900 0.053000 0.046300 0.025900 0.039200 0.013000 0.045900 0.039200 0.046100 0.059600 0.000000 0.026100 0.012900 0.012900 0.045800 0.012900 0.006400 0.025900 0.059800 0.052900 0.045900 0.073900 0.053000 0.039200 0.012900 0.032500 0.019500 0.019500 0.059800 0.039300 0.059400
Pronghorn 0.026200 0.194300 0.013000 0.108800 0.026100 0.026200 0.019500 0.086600 0.026000 0.053300 0.039400 0.026000 0.026300 0.019500 0.013000 0.060000 0.026000 0.019500 0.026100 0.019400 0.039300 0.026100 0.026100 0.019600 0.039400 0.052900 0.026300 0.019400 0.053000 0.019500 0.032700 0.026100 0.000000 0.013000 0.026200 0.019400 0.026100 0.019600 0.037600 0.032800 0.026100 0.059800 0.046400 0.026200 0.012900 0.026100 0.046200 0.032900 0.019500 0.029300 0.012900 0.032600
BlueWildeb 0.013000 0.212900 0.026200 0.126900 0.013000 0.013000 0.006500 0.086200 0.039500 0.067400 0.026000 0.039400 0.013000 0.006500 0.000000 0.046200 0.039500 0.032900 0.013000 0.032700 0.026000 0.013000 0.039700 0.033100 0.026000 0.039400 0.013000 0.032700 0.039400 0.032900 0.046300 0.012900 0.013000 0.000000 0.013000 0.032700 0.013000 0.006500 0.026000 0.046500 0.039600 0.046100 0.060400 0.039700 0.026100 0.013000 0.032700 0.019600 0.019600 0.046400 0.026200 0.046200
Gemsbok 0.013000 0.197000 0.039500 0.126700 0.012900 0.013000 0.006500 0.086100 0.052900 0.081300 0.026000 0.052700 0.013000 0.006400 0.013000 0.032800 0.052900 0.046300 0.012900 0.046000 0.026000 0.012900 0.053200 0.046500 0.026000 0.026100 0.013000 0.046000 0.039400 0.046300 0.059800 0.012900 0.026200 0.013000 0.000000 0.046000 0.012900 0.006500 0.026000 0.060000 0.053100 0.032700 0.074200 0.053200 0.039300 0.012900 0.032600 0.019600 0.006500 0.060000 0.039500 0.059700
Yak 0.045900 0.203100 0.019300 0.132400 0.045700 0.045900 0.039200 0.106900 0.032300 0.073200 0.059000 0.019200 0.046100 0.039200 0.032500 0.079900 0.045600 0.039000 0.045700 0.025700 0.059000 0.045700 0.045700 0.039200 0.059000 0.072700 0.046100 0.025700 0.073100 0.025800 0.052300 0.045800 0.019400 0.032700 0.046000 0.000000 0.045700 0.038600 0.059300 0.039100 0.045600 0.079700 0.066200 0.045800 0.006400 0.045700 0.065900 0.039200 0.039000 0.052400 0.018400 0.038900
BlueSheep 0.000000 0.204400 0.039300 0.141200 0.012900 0.000000 0.006400 0.086000 0.052600 0.080800 0.012800 0.052500 0.013000 0.006400 0.012900 0.045900 0.052800 0.046000 0.000000 0.045800 0.024900 0.000000 0.052900 0.046200 0.012800 0.039100 0.013000 0.045800 0.039300 0.046000 0.059500 0.012900 0.026100 0.013000 0.012900 0.045700 0.000000 0.006200 0.025900 0.059700 0.052800 0.045800 0.073700 0.052900 0.039200 0.012900 0.032400 0.019500 0.019500 0.059700 0.039300 0.059300
BohorReedb 0.006400 0.204600 0.032600 0.133800 0.006400 0.006400 0.000000 0.079100 0.045900 0.073900 0.019300 0.045800 0.006500 0.000000 0.006200 0.039300 0.046100 0.039400 0.006400 0.039100 0.019300 0.006200 0.046200 0.039500 0.019300 0.032500 0.006500 0.039100 0.032700 0.039400 0.052800 0.006400 0.019600 0.006500 0.006500 0.038600 0.006200 0.000000 0.019400 0.052900 0.046100 0.039200 0.066900 0.046200 0.032600 0.006400 0.025900 0.013000 0.013000 0.052900 0.032600 0.052600
KirksDik 0.026000 0.220600 0.052800 0.140500 0.025900 0.026000 0.019400 0.072200 0.066300 0.088100 0.039100 0.066100 0.026100 0.019400 0.026000 0.046000 0.066300 0.059700 0.025900 0.059400 0.025900 0.025900 0.066600 0.060000 0.039100 0.039200 0.026100 0.059400 0.039200 0.059700 0.073400 0.025900 0.037600 0.026000 0.026000 0.059300 0.025900 0.019400 0.000000 0.073600 0.066500 0.045900 0.080900 0.066700 0.052600 0.025900 0.019400 0.032700 0.032700 0.059800 0.052800 0.073200
RoeDeer 0.059900 0.236700 0.046000 0.141000 0.059600 0.059900 0.053100 0.107700 0.059400 0.059500 0.073300 0.045800 0.060200 0.053100 0.046200 0.094700 0.046000 0.052800 0.059700 0.052500 0.073200 0.059700 0.032400 0.025900 0.073300 0.087300 0.060200 0.052500 0.087700 0.052800 0.039000 0.059800 0.032800 0.046500 0.060000 0.039100 0.059700 0.052900 0.073600 0.000000 0.032400 0.094500 0.052700 0.032500 0.032600 0.053900 0.073300 0.066900 0.052800 0.066600 0.046000 0.066200
WhiteLippe 0.053000 0.228200 0.039200 0.140800 0.052700 0.053000 0.046200 0.086500 0.052500 0.039200 0.066300 0.052400 0.053200 0.046200 0.039400 0.087400 0.039200 0.046000 0.052800 0.045700 0.066200 0.052800 0.012800 0.019400 0.066300 0.080200 0.053200 0.042100 0.080500 0.042400 0.019300 0.052900 0.026100 0.039600 0.053100 0.045600 0.052800 0.046100 0.066500 0.032400 0.000000 0.086800 0.032500 0.025800 0.039200 0.052800 0.073200 0.059900 0.045900 0.059600 0.039200 0.059200
ThomsonGaz 0.046000 0.236100 0.073200 0.148800 0.032500 0.046000 0.039300 0.106900 0.086900 0.102100 0.059100 0.086700 0.046200 0.039300 0.045900 0.026000 0.087200 0.080300 0.045800 0.079800 0.019300 0.045800 0.087400 0.080200 0.059100 0.006400 0.046200 0.079800 0.032600 0.080300 0.094100 0.045900 0.059800 0.046100 0.032700 0.079700 0.045800 0.039200 0.045900 0.094500 0.086800 0.000000 0.094900 0.087500 0.073200 0.045800 0.052500 0.052800 0.039400 0.080400 0.073200 0.093900
MuntiacusC 0.074000 0.254100 0.059700 0.156700 0.073700 0.074000 0.067000 0.101100 0.073300 0.006100 0.087500 0.073100 0.074300 0.067000 0.060100 0.109500 0.059700 0.066700 0.073700 0.066300 0.087500 0.073700 0.032600 0.039300 0.087500 0.087700 0.074300 0.066300 0.102300 0.066700 0.025900 0.073900 0.046400 0.060400 0.074200 0.066200 0.073700 0.066900 0.080900 0.052700 0.032500 0.094900 0.000000 0.045900 0.059700 0.073800 0.087600 0.081200 0.066600 0.080700 0.054100 0.080200
WhiteTaile 0.053100 0.213100 0.039300 0.141300 0.052900 0.053100 0.046300 0.100700 0.052600 0.052800 0.066400 0.052500 0.053300 0.046300 0.039500 0.087700 0.039300 0.046100 0.052900 0.045800 0.066400 0.052900 0.025900 0.006200 0.066400 0.080400 0.053300 0.045800 0.080700 0.046100 0.032400 0.053000 0.026200 0.039700 0.053200 0.045800 0.052900 0.046200 0.066700 0.032500 0.025800 0.087500 0.045900 0.000000 0.039300 0.052900 0.073400 0.060000 0.046000 0.059800 0.039300 0.059400
Cattle 0.039300 0.195800 0.012900 0.125200 0.039200 0.039300 0.032600 0.100000 0.025900 0.066700 0.052600 0.012800 0.039400 0.032600 0.026000 0.073300 0.039000 0.032600 0.039200 0.019300 0.052500 0.039200 0.039200 0.032700 0.052600 0.066200 0.039400 0.019300 0.066300 0.019400 0.045800 0.039200 0.012900 0.026100 0.039300 0.006400 0.039200 0.032600 0.052600 0.032600 0.039200 0.073200 0.059700 0.039300 0.000000 0.039200 0.059400 0.046200 0.032500 0.045900 0.012900 0.032400
RoyalAntel 0.012900 0.212300 0.039200 0.141100 0.012900 0.012900 0.006400 0.072300 0.052500 0.080900 0.025800 0.052400 0.013000 0.006400 0.012900 0.045900 0.052700 0.046000 0.012300 0.045800 0.025800 0.012900 0.052900 0.046200 0.025800 0.039100 0.013000 0.045800 0.039300 0.046000 0.059500 0.012900 0.026100 0.013000 0.012900 0.045700 0.012900 0.006400 0.025900 0.053900 0.052800 0.045800 0.073800 0.052900 0.039200 0.000000 0.032400 0.019500 0.019500 0.059700 0.039200 0.059300
Steenbok 0.032600 0.220300 0.059400 0.133100 0.032400 0.032600 0.026000 0.078900 0.072900 0.094800 0.045600 0.072800 0.032700 0.026000 0.032500 0.052600 0.073200 0.066400 0.032400 0.066000 0.032300 0.032400 0.073300 0.066600 0.045600 0.045700 0.032700 0.066000 0.045900 0.066300 0.080000 0.032500 0.046200 0.032700 0.032600 0.065900 0.032400 0.025900 0.019400 0.073300 0.073200 0.052500 0.087600 0.073400 0.059400 0.032400 0.000000 0.039200 0.039300 0.066500 0.059400 0.079800
Impala 0.019500 0.221200 0.046200 0.149600 0.019400 0.019500 0.013000 0.093300 0.059600 0.088400 0.032600 0.059500 0.019600 0.013000 0.019500 0.052900 0.059800 0.053100 0.018700 0.052700 0.032500 0.019500 0.060000 0.053300 0.032600 0.046000 0.019600 0.052700 0.046200 0.053000 0.066700 0.019500 0.032900 0.019600 0.019600 0.039200 0.019500 0.013000 0.032700 0.066900 0.059900 0.052800 0.081200 0.060000 0.046200 0.019500 0.039200 0.000000 0.026200 0.066800 0.046200 0.066400
Klipspring 0.019500 0.188500 0.032500 0.118600 0.019500 0.019500 0.013000 0.093400 0.045700 0.073700 0.032600 0.045600 0.019600 0.013000 0.019500 0.039400 0.045900 0.039300 0.019500 0.039000 0.032500 0.019500 0.046000 0.039400 0.032600 0.032700 0.019600 0.039000 0.046200 0.039200 0.052600 0.019500 0.019500 0.019600 0.006500 0.039000 0.019500 0.013000 0.032700 0.052800 0.045900 0.039400 0.066600 0.046000 0.032500 0.019500 0.039300 0.026200 0.000000 0.052700 0.032500 0.052400
ForestMusk 0.059900 0.221000 0.046000 0.148600 0.059600 0.059900 0.053000 0.108000 0.059400 0.087900 0.073300 0.059300 0.060100 0.053000 0.046200 0.080600 0.059600 0.052800 0.059700 0.052500 0.059500 0.059700 0.059700 0.053000 0.073300 0.073400 0.060100 0.052100 0.073700 0.052800 0.066300 0.059800 0.029300 0.046400 0.060000 0.052400 0.059700 0.052900 0.059800 0.066600 0.059600 0.080400 0.080700 0.059800 0.045900 0.059700 0.066500 0.066800 0.052700 0.000000 0.046000 0.066200
Bushbuck 0.039400 0.196200 0.012900 0.125800 0.039200 0.039400 0.032700 0.100300 0.025900 0.066700 0.052600 0.025800 0.039600 0.032700 0.026100 0.073400 0.039200 0.032600 0.039300 0.019300 0.048100 0.039300 0.039300 0.032700 0.052600 0.066300 0.039600 0.019300 0.066600 0.006400 0.045800 0.039300 0.012900 0.026200 0.039500 0.018400 0.039300 0.032600 0.052800 0.046000 0.039200 0.073200 0.054100 0.039300 0.012900 0.039200 0.059400 0.046200 0.032500 0.046000 0.000000 0.032500
GreaterKud 0.059600 0.204400 0.032500 0.140300 0.059300 0.059600 0.052700 0.121500 0.012400 0.087400 0.072900 0.045600 0.059800 0.052700 0.045900 0.094100 0.059200 0.052500 0.059300 0.012800 0.072800 0.059300 0.059300 0.052700 0.072900 0.086800 0.059800 0.012300 0.087200 0.039100 0.065900 0.059400 0.032600 0.046200 0.059700 0.038900 0.059300 0.052600 0.073200 0.066200 0.059200 0.093900 0.080200 0.059400 0.032400 0.059300 0.079800 0.066400 0.052400 0.066200 0.032500 0.000000
