1
52 1
Argali 0.000000 0.158800 0.057700 0.205700 0.025200 0.000000 0.071400 0.051600 0.044300 0.099200 0.018800 0.037900 0.012500 0.044600 0.044600 0.058200 0.098800 0.092300 0.018800 0.057500 0.051600 0.018800 0.099100 0.093000 0.025100 0.071200 0.019000 0.057600 0.064800 0.057700 0.099000 0.044600 0.120100 0.012600 0.018800 0.031600 0.038000 0.031600 0.064600 0.156300 0.085700 0.064300 0.085000 0.114100 0.044600 0.058200 0.051500 0.038100 0.044900 0.085100 0.050900 0.057700
LesserMous 0.158800 0.000000 0.164900 0.142600 0.142900 0.158800 0.181500 0.174000 0.164100 0.155400 0.150700 0.157000 0.142900 0.135600 0.165300 0.165000 0.148800 0.134800 0.149800 0.179500 0.174100 0.150700 0.155100 0.141500 0.157700 0.180000 0.136800 0.179900 0.188400 0.180400 0.162500 0.135600 0.148800 0.143800 0.150700 0.150000 0.165500 0.150000 0.180000 0.200300 0.141100 0.187400 0.156400 0.170300 0.165500 0.182000 0.165600 0.157800 0.151200 0.148800 0.172000 0.180400
LesserKudu 0.057700 0.164900 0.000000 0.212400 0.031400 0.057700 0.064200 0.057900 0.012400 0.105400 0.038000 0.018700 0.044400 0.050800 0.050800 0.064400 0.091300 0.098600 0.037900 0.012400 0.044700 0.038000 0.091600 0.078500 0.044300 0.064000 0.038100 0.011900 0.071000 0.012500 0.091500 0.050800 0.105100 0.044500 0.038000 0.025000 0.057400 0.025000 0.070800 0.133300 0.091900 0.083900 0.105600 0.085400 0.037900 0.077700 0.038000 0.031400 0.051100 0.105000 0.006000 0.012500
KillerWhal 0.205700 0.142600 0.212400 0.000000 0.188700 0.205700 0.229400 0.213100 0.210800 0.179800 0.197100 0.203400 0.188800 0.181000 0.212300 0.203500 0.157200 0.180100 0.195800 0.211600 0.204500 0.197100 0.194700 0.173600 0.204400 0.235500 0.198400 0.211900 0.228100 0.212500 0.202400 0.181000 0.194800 0.189900 0.197100 0.196200 0.212700 0.196200 0.219100 0.225900 0.180300 0.226900 0.195100 0.203300 0.212600 0.221600 0.212500 0.204400 0.213700 0.194700 0.203800 0.212500
DefassaWat 0.025200 0.142900 0.031400 0.188700 0.000000 0.025200 0.044500 0.025300 0.018600 0.084800 0.006000 0.012400 0.012500 0.018800 0.018700 0.031700 0.071000 0.064600 0.006200 0.031300 0.025300 0.006000 0.071200 0.065100 0.012100 0.044400 0.018900 0.031400 0.038100 0.031400 0.071100 0.018800 0.091400 0.012000 0.006200 0.006200 0.025100 0.005900 0.051000 0.126300 0.071500 0.050800 0.084900 0.085500 0.018800 0.044600 0.025200 0.012500 0.031700 0.071000 0.025000 0.031000
Sheep 0.000000 0.158800 0.057700 0.205700 0.025200 0.000000 0.071400 0.051600 0.044300 0.099200 0.018800 0.037900 0.012500 0.044600 0.044600 0.058200 0.098800 0.092300 0.018800 0.057500 0.051600 0.018800 0.099100 0.093000 0.025100 0.071200 0.019000 0.057600 0.064800 0.057700 0.099000 0.044600 0.120100 0.012600 0.018800 0.031600 0.038000 0.031600 0.064600 0.156300 0.085700 0.064300 0.085000 0.114100 0.044600 0.058200 0.051500 0.038100 0.044900 0.085100 0.050900 0.057700
MaxwellsDu 0.071400 0.181500 0.064200 0.229400 0.044500 0.071400 0.000000 0.071600 0.050700 0.120200 0.051300 0.044400 0.057900 0.038100 0.064300 0.078300 0.105700 0.113100 0.051100 0.064000 0.058300 0.051300 0.106000 0.114000 0.057700 0.091400 0.064900 0.064100 0.085000 0.064300 0.105900 0.038100 0.126900 0.058000 0.051300 0.038000 0.071100 0.038000 0.084800 0.163500 0.106500 0.098000 0.120300 0.121200 0.051200 0.091900 0.058100 0.044600 0.078200 0.105700 0.057400 0.064300
GazellaPrz 0.051600 0.174000 0.057900 0.213100 0.025300 0.051600 0.071600 0.000000 0.044400 0.113200 0.031900 0.038000 0.038200 0.044800 0.044800 0.031600 0.091900 0.092300 0.031700 0.057600 0.038200 0.031900 0.099100 0.093000 0.038300 0.044300 0.045200 0.057800 0.038000 0.057900 0.099000 0.044800 0.120000 0.038400 0.031900 0.031700 0.051400 0.031700 0.051000 0.156300 0.099500 0.050600 0.113300 0.114100 0.044800 0.071800 0.025200 0.038200 0.058300 0.098800 0.051100 0.057900
MountainNy 0.044300 0.164100 0.012400 0.210800 0.018600 0.044300 0.050700 0.044400 0.000000 0.091100 0.025000 0.005900 0.031400 0.037600 0.037600 0.050900 0.090800 0.084400 0.024900 0.012300 0.031500 0.025000 0.077500 0.084900 0.031300 0.063700 0.037900 0.012300 0.057400 0.011800 0.077400 0.037600 0.097800 0.031400 0.025000 0.012400 0.044100 0.012400 0.057200 0.132800 0.077800 0.070100 0.091200 0.091800 0.025000 0.064000 0.031500 0.018600 0.050800 0.090800 0.005900 0.012400
MuntiacusM 0.099200 0.155400 0.105400 0.179800 0.084800 0.099200 0.120200 0.113200 0.091100 0.000000 0.092000 0.084500 0.084900 0.105500 0.105500 0.106000 0.111400 0.091000 0.091400 0.105100 0.099200 0.092000 0.037600 0.044300 0.084900 0.119500 0.092500 0.091400 0.112800 0.105500 0.018600 0.105500 0.097600 0.085300 0.092000 0.077900 0.105700 0.077900 0.112500 0.090000 0.025000 0.112100 0.012500 0.051000 0.091800 0.106300 0.098900 0.084800 0.092300 0.090800 0.098200 0.105500
goat 0.018800 0.150700 0.038000 0.197100 0.006000 0.018800 0.051300 0.031900 0.025000 0.092000 0.000000 0.018700 0.006200 0.025200 0.025200 0.038300 0.078000 0.071600 0.000100 0.037800 0.031900 0.000000 0.078200 0.072100 0.006200 0.051100 0.012000 0.037900 0.044700 0.038000 0.078200 0.025200 0.098700 0.006200 0.000000 0.011900 0.018800 0.012000 0.057700 0.134000 0.078600 0.057500 0.078000 0.092700 0.025200 0.051400 0.031800 0.018800 0.038200 0.078000 0.031400 0.038000
AfricanBuf 0.037900 0.157000 0.018700 0.203400 0.012400 0.037900 0.044400 0.038000 0.005900 0.084500 0.018700 0.000000 0.025100 0.031300 0.031300 0.044500 0.084100 0.077700 0.018700 0.018600 0.025200 0.017900 0.070900 0.078300 0.025000 0.057200 0.031600 0.017700 0.050900 0.018700 0.070900 0.031300 0.091100 0.025100 0.018700 0.006200 0.037800 0.005900 0.050800 0.125900 0.071200 0.063600 0.084600 0.085100 0.018700 0.057500 0.025100 0.011900 0.044400 0.084200 0.012400 0.018700
Topi 0.012500 0.142900 0.044400 0.188800 0.012500 0.012500 0.057900 0.038200 0.031400 0.084900 0.006200 0.025100 0.000000 0.031600 0.031600 0.044700 0.084500 0.078100 0.006200 0.044300 0.038300 0.006200 0.084700 0.078600 0.012500 0.057500 0.006300 0.044400 0.051100 0.044500 0.084700 0.031600 0.105300 0.000000 0.006200 0.018800 0.025100 0.018800 0.051000 0.140700 0.071500 0.050800 0.071000 0.099300 0.031600 0.044800 0.038100 0.025200 0.031800 0.071000 0.037900 0.044500
CommonDuik 0.044600 0.135600 0.050800 0.181000 0.018800 0.044600 0.038100 0.044800 0.037600 0.105500 0.025200 0.031300 0.031600 0.000000 0.037900 0.051300 0.077800 0.084900 0.025100 0.050600 0.044800 0.025200 0.091700 0.085600 0.031500 0.064200 0.038200 0.050700 0.057800 0.050800 0.091600 0.000000 0.112200 0.031600 0.025200 0.025000 0.044400 0.025000 0.070900 0.148100 0.092100 0.070600 0.105700 0.106400 0.037900 0.064400 0.044600 0.031500 0.051200 0.091400 0.044200 0.050800
Suni 0.044600 0.165300 0.050800 0.212300 0.018700 0.044600 0.064300 0.044800 0.037600 0.105500 0.025200 0.031300 0.031600 0.037900 0.000000 0.051200 0.091400 0.084900 0.025100 0.050600 0.031700 0.025200 0.091600 0.085500 0.031500 0.064100 0.038200 0.050700 0.057800 0.050800 0.091500 0.037900 0.112300 0.031600 0.025200 0.025000 0.044400 0.025000 0.057600 0.148000 0.092000 0.070600 0.105600 0.106300 0.037900 0.064400 0.044600 0.031500 0.051200 0.091400 0.044200 0.050800
Springbuck 0.058200 0.165000 0.064400 0.203500 0.031700 0.058200 0.078300 0.031600 0.050900 0.106000 0.038300 0.044500 0.044700 0.051300 0.051200 0.000000 0.098700 0.092100 0.038100 0.064200 0.044700 0.038300 0.106000 0.099900 0.031700 0.037800 0.051700 0.064300 0.018700 0.064500 0.092000 0.051300 0.126900 0.044900 0.038300 0.038100 0.057900 0.038100 0.050900 0.163500 0.106400 0.040700 0.106200 0.121100 0.051300 0.078500 0.031500 0.044700 0.064900 0.098600 0.057600 0.064500
Okapi 0.098800 0.148800 0.091300 0.157200 0.071000 0.098800 0.105700 0.091900 0.090800 0.111400 0.078000 0.084100 0.084500 0.077800 0.091400 0.098700 0.000000 0.057000 0.077500 0.091000 0.098800 0.078000 0.097500 0.077900 0.084600 0.112000 0.092100 0.091200 0.105300 0.091400 0.090600 0.077800 0.097400 0.085000 0.078000 0.077600 0.091500 0.077600 0.119100 0.153800 0.097900 0.118700 0.111500 0.098400 0.091400 0.119800 0.091600 0.084500 0.105800 0.097300 0.084300 0.091400
Giraffe 0.092300 0.134800 0.098600 0.180100 0.064600 0.092300 0.113100 0.092300 0.084400 0.091000 0.071600 0.077700 0.078100 0.084900 0.084900 0.092100 0.057000 0.000000 0.071200 0.098200 0.092300 0.071600 0.077400 0.071300 0.078200 0.112500 0.085700 0.098400 0.105800 0.084700 0.070600 0.084900 0.064100 0.078500 0.071600 0.071200 0.085100 0.071200 0.105400 0.132700 0.077700 0.119200 0.091100 0.091700 0.085000 0.113300 0.092000 0.078100 0.099300 0.090900 0.091400 0.084700
TibetanAnt 0.018800 0.149800 0.037900 0.195800 0.006200 0.018800 0.051100 0.031700 0.024900 0.091400 0.000100 0.018700 0.006200 0.025100 0.025100 0.038100 0.077500 0.071200 0.000000 0.037700 0.031700 0.000100 0.077800 0.071700 0.006200 0.050800 0.012500 0.037800 0.043500 0.037900 0.077700 0.025100 0.098100 0.006200 0.000100 0.012400 0.018700 0.012400 0.057300 0.133200 0.078100 0.057200 0.077500 0.092200 0.025100 0.051300 0.031600 0.018800 0.038200 0.077600 0.031400 0.037900
Sitatunga 0.057500 0.179500 0.012400 0.211600 0.031300 0.057500 0.064000 0.057600 0.012300 0.105100 0.037800 0.018600 0.044300 0.050600 0.050600 0.064200 0.091000 0.098200 0.037700 0.000000 0.044600 0.037800 0.091200 0.085200 0.044200 0.077100 0.051000 0.012400 0.070700 0.012400 0.091100 0.050600 0.097800 0.044400 0.037800 0.024900 0.057200 0.024900 0.070500 0.147400 0.091600 0.083600 0.105200 0.092100 0.031400 0.077400 0.044400 0.031300 0.064100 0.104700 0.006200 0.012400
Oribi 0.051600 0.174100 0.044700 0.204500 0.025300 0.051600 0.058300 0.038200 0.031500 0.099200 0.031900 0.025200 0.038300 0.044800 0.031700 0.044700 0.098800 0.092300 0.031700 0.044600 0.000000 0.031900 0.085300 0.093000 0.038300 0.052300 0.045200 0.044600 0.051200 0.044800 0.085200 0.044800 0.098900 0.038500 0.031900 0.018900 0.051400 0.018900 0.051100 0.141700 0.085700 0.063900 0.099300 0.100000 0.031800 0.065000 0.025200 0.025300 0.058300 0.098800 0.038100 0.044800
BarbaryShe 0.018800 0.150700 0.038000 0.197100 0.006000 0.018800 0.051300 0.031900 0.025000 0.092000 0.000000 0.017900 0.006200 0.025200 0.025200 0.038300 0.078000 0.071600 0.000100 0.037800 0.031900 0.000000 0.078200 0.072100 0.006200 0.051100 0.012000 0.037900 0.044700 0.038000 0.078200 0.025200 0.098700 0.006200 0.000000 0.012500 0.018800 0.012500 0.057700 0.134000 0.078600 0.057500 0.078000 0.092700 0.025200 0.051400 0.031800 0.018800 0.038200 0.078000 0.031400 0.038000
Daviddeer 0.099100 0.155100 0.091600 0.194700 0.071200 0.099100 0.106000 0.099100 0.077500 0.037600 0.078200 0.070900 0.084700 0.091700 0.091600 0.106000 0.097500 0.077400 0.077800 0.091200 0.085300 0.078200 0.000000 0.031400 0.084800 0.119400 0.092400 0.077800 0.112700 0.091600 0.031200 0.091700 0.083900 0.085200 0.078200 0.064400 0.091800 0.064400 0.112500 0.076600 0.011900 0.126100 0.037800 0.038000 0.078100 0.106200 0.085100 0.071200 0.092200 0.090800 0.084500 0.091600
Reindeer 0.093000 0.141500 0.078500 0.173600 0.065100 0.093000 0.114000 0.093000 0.084900 0.044300 0.072100 0.078300 0.078600 0.085600 0.085500 0.099900 0.077900 0.071300 0.071700 0.085200 0.093000 0.072100 0.031400 0.000000 0.078700 0.106100 0.079200 0.071700 0.106600 0.085500 0.037800 0.085600 0.077300 0.079100 0.072100 0.071700 0.085600 0.071700 0.120500 0.077000 0.031600 0.120000 0.044600 0.018900 0.085600 0.100100 0.078400 0.078600 0.079100 0.084700 0.078400 0.085500
Ibex 0.025100 0.157700 0.044300 0.204400 0.012100 0.025100 0.057700 0.038300 0.031300 0.084900 0.006200 0.025000 0.012500 0.031500 0.031500 0.031700 0.084600 0.078200 0.006200 0.044200 0.038300 0.006200 0.084800 0.078700 0.000000 0.044500 0.018000 0.044200 0.038100 0.044300 0.071200 0.031500 0.105400 0.012100 0.006200 0.018700 0.025000 0.018700 0.064200 0.140900 0.085200 0.050900 0.071100 0.099400 0.031500 0.057800 0.038100 0.025100 0.044600 0.084600 0.037800 0.044300
GyrantGaze 0.071200 0.180000 0.064000 0.235500 0.044400 0.071200 0.091400 0.044300 0.063700 0.119500 0.051100 0.057200 0.057500 0.064200 0.064100 0.037800 0.112000 0.112500 0.050800 0.077100 0.052300 0.051100 0.119400 0.106100 0.044500 0.000000 0.051300 0.077200 0.042200 0.077400 0.105300 0.064200 0.133100 0.057800 0.051100 0.050800 0.070900 0.050800 0.070300 0.147700 0.119900 0.017700 0.119600 0.127400 0.064200 0.091600 0.037700 0.057500 0.064500 0.119000 0.070500 0.077400
Hartebeest 0.019000 0.136800 0.038100 0.198400 0.018900 0.019000 0.064900 0.045200 0.037900 0.092500 0.012000 0.031600 0.006300 0.038200 0.038200 0.051700 0.092100 0.085700 0.012500 0.051000 0.045200 0.012000 0.092400 0.079200 0.018000 0.051300 0.000000 0.051100 0.058300 0.051300 0.092300 0.038200 0.106100 0.006000 0.012600 0.025300 0.031600 0.025300 0.058100 0.134500 0.079000 0.057900 0.078400 0.100100 0.038300 0.051700 0.038400 0.031700 0.025500 0.078500 0.044500 0.051300
Bongo 0.057600 0.179900 0.011900 0.211900 0.031400 0.057600 0.064100 0.057800 0.012300 0.091400 0.037900 0.017700 0.044400 0.050700 0.050700 0.064300 0.091200 0.098400 0.037800 0.012400 0.044600 0.037900 0.077800 0.071700 0.044200 0.077200 0.051100 0.000000 0.070900 0.012400 0.077700 0.050700 0.112000 0.044500 0.037900 0.025000 0.057300 0.025000 0.070700 0.133100 0.078100 0.083700 0.091500 0.078500 0.037800 0.077600 0.044500 0.031400 0.064200 0.104900 0.006200 0.012400
Gerenuk 0.064800 0.188400 0.071000 0.228100 0.038100 0.064800 0.085000 0.038000 0.057400 0.112800 0.044700 0.050900 0.051100 0.057800 0.057800 0.018700 0.105300 0.105800 0.043500 0.070700 0.051200 0.044700 0.112700 0.106600 0.038100 0.042200 0.058300 0.070900 0.000000 0.071100 0.098600 0.057800 0.133900 0.051500 0.044700 0.044500 0.064500 0.044500 0.064000 0.170700 0.113200 0.050500 0.113000 0.127900 0.057800 0.085200 0.037900 0.051100 0.071600 0.105400 0.064100 0.071100
CommonElan 0.057700 0.180400 0.012500 0.212500 0.031400 0.057700 0.064300 0.057900 0.011800 0.105500 0.038000 0.018700 0.044500 0.050800 0.050800 0.064500 0.091400 0.084700 0.037900 0.012400 0.044800 0.038000 0.091600 0.085500 0.044300 0.077400 0.051300 0.012400 0.071100 0.000000 0.091500 0.050800 0.112300 0.044600 0.038000 0.025000 0.057500 0.025000 0.070800 0.148000 0.092000 0.083900 0.105600 0.092500 0.037900 0.077800 0.044600 0.031500 0.064400 0.105100 0.006200 0.000000
MuntiacusR 0.099000 0.162500 0.091500 0.202400 0.071100 0.099000 0.105900 0.099000 0.077400 0.018600 0.078200 0.070900 0.084700 0.091600 0.091500 0.092000 0.090600 0.070600 0.077700 0.091100 0.085200 0.078200 0.031200 0.037800 0.071200 0.105300 0.092300 0.077700 0.098600 0.091500 0.000000 0.091600 0.090700 0.085200 0.078200 0.064400 0.091700 0.064400 0.112300 0.083100 0.031300 0.111900 0.018700 0.044400 0.078000 0.106100 0.085000 0.071200 0.092100 0.097500 0.084400 0.091500
HarveysDui 0.044600 0.135600 0.050800 0.181000 0.018800 0.044600 0.038100 0.044800 0.037600 0.105500 0.025200 0.031300 0.031600 0.000000 0.037900 0.051300 0.077800 0.084900 0.025100 0.050600 0.044800 0.025200 0.091700 0.085600 0.031500 0.064200 0.038200 0.050700 0.057800 0.050800 0.091600 0.000000 0.112200 0.031600 0.025200 0.025000 0.044400 0.025000 0.070900 0.148100 0.092100 0.070600 0.105700 0.106400 0.037900 0.064400 0.044600 0.031500 0.051200 0.091400 0.044200 0.050800
Pronghorn 0.120100 0.148800 0.105100 0.194800 0.091400 0.120100 0.126900 0.120000 0.097800 0.097600 0.098700 0.091100 0.105300 0.112200 0.112300 0.126900 0.097400 0.064100 0.098100 0.097800 0.098900 0.098700 0.083900 0.077300 0.105400 0.133100 0.106100 0.112000 0.133900 0.112300 0.090700 0.112200 0.000000 0.105900 0.098700 0.084500 0.098500 0.084500 0.133400 0.132100 0.084300 0.147400 0.097700 0.084100 0.091600 0.127100 0.091200 0.091500 0.119800 0.110800 0.104900 0.112300
BlueWildeb 0.012600 0.143800 0.044500 0.189900 0.012000 0.012600 0.058000 0.038400 0.031400 0.085300 0.006200 0.025100 0.000000 0.031600 0.031600 0.044900 0.085000 0.078500 0.006200 0.044400 0.038500 0.006200 0.085200 0.079100 0.012100 0.057800 0.006000 0.044500 0.051500 0.044600 0.085200 0.031600 0.105900 0.000000 0.006200 0.018800 0.025100 0.018800 0.051300 0.141500 0.071900 0.051100 0.071400 0.099900 0.031700 0.044900 0.038300 0.025200 0.031900 0.071400 0.037900 0.044600
Gemsbok 0.018800 0.150700 0.038000 0.197100 0.006200 0.018800 0.051300 0.031900 0.025000 0.092000 0.000000 0.018700 0.006200 0.025200 0.025200 0.038300 0.078000 0.071600 0.000100 0.037800 0.031900 0.000000 0.078200 0.072100 0.006200 0.051100 0.012600 0.037900 0.044700 0.038000 0.078200 0.025200 0.098700 0.006200 0.000000 0.012000 0.018800 0.012000 0.057700 0.134000 0.078600 0.057500 0.078000 0.092700 0.025200 0.051400 0.031800 0.018800 0.038200 0.078000 0.031400 0.038000
Yak 0.031600 0.150000 0.025000 0.196200 0.006200 0.031600 0.038000 0.031700 0.012400 0.077900 0.011900 0.006200 0.018800 0.025000 0.025000 0.038100 0.077600 0.071200 0.012400 0.024900 0.018900 0.012500 0.064400 0.071700 0.018700 0.050800 0.025300 0.025000 0.044500 0.025000 0.064400 0.025000 0.084500 0.018800 0.012000 0.000000 0.031500 0.000000 0.044400 0.119100 0.064700 0.057200 0.078000 0.078500 0.012500 0.051100 0.018800 0.006000 0.038000 0.077600 0.018700 0.025000
BlueSheep 0.038000 0.165500 0.057400 0.212700 0.025100 0.038000 0.071100 0.051400 0.044100 0.105700 0.018800 0.037800 0.025100 0.044400 0.044400 0.057900 0.091500 0.085100 0.018700 0.057200 0.051400 0.018800 0.091800 0.085600 0.025000 0.070900 0.031600 0.057300 0.064500 0.057500 0.091700 0.044400 0.098500 0.025100 0.018800 0.031500 0.000000 0.031500 0.077600 0.148300 0.092100 0.077400 0.091500 0.106500 0.044500 0.071200 0.051200 0.037900 0.057800 0.091500 0.050700 0.057500
BohorReedb 0.031600 0.150000 0.025000 0.196200 0.005900 0.031600 0.038000 0.031700 0.012400 0.077900 0.012000 0.005900 0.018800 0.025000 0.025000 0.038100 0.077600 0.071200 0.012400 0.024900 0.018900 0.012500 0.064400 0.071700 0.018700 0.050800 0.025300 0.025000 0.044500 0.025000 0.064400 0.025000 0.084500 0.018800 0.012000 0.000000 0.031500 0.000000 0.044400 0.119100 0.064700 0.057200 0.078000 0.078500 0.012500 0.051100 0.018800 0.006000 0.038000 0.077600 0.018700 0.025000
KirksDik 0.064600 0.180000 0.070800 0.219100 0.051000 0.064600 0.084800 0.051000 0.057200 0.112500 0.057700 0.050800 0.051000 0.070900 0.057600 0.050900 0.119100 0.105400 0.057300 0.070500 0.051100 0.057700 0.112500 0.120500 0.064200 0.070300 0.058100 0.070700 0.064000 0.070800 0.112300 0.070900 0.133400 0.051300 0.057700 0.044400 0.077600 0.044400 0.000000 0.170100 0.099000 0.063600 0.112700 0.127700 0.057600 0.084900 0.037900 0.051000 0.071300 0.112100 0.063900 0.070800
RoeDeer 0.156300 0.200300 0.133300 0.225900 0.126300 0.156300 0.163500 0.156300 0.132800 0.090000 0.134000 0.125900 0.140700 0.148100 0.148000 0.163500 0.153800 0.132700 0.133200 0.147400 0.141700 0.134000 0.076600 0.077000 0.140900 0.147700 0.134500 0.133100 0.170700 0.148000 0.083100 0.148100 0.132100 0.141500 0.134000 0.119100 0.148300 0.119100 0.170100 0.000000 0.076800 0.169500 0.090600 0.084100 0.133800 0.148800 0.133900 0.126500 0.119800 0.139500 0.140200 0.148000
WhiteLippe 0.085700 0.141100 0.091900 0.180300 0.071500 0.085700 0.106500 0.099500 0.077800 0.025000 0.078600 0.071200 0.071500 0.092100 0.092000 0.106400 0.097900 0.077700 0.078100 0.091600 0.085700 0.078600 0.011900 0.031600 0.085200 0.119900 0.079000 0.078100 0.113200 0.092000 0.031300 0.092100 0.084300 0.071900 0.078600 0.064700 0.092100 0.064700 0.099000 0.076800 0.000000 0.112500 0.025200 0.038100 0.078400 0.092700 0.085400 0.071500 0.078900 0.077600 0.084800 0.092000
ThomsonGaz 0.064300 0.187400 0.083900 0.226900 0.050800 0.064300 0.098000 0.050600 0.070100 0.112100 0.057500 0.063600 0.050800 0.070600 0.070600 0.040700 0.118700 0.119200 0.057200 0.083600 0.063900 0.057500 0.126100 0.120000 0.050900 0.017700 0.057900 0.083700 0.050500 0.083900 0.111900 0.070600 0.147400 0.051100 0.057500 0.057200 0.077400 0.057200 0.063600 0.169500 0.112500 0.000000 0.112300 0.141600 0.070600 0.084600 0.050500 0.063900 0.071000 0.111700 0.076900 0.083900
MuntiacusC 0.085000 0.156400 0.105600 0.195100 0.084900 0.085000 0.120300 0.113300 0.091200 0.012500 0.078000 0.084600 0.071000 0.105700 0.105600 0.106200 0.111500 0.091100 0.077500 0.105200 0.099300 0.078000 0.037800 0.044600 0.071100 0.119600 0.078400 0.091500 0.113000 0.105600 0.018700 0.105700 0.097700 0.071400 0.078000 0.078000 0.091500 0.078000 0.112700 0.090600 0.025200 0.112300 0.000000 0.051200 0.091900 0.106400 0.099000 0.084900 0.092500 0.090900 0.098300 0.105600
WhiteTaile 0.114100 0.170300 0.085400 0.203300 0.085500 0.114100 0.121200 0.114100 0.091800 0.051000 0.092700 0.085100 0.099300 0.106400 0.106300 0.121100 0.098400 0.091700 0.092200 0.092100 0.100000 0.092700 0.038000 0.018900 0.099400 0.127400 0.100100 0.078500 0.127900 0.092500 0.044400 0.106400 0.084100 0.099900 0.092700 0.078500 0.106500 0.078500 0.127700 0.084100 0.038100 0.141600 0.051200 0.000000 0.092500 0.121400 0.085300 0.085500 0.099900 0.105300 0.085300 0.092500
Cattle 0.044600 0.165500 0.037900 0.212600 0.018800 0.044600 0.051200 0.044800 0.025000 0.091800 0.025200 0.018700 0.031600 0.037900 0.037900 0.051300 0.091400 0.085000 0.025100 0.031400 0.031800 0.025200 0.078100 0.085600 0.031500 0.064200 0.038300 0.037800 0.057800 0.037900 0.078000 0.037900 0.091600 0.031700 0.025200 0.012500 0.044500 0.012500 0.057600 0.133800 0.078400 0.070600 0.091900 0.092500 0.000000 0.064500 0.031700 0.018800 0.051200 0.091500 0.031400 0.037900
RoyalAntel 0.058200 0.182000 0.077700 0.221600 0.044600 0.058200 0.091900 0.071800 0.064000 0.106300 0.051400 0.057500 0.044800 0.064400 0.064400 0.078500 0.119800 0.113300 0.051300 0.077400 0.065000 0.051400 0.106200 0.100100 0.057800 0.091600 0.051700 0.077600 0.085200 0.077800 0.106100 0.064400 0.127100 0.044900 0.051400 0.051100 0.071200 0.051100 0.084900 0.148800 0.092700 0.084600 0.106400 0.121400 0.064500 0.000000 0.071600 0.057800 0.038400 0.098900 0.070800 0.077800
Steenbok 0.051500 0.165600 0.038000 0.212500 0.025200 0.051500 0.058100 0.025200 0.031500 0.098900 0.031800 0.025100 0.038100 0.044600 0.044600 0.031500 0.091600 0.092000 0.031600 0.044400 0.025200 0.031800 0.085100 0.078400 0.038100 0.037700 0.038400 0.044500 0.037900 0.044600 0.085000 0.044600 0.091200 0.038300 0.031800 0.018800 0.051200 0.018800 0.037900 0.133900 0.085400 0.050500 0.099000 0.085300 0.031700 0.071600 0.000000 0.025200 0.051400 0.098500 0.038000 0.044600
Impala 0.038100 0.157800 0.031400 0.204400 0.012500 0.038100 0.044600 0.038200 0.018600 0.084800 0.018800 0.011900 0.025200 0.031500 0.031500 0.044700 0.084500 0.078100 0.018800 0.031300 0.025300 0.018800 0.071200 0.078600 0.025100 0.057500 0.031700 0.031400 0.051100 0.031500 0.071200 0.031500 0.091500 0.025200 0.018800 0.006000 0.037900 0.006000 0.051000 0.126500 0.071500 0.063900 0.084900 0.085500 0.018800 0.057800 0.025200 0.000000 0.044600 0.084500 0.025000 0.031500
Klipspring 0.044900 0.151200 0.051100 0.213700 0.031700 0.044900 0.078200 0.058300 0.050800 0.092300 0.038200 0.044400 0.031800 0.051200 0.051200 0.064900 0.105800 0.099300 0.038200 0.064100 0.058300 0.038200 0.092200 0.079100 0.044600 0.064500 0.025500 0.064200 0.071600 0.064400 0.092100 0.051200 0.119800 0.031900 0.038200 0.038000 0.057800 0.038000 0.071300 0.119800 0.078900 0.071000 0.092500 0.099900 0.051200 0.038400 0.051400 0.044600 0.000000 0.085100 0.057500 0.064400
ForestMusk 0.085100 0.148800 0.105000 0.194700 0.071000 0.085100 0.105700 0.098800 0.090800 0.090800 0.078000 0.084200 0.071000 0.091400 0.091400 0.098600 0.097300 0.090900 0.077600 0.104700 0.098800 0.078000 0.090800 0.084700 0.084600 0.119000 0.078500 0.104900 0.105400 0.105100 0.097500 0.091400 0.110800 0.071400 0.078000 0.077600 0.091500 0.077600 0.112100 0.139500 0.077600 0.111700 0.090900 0.105300 0.091500 0.098900 0.098500 0.084500 0.085100 0.000000 0.097800 0.105100
Bushbuck 0.050900 0.172000 0.006000 0.203800 0.025000 0.050900 0.057400 0.051100 0.005900 0.098200 0.031400 0.012400 0.037900 0.044200 0.044200 0.057600 0.084300 0.091400 0.031400 0.006200 0.038100 0.031400 0.084500 0.078400 0.037800 0.070500 0.044500 0.006200 0.064100 0.006200 0.084400 0.044200 0.104900 0.037900 0.031400 0.018700 0.050700 0.018700 0.063900 0.140200 0.084800 0.076900 0.098300 0.085300 0.031400 0.070800 0.038000 0.025000 0.057500 0.097800 0.000000 0.006200
GreaterKud 0.057700 0.180400 0.012500 0.212500 0.031000 0.057700 0.064300 0.057900 0.012400 0.105500 0.038000 0.018700 0.044500 0.050800 0.050800 0.064500 0.091400 0.084700 0.037900 0.012400 0.044800 0.038000 0.091600 0.085500 0.044300 0.077400 0.051300 0.012400 0.071100 0.000000 0.091500 0.050800 0.112300 0.044600 0.038000 0.025000 0.057500 0.025000 0.070800 0.148000 0.092000 0.083900 0.105600 0.092500 0.037900 0.077800 0.044600 0.031500 0.064400 0.105100 0.006200 0.000000
