CODONML (in paml version 4.10.7, June 2023)  /home/rachel/ruminants_paml/6406-phy-tree/ENSBTAT00000028832.fasta.phy
Model: free dN/dS Ratios for branches,  kappa = 2.000 fixed

Codon frequency model: F3x4
ns =  54  ls =  25

Codon usage in sequences
--------------------------------------------------------------------------------------------------------------------------------------
Phe TTT   0   0   0   0   0   0 | Ser TCT   0   0   0   0   0   0 | Tyr TAT   0   0   0   0   0   0 | Cys TGT   1   1   1   1   1   1
    TTC   1   1   1   1   1   1 |     TCC   0   0   0   0   0   0 |     TAC   1   1   1   1   1   1 |     TGC   0   0   0   0   0   0
Leu TTA   0   0   0   0   0   0 |     TCA   1   1   1   1   1   1 | *** TAA   0   0   0   0   0   0 | *** TGA   0   0   0   0   0   0
    TTG   1   2   1   1   1   1 |     TCG   0   0   0   0   0   0 |     TAG   0   0   0   0   0   0 | Trp TGG   0   0   0   0   0   0
--------------------------------------------------------------------------------------------------------------------------------------
Leu CTT   0   0   0   0   0   0 | Pro CCT   0   0   0   0   0   0 | His CAT   0   0   0   0   0   0 | Arg CGT   0   0   0   0   0   0
    CTC   0   0   0   0   0   0 |     CCC   0   0   0   0   0   0 |     CAC   0   0   0   0   0   0 |     CGC   0   0   0   0   0   0
    CTA   0   0   0   0   0   0 |     CCA   0   0   0   0   0   0 | Gln CAA   0   0   0   0   0   0 |     CGA   0   0   0   0   0   0
    CTG   2   1   2   2   3   2 |     CCG   0   0   0   0   0   0 |     CAG   1   1   1   1   1   1 |     CGG   0   0   0   0   0   0
--------------------------------------------------------------------------------------------------------------------------------------
Ile ATT   0   0   0   0   0   0 | Thr ACT   0   0   0   0   0   0 | Asn AAT   0   0   0   0   0   0 | Ser AGT   0   0   0   0   0   0
    ATC   3   2   3   3   3   3 |     ACC   2   2   2   2   2   2 |     AAC   0   0   0   0   0   0 |     AGC   1   1   1   1   1   1
    ATA   0   0   0   0   0   0 |     ACA   0   0   0   0   0   0 | Lys AAA   0   0   0   0   0   0 | Arg AGA   1   1   1   1   1   1
Met ATG   1   1   1   1   0   0 |     ACG   0   0   0   0   0   0 |     AAG   1   1   1   1   1   1 |     AGG   0   0   0   0   0   0
--------------------------------------------------------------------------------------------------------------------------------------
Val GTT   0   0   0   0   0   0 | Ala GCT   0   0   0   0   0   0 | Asp GAT   2   2   2   2   2   2 | Gly GGT   0   0   0   0   0   0
    GTC   0   1   0   0   0   0 |     GCC   1   1   1   1   1   1 |     GAC   0   0   0   0   0   0 |     GGC   0   0   0   0   0   0
    GTA   0   0   0   0   0   0 |     GCA   0   0   0   0   0   0 | Glu GAA   1   1   1   1   1   1 |     GGA   0   0   0   0   0   0
    GTG   1   1   1   1   1   2 |     GCG   0   0   0   0   0   0 |     GAG   3   3   3   3   3   3 |     GGG   0   0   0   0   0   0
--------------------------------------------------------------------------------------------------------------------------------------

--------------------------------------------------------------------------------------------------------------------------------------
Phe TTT   0   0   0   0   0   0 | Ser TCT   0   0   0   0   0   0 | Tyr TAT   0   0   0   0   0   0 | Cys TGT   1   1   1   1   1   1
    TTC   1   1   1   1   1   1 |     TCC   0   0   0   0   0   0 |     TAC   1   1   1   1   1   1 |     TGC   0   0   0   0   0   0
Leu TTA   0   0   0   0   0   0 |     TCA   1   1   1   1   1   1 | *** TAA   0   0   0   0   0   0 | *** TGA   0   0   0   0   0   0
    TTG   1   1   1   1   1   1 |     TCG   0   0   0   0   0   0 |     TAG   0   0   0   0   0   0 | Trp TGG   0   0   0   0   0   0
--------------------------------------------------------------------------------------------------------------------------------------
Leu CTT   0   0   0   0   0   0 | Pro CCT   0   0   0   0   0   0 | His CAT   0   0   0   0   0   0 | Arg CGT   0   0   0   0   0   0
    CTC   0   0   0   0   0   0 |     CCC   0   0   0   0   0   0 |     CAC   0   0   0   0   0   0 |     CGC   0   0   0   0   0   0
    CTA   0   0   0   0   0   0 |     CCA   0   0   0   0   0   0 | Gln CAA   0   0   0   0   0   0 |     CGA   0   0   0   0   0   0
    CTG   2   2   2   2   2   2 |     CCG   0   0   0   0   0   0 |     CAG   1   1   1   1   1   1 |     CGG   0   0   0   0   0   0
--------------------------------------------------------------------------------------------------------------------------------------
Ile ATT   0   0   0   0   0   0 | Thr ACT   0   0   0   0   0   0 | Asn AAT   0   0   0   0   0   0 | Ser AGT   0   0   0   0   0   0
    ATC   3   3   3   3   3   3 |     ACC   2   2   2   2   2   2 |     AAC   0   0   0   0   0   0 |     AGC   1   1   1   1   1   1
    ATA   0   0   0   0   0   0 |     ACA   0   0   0   0   0   0 | Lys AAA   0   0   0   0   0   0 | Arg AGA   1   1   1   1   1   1
Met ATG   1   1   1   1   1   1 |     ACG   0   0   0   0   0   0 |     AAG   1   1   1   1   1   1 |     AGG   0   0   0   0   0   0
--------------------------------------------------------------------------------------------------------------------------------------
Val GTT   0   0   0   0   0   0 | Ala GCT   0   0   0   0   0   0 | Asp GAT   2   2   2   2   2   2 | Gly GGT   0   0   0   0   0   0
    GTC   0   0   0   0   0   0 |     GCC   1   1   1   1   1   1 |     GAC   0   0   0   1   0   0 |     GGC   0   0   0   0   0   0
    GTA   0   0   1   0   0   0 |     GCA   0   0   0   0   0   0 | Glu GAA   1   1   1   1   1   1 |     GGA   0   0   0   0   0   0
    GTG   1   1   0   1   1   1 |     GCG   0   0   0   0   0   0 |     GAG   3   3   3   2   3   3 |     GGG   0   0   0   0   0   0
--------------------------------------------------------------------------------------------------------------------------------------

--------------------------------------------------------------------------------------------------------------------------------------
Phe TTT   0   0   0   0   0   0 | Ser TCT   0   0   0   0   0   0 | Tyr TAT   0   0   0   0   0   1 | Cys TGT   1   1   1   1   1   1
    TTC   1   1   1   1   1   1 |     TCC   0   0   0   0   0   0 |     TAC   1   1   1   1   1   0 |     TGC   0   0   0   0   0   0
Leu TTA   0   0   0   0   1   0 |     TCA   1   1   1   1   0   1 | *** TAA   0   0   0   0   0   0 | *** TGA   0   0   0   0   0   0
    TTG   1   1   1   1   1   1 |     TCG   0   0   0   0   0   0 |     TAG   0   0   0   0   0   0 | Trp TGG   0   0   0   0   0   0
--------------------------------------------------------------------------------------------------------------------------------------
Leu CTT   0   0   0   0   0   0 | Pro CCT   0   0   0   0   0   0 | His CAT   0   0   0   0   0   0 | Arg CGT   0   0   0   0   0   0
    CTC   0   0   0   0   0   0 |     CCC   0   0   0   0   0   0 |     CAC   0   0   0   0   0   0 |     CGC   0   0   0   0   0   0
    CTA   1   0   0   0   0   0 |     CCA   0   0   0   0   0   0 | Gln CAA   0   0   0   0   0   0 |     CGA   0   0   0   0   0   0
    CTG   1   2   2   2   2   2 |     CCG   0   0   0   0   0   0 |     CAG   1   1   1   1   1   1 |     CGG   0   0   0   0   0   0
--------------------------------------------------------------------------------------------------------------------------------------
Ile ATT   0   1   0   0   0   0 | Thr ACT   0   0   0   0   0   0 | Asn AAT   0   0   0   0   0   0 | Ser AGT   0   0   0   0   0   0
    ATC   3   2   3   3   3   3 |     ACC   2   2   2   2   2   2 |     AAC   0   0   0   0   0   0 |     AGC   1   1   1   1   1   1
    ATA   0   0   0   0   0   0 |     ACA   0   0   0   0   0   0 | Lys AAA   0   0   0   0   0   0 | Arg AGA   1   1   1   1   1   1
Met ATG   1   1   1   1   1   1 |     ACG   0   0   0   0   0   0 |     AAG   1   1   1   1   1   1 |     AGG   0   0   0   0   0   0
--------------------------------------------------------------------------------------------------------------------------------------
Val GTT   0   0   0   0   0   0 | Ala GCT   0   0   1   0   0   0 | Asp GAT   2   2   2   2   2   2 | Gly GGT   0   0   0   0   0   0
    GTC   0   0   0   0   0   0 |     GCC   1   1   0   1   1   1 |     GAC   0   0   0   0   0   0 |     GGC   0   0   0   0   0   0
    GTA   0   0   0   0   0   0 |     GCA   0   0   0   0   0   0 | Glu GAA   2   1   1   1   1   1 |     GGA   0   0   0   0   0   0
    GTG   1   1   1   1   1   1 |     GCG   0   0   0   0   0   0 |     GAG   2   3   3   3   3   3 |     GGG   0   0   0   0   0   0
--------------------------------------------------------------------------------------------------------------------------------------

--------------------------------------------------------------------------------------------------------------------------------------
Phe TTT   0   0   0   0   0   0 | Ser TCT   0   0   0   0   0   0 | Tyr TAT   0   0   0   0   0   0 | Cys TGT   1   1   1   1   1   1
    TTC   1   1   1   1   1   1 |     TCC   0   0   0   0   0   0 |     TAC   1   1   1   1   1   1 |     TGC   0   0   0   0   0   0
Leu TTA   0   0   0   0   0   0 |     TCA   1   1   1   1   0   1 | *** TAA   0   0   0   0   0   0 | *** TGA   0   0   0   0   0   0
    TTG   1   1   1   1   1   1 |     TCG   0   0   0   0   1   0 |     TAG   0   0   0   0   0   0 | Trp TGG   0   0   0   0   0   0
--------------------------------------------------------------------------------------------------------------------------------------
Leu CTT   0   0   0   0   0   0 | Pro CCT   0   0   0   0   0   0 | His CAT   0   0   0   0   0   0 | Arg CGT   0   0   0   0   0   0
    CTC   0   0   0   0   0   0 |     CCC   0   0   0   0   0   0 |     CAC   0   0   0   0   0   0 |     CGC   0   0   0   0   0   0
    CTA   1   1   0   0   0   0 |     CCA   0   0   0   0   0   0 | Gln CAA   0   0   0   0   0   0 |     CGA   0   0   0   0   0   0
    CTG   1   1   2   2   2   2 |     CCG   0   0   0   0   0   0 |     CAG   1   1   1   1   1   1 |     CGG   0   0   0   0   0   0
--------------------------------------------------------------------------------------------------------------------------------------
Ile ATT   0   0   0   0   0   0 | Thr ACT   0   0   0   0   0   0 | Asn AAT   0   0   0   0   0   0 | Ser AGT   0   0   0   0   0   0
    ATC   3   3   3   3   3   3 |     ACC   2   2   2   2   2   2 |     AAC   0   0   0   0   0   0 |     AGC   1   1   1   1   1   1
    ATA   0   0   0   0   0   0 |     ACA   0   0   0   0   0   0 | Lys AAA   0   0   0   0   0   0 | Arg AGA   1   1   1   1   1   1
Met ATG   1   1   1   1   1   1 |     ACG   0   0   0   0   0   0 |     AAG   1   1   1   1   1   1 |     AGG   0   0   0   0   0   0
--------------------------------------------------------------------------------------------------------------------------------------
Val GTT   0   0   0   0   0   0 | Ala GCT   0   0   0   0   0   0 | Asp GAT   2   2   2   2   2   2 | Gly GGT   0   0   0   0   0   0
    GTC   0   0   0   0   0   0 |     GCC   1   1   1   1   1   1 |     GAC   0   1   0   0   0   0 |     GGC   0   0   0   0   0   0
    GTA   0   0   0   0   0   0 |     GCA   0   0   0   0   0   0 | Glu GAA   1   2   1   1   1   1 |     GGA   0   0   0   0   0   0
    GTG   1   1   1   1   1   1 |     GCG   0   0   0   0   0   0 |     GAG   3   1   3   3   3   3 |     GGG   0   0   0   0   0   0
--------------------------------------------------------------------------------------------------------------------------------------

--------------------------------------------------------------------------------------------------------------------------------------
Phe TTT   0   0   0   0   0   0 | Ser TCT   0   0   0   0   0   0 | Tyr TAT   0   0   0   1   0   0 | Cys TGT   1   1   1   1   1   1
    TTC   1   1   1   1   1   1 |     TCC   0   0   0   0   0   0 |     TAC   1   1   1   0   1   1 |     TGC   0   0   0   0   0   0
Leu TTA   0   0   0   0   0   1 |     TCA   1   1   1   1   1   1 | *** TAA   0   0   0   0   0   0 | *** TGA   0   0   0   0   0   0
    TTG   1   1   1   1   1   0 |     TCG   0   0   0   0   0   0 |     TAG   0   0   0   0   0   0 | Trp TGG   0   0   0   0   0   0
--------------------------------------------------------------------------------------------------------------------------------------
Leu CTT   0   0   0   0   0   0 | Pro CCT   0   0   0   0   0   0 | His CAT   0   0   0   0   0   0 | Arg CGT   0   0   0   0   0   0
    CTC   0   0   0   0   0   0 |     CCC   0   0   0   0   0   0 |     CAC   0   0   0   0   0   0 |     CGC   0   0   0   0   0   0
    CTA   0   0   1   0   0   0 |     CCA   0   0   0   0   0   0 | Gln CAA   0   0   0   0   0   0 |     CGA   0   0   0   0   0   0
    CTG   2   2   1   2   2   2 |     CCG   0   0   0   0   0   0 |     CAG   1   1   1   1   1   1 |     CGG   0   0   0   0   0   0
--------------------------------------------------------------------------------------------------------------------------------------
Ile ATT   0   0   0   0   0   0 | Thr ACT   0   0   0   0   0   0 | Asn AAT   0   0   0   0   0   0 | Ser AGT   0   0   0   0   0   0
    ATC   3   3   3   3   3   3 |     ACC   2   2   2   2   2   2 |     AAC   0   0   0   0   0   0 |     AGC   1   1   1   1   1   1
    ATA   0   0   0   0   0   0 |     ACA   0   0   0   0   0   0 | Lys AAA   0   0   0   0   0   0 | Arg AGA   1   1   1   1   1   1
Met ATG   1   1   1   1   1   1 |     ACG   0   0   0   0   0   0 |     AAG   1   1   1   1   1   1 |     AGG   0   0   0   0   0   0
--------------------------------------------------------------------------------------------------------------------------------------
Val GTT   0   0   0   0   0   0 | Ala GCT   0   0   0   0   1   0 | Asp GAT   2   2   2   2   2   2 | Gly GGT   0   0   0   0   0   0
    GTC   0   0   0   0   0   0 |     GCC   1   1   1   1   0   1 |     GAC   0   0   0   0   0   0 |     GGC   0   0   0   0   0   0
    GTA   0   0   0   0   0   0 |     GCA   0   0   0   0   0   0 | Glu GAA   1   1   1   1   1   1 |     GGA   0   0   0   0   0   0
    GTG   1   1   1   1   1   1 |     GCG   0   0   0   0   0   0 |     GAG   3   3   3   3   3   3 |     GGG   0   0   0   0   0   0
--------------------------------------------------------------------------------------------------------------------------------------

--------------------------------------------------------------------------------------------------------------------------------------
Phe TTT   0   0   0   0   0   0 | Ser TCT   0   0   0   0   0   0 | Tyr TAT   1   0   0   0   0   0 | Cys TGT   1   1   1   1   1   1
    TTC   1   1   1   1   1   1 |     TCC   0   0   0   0   0   0 |     TAC   0   1   1   1   1   1 |     TGC   0   0   0   0   0   0
Leu TTA   0   0   0   0   0   0 |     TCA   1   1   1   1   1   1 | *** TAA   0   0   0   0   0   0 | *** TGA   0   0   0   0   0   0
    TTG   1   1   1   1   1   1 |     TCG   0   0   0   0   0   0 |     TAG   0   0   0   0   0   0 | Trp TGG   0   0   0   0   0   0
--------------------------------------------------------------------------------------------------------------------------------------
Leu CTT   0   0   0   0   0   0 | Pro CCT   0   0   0   0   0   0 | His CAT   0   0   0   0   0   0 | Arg CGT   0   0   0   0   0   0
    CTC   0   0   0   0   0   0 |     CCC   0   0   0   0   0   0 |     CAC   0   0   0   0   0   0 |     CGC   0   0   0   0   0   0
    CTA   0   0   0   0   0   0 |     CCA   0   0   0   0   0   0 | Gln CAA   0   0   0   0   0   0 |     CGA   0   0   0   0   0   0
    CTG   2   2   2   2   2   2 |     CCG   0   0   0   0   0   0 |     CAG   1   1   1   1   1   1 |     CGG   0   0   0   0   0   0
--------------------------------------------------------------------------------------------------------------------------------------
Ile ATT   0   0   0   0   0   0 | Thr ACT   0   0   0   0   0   0 | Asn AAT   0   0   0   0   0   0 | Ser AGT   0   0   0   0   0   0
    ATC   3   3   3   3   3   3 |     ACC   2   2   2   2   2   2 |     AAC   0   0   0   0   0   0 |     AGC   1   1   1   1   1   1
    ATA   0   0   0   0   0   0 |     ACA   0   0   0   0   0   0 | Lys AAA   0   0   0   0   0   0 | Arg AGA   1   1   1   1   1   1
Met ATG   1   1   1   1   1   1 |     ACG   0   0   0   0   0   0 |     AAG   1   1   1   1   1   1 |     AGG   0   0   0   0   0   0
--------------------------------------------------------------------------------------------------------------------------------------
Val GTT   0   0   0   0   0   0 | Ala GCT   0   0   0   0   0   1 | Asp GAT   2   2   2   2   2   2 | Gly GGT   0   0   0   0   0   0
    GTC   0   0   0   0   0   0 |     GCC   1   1   1   1   1   0 |     GAC   0   0   0   0   0   0 |     GGC   0   0   0   0   0   0
    GTA   0   0   0   0   0   0 |     GCA   0   0   0   0   0   0 | Glu GAA   1   1   1   1   1   1 |     GGA   0   0   0   0   0   0
    GTG   1   1   1   1   1   1 |     GCG   0   0   0   0   0   0 |     GAG   3   3   3   3   3   3 |     GGG   0   0   0   0   0   0
--------------------------------------------------------------------------------------------------------------------------------------

--------------------------------------------------------------------------------------------------------------------------------------
Phe TTT   0   0   0   0   0   0 | Ser TCT   0   0   0   0   0   0 | Tyr TAT   0   0   0   0   0   0 | Cys TGT   1   1   1   1   1   1
    TTC   1   1   1   1   1   1 |     TCC   0   0   0   0   0   0 |     TAC   1   1   1   1   1   1 |     TGC   0   0   0   0   0   0
Leu TTA   0   0   0   0   0   0 |     TCA   1   1   1   1   1   1 | *** TAA   0   0   0   0   0   0 | *** TGA   0   0   0   0   0   0
    TTG   1   1   1   1   1   1 |     TCG   0   0   0   0   0   0 |     TAG   0   0   0   0   0   0 | Trp TGG   0   0   0   0   0   0
--------------------------------------------------------------------------------------------------------------------------------------
Leu CTT   0   0   0   0   0   0 | Pro CCT   0   0   0   0   0   0 | His CAT   0   0   0   0   0   0 | Arg CGT   0   0   0   0   0   0
    CTC   0   0   0   0   0   0 |     CCC   0   0   0   0   0   0 |     CAC   0   0   0   0   0   0 |     CGC   0   0   0   0   0   0
    CTA   0   0   0   0   0   0 |     CCA   0   0   0   0   0   0 | Gln CAA   0   0   0   0   0   0 |     CGA   0   0   0   0   0   0
    CTG   2   2   2   2   2   2 |     CCG   0   0   0   0   0   0 |     CAG   1   1   1   1   1   1 |     CGG   0   0   0   0   0   0
--------------------------------------------------------------------------------------------------------------------------------------
Ile ATT   0   0   0   0   0   1 | Thr ACT   0   0   0   0   0   0 | Asn AAT   0   0   0   0   0   0 | Ser AGT   0   0   0   0   0   0
    ATC   3   3   3   3   3   2 |     ACC   2   2   2   2   2   2 |     AAC   0   0   0   0   0   0 |     AGC   1   1   1   1   1   1
    ATA   0   0   0   0   0   0 |     ACA   0   0   0   0   0   0 | Lys AAA   0   0   0   0   0   0 | Arg AGA   1   1   1   1   1   1
Met ATG   1   1   1   1   1   1 |     ACG   0   0   0   0   0   0 |     AAG   1   1   1   1   1   1 |     AGG   0   0   0   0   0   0
--------------------------------------------------------------------------------------------------------------------------------------
Val GTT   0   0   0   0   0   0 | Ala GCT   1   0   0   0   0   0 | Asp GAT   2   2   2   2   2   2 | Gly GGT   0   0   0   0   0   0
    GTC   0   0   0   0   0   0 |     GCC   0   1   1   1   1   1 |     GAC   0   0   0   0   0   0 |     GGC   0   0   0   0   0   0
    GTA   0   0   0   0   0   0 |     GCA   0   0   0   0   0   0 | Glu GAA   1   2   1   1   1   1 |     GGA   0   0   0   0   0   0
    GTG   1   1   1   1   1   1 |     GCG   0   0   0   0   0   0 |     GAG   3   2   3   3   3   3 |     GGG   0   0   0   0   0   0
--------------------------------------------------------------------------------------------------------------------------------------

--------------------------------------------------------------------------------------------------------------------------------------
Phe TTT   0   0   0   0   0   0 | Ser TCT   0   0   0   0   0   0 | Tyr TAT   0   1   0   0   0   0 | Cys TGT   1   1   1   1   1   1
    TTC   1   1   1   1   1   1 |     TCC   0   0   0   0   0   0 |     TAC   1   0   1   1   1   1 |     TGC   0   0   0   0   0   0
Leu TTA   0   0   0   0   0   0 |     TCA   1   1   1   1   1   1 | *** TAA   0   0   0   0   0   0 | *** TGA   0   0   0   0   0   0
    TTG   1   1   1   1   1   1 |     TCG   0   0   0   0   0   0 |     TAG   0   0   0   0   0   0 | Trp TGG   0   0   0   0   0   0
--------------------------------------------------------------------------------------------------------------------------------------
Leu CTT   0   0   0   0   0   0 | Pro CCT   0   0   0   0   0   0 | His CAT   0   0   0   0   0   0 | Arg CGT   0   0   0   0   0   0
    CTC   0   0   0   0   0   0 |     CCC   0   0   0   0   0   0 |     CAC   0   0   0   0   0   0 |     CGC   0   0   0   0   0   0
    CTA   0   0   0   0   0   0 |     CCA   0   0   0   0   0   0 | Gln CAA   0   0   0   0   0   0 |     CGA   0   0   0   0   0   0
    CTG   2   2   2   2   2   2 |     CCG   0   0   0   0   0   0 |     CAG   1   1   1   1   1   1 |     CGG   0   0   0   0   0   0
--------------------------------------------------------------------------------------------------------------------------------------
Ile ATT   0   0   0   0   0   0 | Thr ACT   0   0   0   0   0   0 | Asn AAT   0   0   0   0   0   0 | Ser AGT   0   0   0   0   0   0
    ATC   3   3   3   3   3   3 |     ACC   2   2   2   2   2   2 |     AAC   0   0   0   0   0   0 |     AGC   1   1   1   1   1   1
    ATA   0   0   0   0   0   0 |     ACA   0   0   0   0   0   0 | Lys AAA   0   0   0   0   0   0 | Arg AGA   1   1   1   1   1   1
Met ATG   1   1   1   1   1   1 |     ACG   0   0   0   0   0   0 |     AAG   1   1   1   1   1   1 |     AGG   0   0   0   0   0   0
--------------------------------------------------------------------------------------------------------------------------------------
Val GTT   0   0   0   0   0   0 | Ala GCT   0   0   0   0   0   0 | Asp GAT   2   2   2   2   2   2 | Gly GGT   0   0   0   0   0   0
    GTC   0   0   0   0   0   0 |     GCC   1   1   1   1   1   1 |     GAC   0   0   0   0   0   0 |     GGC   0   0   0   0   0   0
    GTA   0   0   0   0   0   0 |     GCA   0   0   0   0   0   0 | Glu GAA   1   1   1   1   2   1 |     GGA   0   0   0   0   0   0
    GTG   1   1   1   1   1   1 |     GCG   0   0   0   0   0   0 |     GAG   3   3   3   3   2   3 |     GGG   0   0   0   0   0   0
--------------------------------------------------------------------------------------------------------------------------------------

--------------------------------------------------------------------------------------------------------------------------------------
Phe TTT   0   0   0   0   0   0 | Ser TCT   0   0   0   0   0   0 | Tyr TAT   0   0   0   0   0   0 | Cys TGT   1   1   1   1   1   1
    TTC   1   1   1   1   1   1 |     TCC   0   0   0   0   0   0 |     TAC   1   1   1   1   1   1 |     TGC   0   0   0   0   0   0
Leu TTA   0   0   0   0   0   1 |     TCA   1   1   1   1   1   1 | *** TAA   0   0   0   0   0   0 | *** TGA   0   0   0   0   0   0
    TTG   1   1   2   1   1   0 |     TCG   0   0   0   0   0   0 |     TAG   0   0   0   0   0   0 | Trp TGG   0   0   0   0   0   0
--------------------------------------------------------------------------------------------------------------------------------------
Leu CTT   0   0   0   0   0   0 | Pro CCT   0   0   0   0   0   0 | His CAT   0   0   0   0   0   0 | Arg CGT   0   0   0   0   0   0
    CTC   0   0   0   0   0   0 |     CCC   0   0   0   0   0   0 |     CAC   0   0   0   0   0   0 |     CGC   0   0   0   0   0   0
    CTA   0   0   0   0   0   0 |     CCA   0   0   0   0   0   0 | Gln CAA   0   0   0   0   0   0 |     CGA   0   0   0   0   0   0
    CTG   2   2   1   2   2   2 |     CCG   0   0   0   0   0   0 |     CAG   1   1   1   1   1   1 |     CGG   0   0   0   0   0   0
--------------------------------------------------------------------------------------------------------------------------------------
Ile ATT   0   0   0   0   0   0 | Thr ACT   0   0   0   0   0   0 | Asn AAT   0   0   0   0   0   0 | Ser AGT   0   0   0   0   0   0
    ATC   3   3   2   3   3   3 |     ACC   2   2   3   2   2   2 |     AAC   0   0   0   0   0   0 |     AGC   1   1   1   1   1   1
    ATA   0   0   0   0   0   0 |     ACA   0   0   0   0   0   0 | Lys AAA   0   1   1   0   0   0 | Arg AGA   1   0   0   1   1   1
Met ATG   1   1   1   1   1   1 |     ACG   0   0   0   0   0   0 |     AAG   1   1   1   1   1   1 |     AGG   0   0   0   0   0   0
--------------------------------------------------------------------------------------------------------------------------------------
Val GTT   0   0   0   0   0   0 | Ala GCT   0   0   0   0   0   0 | Asp GAT   2   2   2   2   2   2 | Gly GGT   0   0   0   0   0   0
    GTC   0   0   0   0   0   0 |     GCC   1   1   1   1   1   1 |     GAC   1   0   0   0   0   0 |     GGC   0   0   0   0   0   0
    GTA   0   0   0   0   0   0 |     GCA   0   0   0   0   0   0 | Glu GAA   1   1   1   1   1   1 |     GGA   0   0   0   0   0   0
    GTG   1   1   1   1   1   1 |     GCG   0   0   0   0   0   0 |     GAG   2   3   3   3   3   3 |     GGG   0   0   0   0   0   0
--------------------------------------------------------------------------------------------------------------------------------------

Codon position x base (3x4) table for each sequence.

#1: Argali         
position  1:    T:0.20000    C:0.12000    A:0.36000    G:0.32000
position  2:    T:0.36000    C:0.16000    A:0.36000    G:0.12000
position  3:    T:0.12000    C:0.36000    A:0.12000    G:0.40000
Average         T:0.22667    C:0.21333    A:0.28000    G:0.28000

#2: LesserMouseDeer
position  1:    T:0.24000    C:0.08000    A:0.32000    G:0.36000
position  2:    T:0.36000    C:0.16000    A:0.36000    G:0.12000
position  3:    T:0.12000    C:0.36000    A:0.12000    G:0.40000
Average         T:0.24000    C:0.20000    A:0.26667    G:0.29333

#3: LesserKudu     
position  1:    T:0.20000    C:0.12000    A:0.36000    G:0.32000
position  2:    T:0.36000    C:0.16000    A:0.36000    G:0.12000
position  3:    T:0.12000    C:0.36000    A:0.12000    G:0.40000
Average         T:0.22667    C:0.21333    A:0.28000    G:0.28000

#4: ForestMuskDeer2
position  1:    T:0.20000    C:0.12000    A:0.36000    G:0.32000
position  2:    T:0.36000    C:0.16000    A:0.36000    G:0.12000
position  3:    T:0.12000    C:0.36000    A:0.12000    G:0.40000
Average         T:0.22667    C:0.21333    A:0.28000    G:0.28000

#5: Camel          
position  1:    T:0.20000    C:0.16000    A:0.32000    G:0.32000
position  2:    T:0.36000    C:0.16000    A:0.36000    G:0.12000
position  3:    T:0.12000    C:0.36000    A:0.12000    G:0.40000
Average         T:0.22667    C:0.22667    A:0.26667    G:0.28000

#6: KillerWhale    
position  1:    T:0.20000    C:0.12000    A:0.32000    G:0.36000
position  2:    T:0.36000    C:0.16000    A:0.36000    G:0.12000
position  3:    T:0.12000    C:0.36000    A:0.12000    G:0.40000
Average         T:0.22667    C:0.21333    A:0.26667    G:0.29333

#7: DefassaWaterbuck
position  1:    T:0.20000    C:0.12000    A:0.36000    G:0.32000
position  2:    T:0.36000    C:0.16000    A:0.36000    G:0.12000
position  3:    T:0.12000    C:0.36000    A:0.12000    G:0.40000
Average         T:0.22667    C:0.21333    A:0.28000    G:0.28000

#8: Sheep          
position  1:    T:0.20000    C:0.12000    A:0.36000    G:0.32000
position  2:    T:0.36000    C:0.16000    A:0.36000    G:0.12000
position  3:    T:0.12000    C:0.36000    A:0.12000    G:0.40000
Average         T:0.22667    C:0.21333    A:0.28000    G:0.28000

#9: MaxwellsDuiker 
position  1:    T:0.20000    C:0.12000    A:0.36000    G:0.32000
position  2:    T:0.36000    C:0.16000    A:0.36000    G:0.12000
position  3:    T:0.12000    C:0.36000    A:0.16000    G:0.36000
Average         T:0.22667    C:0.21333    A:0.29333    G:0.26667

#10: GazellaPrzewalskyi
position  1:    T:0.20000    C:0.12000    A:0.36000    G:0.32000
position  2:    T:0.36000    C:0.16000    A:0.36000    G:0.12000
position  3:    T:0.12000    C:0.40000    A:0.12000    G:0.36000
Average         T:0.22667    C:0.22667    A:0.28000    G:0.26667

#11: MountainNyala  
position  1:    T:0.20000    C:0.12000    A:0.36000    G:0.32000
position  2:    T:0.36000    C:0.16000    A:0.36000    G:0.12000
position  3:    T:0.12000    C:0.36000    A:0.12000    G:0.40000
Average         T:0.22667    C:0.21333    A:0.28000    G:0.28000

#12: MuntiacusMuntjak
position  1:    T:0.20000    C:0.12000    A:0.36000    G:0.32000
position  2:    T:0.36000    C:0.16000    A:0.36000    G:0.12000
position  3:    T:0.12000    C:0.36000    A:0.12000    G:0.40000
Average         T:0.22667    C:0.21333    A:0.28000    G:0.28000

#13: goat           
position  1:    T:0.20000    C:0.12000    A:0.36000    G:0.32000
position  2:    T:0.36000    C:0.16000    A:0.36000    G:0.12000
position  3:    T:0.12000    C:0.36000    A:0.20000    G:0.32000
Average         T:0.22667    C:0.21333    A:0.30667    G:0.25333

#14: AfricanBuffalo 
position  1:    T:0.20000    C:0.12000    A:0.36000    G:0.32000
position  2:    T:0.36000    C:0.16000    A:0.36000    G:0.12000
position  3:    T:0.16000    C:0.32000    A:0.12000    G:0.40000
Average         T:0.24000    C:0.20000    A:0.28000    G:0.28000

#15: Topi           
position  1:    T:0.20000    C:0.12000    A:0.36000    G:0.32000
position  2:    T:0.36000    C:0.16000    A:0.36000    G:0.12000
position  3:    T:0.16000    C:0.32000    A:0.12000    G:0.40000
Average         T:0.24000    C:0.20000    A:0.28000    G:0.28000

#16: CommonDuiker   
position  1:    T:0.20000    C:0.12000    A:0.36000    G:0.32000
position  2:    T:0.36000    C:0.16000    A:0.36000    G:0.12000
position  3:    T:0.12000    C:0.36000    A:0.12000    G:0.40000
Average         T:0.22667    C:0.21333    A:0.28000    G:0.28000

#17: Suni           
position  1:    T:0.20000    C:0.12000    A:0.36000    G:0.32000
position  2:    T:0.40000    C:0.12000    A:0.36000    G:0.12000
position  3:    T:0.12000    C:0.36000    A:0.12000    G:0.40000
Average         T:0.24000    C:0.20000    A:0.28000    G:0.28000

#18: Springbuck     
position  1:    T:0.20000    C:0.12000    A:0.36000    G:0.32000
position  2:    T:0.36000    C:0.16000    A:0.36000    G:0.12000
position  3:    T:0.16000    C:0.32000    A:0.12000    G:0.40000
Average         T:0.24000    C:0.20000    A:0.28000    G:0.28000

#19: Okapi          
position  1:    T:0.20000    C:0.12000    A:0.36000    G:0.32000
position  2:    T:0.36000    C:0.16000    A:0.36000    G:0.12000
position  3:    T:0.12000    C:0.36000    A:0.16000    G:0.36000
Average         T:0.22667    C:0.21333    A:0.29333    G:0.26667

#20: Giraffe        
position  1:    T:0.20000    C:0.12000    A:0.36000    G:0.32000
position  2:    T:0.36000    C:0.16000    A:0.36000    G:0.12000
position  3:    T:0.12000    C:0.40000    A:0.20000    G:0.28000
Average         T:0.22667    C:0.22667    A:0.30667    G:0.24000

#21: TibetanAntelope
position  1:    T:0.20000    C:0.12000    A:0.36000    G:0.32000
position  2:    T:0.36000    C:0.16000    A:0.36000    G:0.12000
position  3:    T:0.12000    C:0.36000    A:0.12000    G:0.40000
Average         T:0.22667    C:0.21333    A:0.28000    G:0.28000

#22: Sitatunga      
position  1:    T:0.20000    C:0.12000    A:0.36000    G:0.32000
position  2:    T:0.36000    C:0.16000    A:0.36000    G:0.12000
position  3:    T:0.12000    C:0.36000    A:0.12000    G:0.40000
Average         T:0.22667    C:0.21333    A:0.28000    G:0.28000

#23: Oribi          
position  1:    T:0.20000    C:0.12000    A:0.36000    G:0.32000
position  2:    T:0.36000    C:0.16000    A:0.36000    G:0.12000
position  3:    T:0.12000    C:0.36000    A:0.08000    G:0.44000
Average         T:0.22667    C:0.21333    A:0.26667    G:0.29333

#24: BarbarySheep   
position  1:    T:0.20000    C:0.12000    A:0.36000    G:0.32000
position  2:    T:0.36000    C:0.16000    A:0.36000    G:0.12000
position  3:    T:0.12000    C:0.36000    A:0.12000    G:0.40000
Average         T:0.22667    C:0.21333    A:0.28000    G:0.28000

#25: Daviddeer      
position  1:    T:0.20000    C:0.12000    A:0.36000    G:0.32000
position  2:    T:0.36000    C:0.16000    A:0.36000    G:0.12000
position  3:    T:0.12000    C:0.36000    A:0.12000    G:0.40000
Average         T:0.22667    C:0.21333    A:0.28000    G:0.28000

#26: Reindeer       
position  1:    T:0.20000    C:0.12000    A:0.36000    G:0.32000
position  2:    T:0.36000    C:0.16000    A:0.36000    G:0.12000
position  3:    T:0.12000    C:0.36000    A:0.12000    G:0.40000
Average         T:0.22667    C:0.21333    A:0.28000    G:0.28000

#27: Ibex           
position  1:    T:0.20000    C:0.12000    A:0.36000    G:0.32000
position  2:    T:0.36000    C:0.16000    A:0.36000    G:0.12000
position  3:    T:0.12000    C:0.36000    A:0.16000    G:0.36000
Average         T:0.22667    C:0.21333    A:0.29333    G:0.26667

#28: GyrantGazelle  
position  1:    T:0.20000    C:0.12000    A:0.36000    G:0.32000
position  2:    T:0.36000    C:0.16000    A:0.36000    G:0.12000
position  3:    T:0.16000    C:0.32000    A:0.12000    G:0.40000
Average         T:0.24000    C:0.20000    A:0.28000    G:0.28000

#29: Hartebeest     
position  1:    T:0.20000    C:0.12000    A:0.36000    G:0.32000
position  2:    T:0.36000    C:0.16000    A:0.36000    G:0.12000
position  3:    T:0.16000    C:0.32000    A:0.12000    G:0.40000
Average         T:0.24000    C:0.20000    A:0.28000    G:0.28000

#30: Bongo          
position  1:    T:0.20000    C:0.12000    A:0.36000    G:0.32000
position  2:    T:0.36000    C:0.16000    A:0.36000    G:0.12000
position  3:    T:0.12000    C:0.36000    A:0.16000    G:0.36000
Average         T:0.22667    C:0.21333    A:0.29333    G:0.26667

#31: Gerenuk        
position  1:    T:0.20000    C:0.12000    A:0.36000    G:0.32000
position  2:    T:0.36000    C:0.16000    A:0.36000    G:0.12000
position  3:    T:0.16000    C:0.32000    A:0.12000    G:0.40000
Average         T:0.24000    C:0.20000    A:0.28000    G:0.28000

#32: CommonEland    
position  1:    T:0.20000    C:0.12000    A:0.36000    G:0.32000
position  2:    T:0.36000    C:0.16000    A:0.36000    G:0.12000
position  3:    T:0.12000    C:0.36000    A:0.12000    G:0.40000
Average         T:0.22667    C:0.21333    A:0.28000    G:0.28000

#33: MuntiacusReevesi
position  1:    T:0.20000    C:0.12000    A:0.36000    G:0.32000
position  2:    T:0.36000    C:0.16000    A:0.36000    G:0.12000
position  3:    T:0.12000    C:0.36000    A:0.12000    G:0.40000
Average         T:0.22667    C:0.21333    A:0.28000    G:0.28000

#34: HarveysDuiker  
position  1:    T:0.20000    C:0.12000    A:0.36000    G:0.32000
position  2:    T:0.36000    C:0.16000    A:0.36000    G:0.12000
position  3:    T:0.12000    C:0.36000    A:0.12000    G:0.40000
Average         T:0.22667    C:0.21333    A:0.28000    G:0.28000

#35: Pronghorn      
position  1:    T:0.20000    C:0.12000    A:0.36000    G:0.32000
position  2:    T:0.36000    C:0.16000    A:0.36000    G:0.12000
position  3:    T:0.12000    C:0.36000    A:0.12000    G:0.40000
Average         T:0.22667    C:0.21333    A:0.28000    G:0.28000

#36: BlueWildebeest 
position  1:    T:0.20000    C:0.12000    A:0.36000    G:0.32000
position  2:    T:0.36000    C:0.16000    A:0.36000    G:0.12000
position  3:    T:0.16000    C:0.32000    A:0.12000    G:0.40000
Average         T:0.24000    C:0.20000    A:0.28000    G:0.28000

#37: Gemsbok        
position  1:    T:0.20000    C:0.12000    A:0.36000    G:0.32000
position  2:    T:0.36000    C:0.16000    A:0.36000    G:0.12000
position  3:    T:0.16000    C:0.32000    A:0.12000    G:0.40000
Average         T:0.24000    C:0.20000    A:0.28000    G:0.28000

#38: Yak            
position  1:    T:0.20000    C:0.12000    A:0.36000    G:0.32000
position  2:    T:0.36000    C:0.16000    A:0.36000    G:0.12000
position  3:    T:0.12000    C:0.36000    A:0.16000    G:0.36000
Average         T:0.22667    C:0.21333    A:0.29333    G:0.26667

#39: BlueSheep      
position  1:    T:0.20000    C:0.12000    A:0.36000    G:0.32000
position  2:    T:0.36000    C:0.16000    A:0.36000    G:0.12000
position  3:    T:0.12000    C:0.36000    A:0.12000    G:0.40000
Average         T:0.22667    C:0.21333    A:0.28000    G:0.28000

#40: BohorReedbuck  
position  1:    T:0.20000    C:0.12000    A:0.36000    G:0.32000
position  2:    T:0.36000    C:0.16000    A:0.36000    G:0.12000
position  3:    T:0.12000    C:0.36000    A:0.12000    G:0.40000
Average         T:0.22667    C:0.21333    A:0.28000    G:0.28000

#41: KirksDik       
position  1:    T:0.20000    C:0.12000    A:0.36000    G:0.32000
position  2:    T:0.36000    C:0.16000    A:0.36000    G:0.12000
position  3:    T:0.12000    C:0.36000    A:0.12000    G:0.40000
Average         T:0.22667    C:0.21333    A:0.28000    G:0.28000

#42: RoeDeer        
position  1:    T:0.20000    C:0.12000    A:0.36000    G:0.32000
position  2:    T:0.36000    C:0.16000    A:0.36000    G:0.12000
position  3:    T:0.16000    C:0.32000    A:0.12000    G:0.40000
Average         T:0.24000    C:0.20000    A:0.28000    G:0.28000

#43: WhiteLippedDeer
position  1:    T:0.20000    C:0.12000    A:0.36000    G:0.32000
position  2:    T:0.36000    C:0.16000    A:0.36000    G:0.12000
position  3:    T:0.12000    C:0.36000    A:0.12000    G:0.40000
Average         T:0.22667    C:0.21333    A:0.28000    G:0.28000

#44: ThomsonGazelle 
position  1:    T:0.20000    C:0.12000    A:0.36000    G:0.32000
position  2:    T:0.36000    C:0.16000    A:0.36000    G:0.12000
position  3:    T:0.16000    C:0.32000    A:0.12000    G:0.40000
Average         T:0.24000    C:0.20000    A:0.28000    G:0.28000

#45: MuntiacusCrinifrons
position  1:    T:0.20000    C:0.12000    A:0.36000    G:0.32000
position  2:    T:0.36000    C:0.16000    A:0.36000    G:0.12000
position  3:    T:0.12000    C:0.36000    A:0.12000    G:0.40000
Average         T:0.22667    C:0.21333    A:0.28000    G:0.28000

#46: WhiteTailedDeer
position  1:    T:0.20000    C:0.12000    A:0.36000    G:0.32000
position  2:    T:0.36000    C:0.16000    A:0.36000    G:0.12000
position  3:    T:0.12000    C:0.36000    A:0.12000    G:0.40000
Average         T:0.22667    C:0.21333    A:0.28000    G:0.28000

#47: Cattle         
position  1:    T:0.20000    C:0.12000    A:0.36000    G:0.32000
position  2:    T:0.36000    C:0.16000    A:0.36000    G:0.12000
position  3:    T:0.12000    C:0.36000    A:0.16000    G:0.36000
Average         T:0.22667    C:0.21333    A:0.29333    G:0.26667

#48: RoyalAntelope  
position  1:    T:0.20000    C:0.12000    A:0.36000    G:0.32000
position  2:    T:0.36000    C:0.16000    A:0.36000    G:0.12000
position  3:    T:0.12000    C:0.36000    A:0.12000    G:0.40000
Average         T:0.22667    C:0.21333    A:0.28000    G:0.28000

#49: Steenbok       
position  1:    T:0.20000    C:0.12000    A:0.36000    G:0.32000
position  2:    T:0.36000    C:0.16000    A:0.36000    G:0.12000
position  3:    T:0.12000    C:0.40000    A:0.12000    G:0.36000
Average         T:0.22667    C:0.22667    A:0.28000    G:0.26667

#50: Impala         
position  1:    T:0.20000    C:0.12000    A:0.36000    G:0.32000
position  2:    T:0.36000    C:0.16000    A:0.40000    G:0.08000
position  3:    T:0.12000    C:0.36000    A:0.12000    G:0.40000
Average         T:0.22667    C:0.21333    A:0.29333    G:0.26667

#51: Klipspringer   
position  1:    T:0.24000    C:0.08000    A:0.36000    G:0.32000
position  2:    T:0.32000    C:0.20000    A:0.40000    G:0.08000
