CODONML (in paml version 4.10.7, June 2023)  /home/rachel/ruminants_paml/6406-phy-tree/ENSBTAT00000050183.fasta.phy
Model: free dN/dS Ratios for branches,  kappa = 2.000 fixed

Codon frequency model: F3x4
ns =  54  ls =  17

Codon usage in sequences
--------------------------------------------------------------------------------------------------------------------------------------
Phe TTT   0   0   0   0   0   0 | Ser TCT   0   0   0   0   0   0 | Tyr TAT   0   0   0   0   0   0 | Cys TGT   0   0   0   0   0   0
    TTC   0   0   0   0   0   0 |     TCC   0   0   0   0   0   0 |     TAC   0   0   0   0   0   0 |     TGC   0   0   0   0   0   0
Leu TTA   0   0   0   0   0   0 |     TCA   0   0   0   0   0   0 | *** TAA   0   0   0   0   0   0 | *** TGA   0   0   0   0   0   0
    TTG   0   0   0   0   1   0 |     TCG   0   0   0   0   0   0 |     TAG   0   0   0   0   0   0 | Trp TGG   0   0   0   0   0   0
--------------------------------------------------------------------------------------------------------------------------------------
Leu CTT   0   0   0   0   0   0 | Pro CCT   0   0   0   0   0   0 | His CAT   0   0   0   0   0   0 | Arg CGT   0   0   0   0   0   0
    CTC   1   0   1   1   0   0 |     CCC   0   0   0   0   0   0 |     CAC   1   1   1   1   1   1 |     CGC   0   0   0   0   0   0
    CTA   0   0   0   0   0   1 |     CCA   0   0   0   0   0   0 | Gln CAA   0   0   0   0   1   0 |     CGA   1   1   1   1   0   1
    CTG   1   1   1   1   0   1 |     CCG   0   0   0   0   0   0 |     CAG   1   1   1   1   1   1 |     CGG   1   1   1   1   1   1
--------------------------------------------------------------------------------------------------------------------------------------
Ile ATT   0   0   0   0   0   0 | Thr ACT   0   0   0   0   0   0 | Asn AAT   0   0   0   0   0   1 | Ser AGT   0   0   0   0   0   0
    ATC   0   0   0   0   0   0 |     ACC   0   0   1   0   0   0 |     AAC   1   1   1   1   1   0 |     AGC   0   0   0   0   0   0
    ATA   0   0   0   0   0   0 |     ACA   0   0   0   0   0   0 | Lys AAA   0   0   0   0   0   0 | Arg AGA   0   0   0   0   0   0
Met ATG   1   1   1   1   1   1 |     ACG   0   0   0   0   0   0 |     AAG   3   3   2   3   3   3 |     AGG   0   0   1   0   0   0
--------------------------------------------------------------------------------------------------------------------------------------
Val GTT   0   0   0   0   0   0 | Ala GCT   0   0   0   0   1   1 | Asp GAT   0   0   0   0   0   0 | Gly GGT   0   0   0   0   0   0
    GTC   0   0   0   0   0   0 |     GCC   6   5   5   6   4   4 |     GAC   0   0   0   0   0   0 |     GGC   0   0   0   0   0   0
    GTA   0   0   0   0   0   0 |     GCA   0   1   0   0   0   1 | Glu GAA   0   0   0   0   0   0 |     GGA   0   0   0   0   0   0
    GTG   0   1   0   0   1   0 |     GCG   0   0   0   0   1   0 |     GAG   0   0   0   0   0   0 |     GGG   0   0   0   0   0   0
--------------------------------------------------------------------------------------------------------------------------------------

--------------------------------------------------------------------------------------------------------------------------------------
Phe TTT   0   0   0   0   0   0 | Ser TCT   0   0   0   0   0   0 | Tyr TAT   0   0   0   0   0   0 | Cys TGT   0   0   0   0   0   0
    TTC   0   0   0   0   0   0 |     TCC   0   0   0   0   0   0 |     TAC   0   0   0   0   0   0 |     TGC   0   0   0   0   0   0
Leu TTA   0   0   0   0   0   0 |     TCA   0   0   0   0   0   0 | *** TAA   0   0   0   0   0   0 | *** TGA   0   0   0   0   0   0
    TTG   0   0   0   0   0   0 |     TCG   0   0   0   0   0   0 |     TAG   0   0   0   0   0   0 | Trp TGG   0   0   0   0   0   0
--------------------------------------------------------------------------------------------------------------------------------------
Leu CTT   0   0   0   0   0   0 | Pro CCT   0   0   0   0   0   0 | His CAT   0   0   0   0   0   0 | Arg CGT   0   0   0   0   0   0
    CTC   1   1   1   1   1   1 |     CCC   0   0   0   0   0   0 |     CAC   1   1   1   1   1   1 |     CGC   0   0   0   1   0   0
    CTA   0   0   0   0   0   0 |     CCA   0   0   0   0   0   0 | Gln CAA   0   0   0   0   0   0 |     CGA   1   1   1   0   1   1
    CTG   1   1   1   1   1   1 |     CCG   0   0   0   0   0   0 |     CAG   1   1   1   1   1   1 |     CGG   1   1   1   1   1   1
--------------------------------------------------------------------------------------------------------------------------------------
Ile ATT   0   0   0   0   0   0 | Thr ACT   0   0   0   0   0   0 | Asn AAT   0   0   0   0   0   1 | Ser AGT   0   0   0   0   0   0
    ATC   0   0   0   0   0   0 |     ACC   0   0   0   0   0   0 |     AAC   1   1   1   1   1   0 |     AGC   0   0   0   0   0   0
    ATA   0   0   0   0   0   0 |     ACA   0   0   0   0   0   0 | Lys AAA   0   0   0   0   0   0 | Arg AGA   0   0   0   0   0   0
Met ATG   1   1   1   1   1   1 |     ACG   0   0   0   0   0   0 |     AAG   3   3   3   3   3   3 |     AGG   0   0   0   0   0   0
--------------------------------------------------------------------------------------------------------------------------------------
Val GTT   0   0   0   0   0   0 | Ala GCT   0   0   1   0   0   0 | Asp GAT   0   0   0   0   0   0 | Gly GGT   0   0   0   0   0   0
    GTC   0   0   0   0   0   0 |     GCC   6   6   5   6   6   6 |     GAC   0   0   0   0   0   0 |     GGC   0   0   0   0   0   0
    GTA   0   0   0   0   0   0 |     GCA   0   0   0   0   0   0 | Glu GAA   0   0   0   0   0   0 |     GGA   0   0   0   0   0   0
    GTG   0   0   0   0   0   0 |     GCG   0   0   0   0   0   0 |     GAG   0   0   0   0   0   0 |     GGG   0   0   0   0   0   0
--------------------------------------------------------------------------------------------------------------------------------------

--------------------------------------------------------------------------------------------------------------------------------------
Phe TTT   0   0   0   0   0   0 | Ser TCT   0   0   0   0   0   0 | Tyr TAT   0   0   0   0   0   0 | Cys TGT   0   0   0   0   0   0
    TTC   0   0   0   0   0   0 |     TCC   0   0   0   0   0   0 |     TAC   0   0   0   0   0   0 |     TGC   0   0   0   0   0   0
Leu TTA   0   0   0   0   0   0 |     TCA   0   0   0   0   0   0 | *** TAA   0   0   0   0   0   0 | *** TGA   0   0   0   0   0   0
    TTG   0   0   0   0   0   0 |     TCG   0   0   0   0   0   0 |     TAG   0   0   0   0   0   0 | Trp TGG   0   0   0   0   0   0
--------------------------------------------------------------------------------------------------------------------------------------
Leu CTT   0   0   0   0   0   0 | Pro CCT   0   0   0   0   0   0 | His CAT   0   0   0   0   0   0 | Arg CGT   0   0   0   0   0   0
    CTC   1   1   1   1   1   1 |     CCC   0   0   0   0   0   0 |     CAC   1   1   1   1   1   1 |     CGC   0   0   0   0   0   0
    CTA   0   0   0   0   0   0 |     CCA   0   0   0   0   0   0 | Gln CAA   0   0   0   0   0   0 |     CGA   1   1   1   1   1   1
    CTG   1   1   1   1   1   1 |     CCG   0   0   0   0   0   0 |     CAG   1   1   1   1   1   1 |     CGG   1   1   1   1   1   1
--------------------------------------------------------------------------------------------------------------------------------------
Ile ATT   0   0   0   0   0   0 | Thr ACT   0   0   0   0   0   0 | Asn AAT   1   0   0   0   0   0 | Ser AGT   0   0   0   0   0   0
    ATC   0   0   0   0   0   0 |     ACC   0   0   0   0   0   0 |     AAC   0   1   1   1   1   1 |     AGC   0   0   0   0   0   0
    ATA   0   0   0   0   0   0 |     ACA   0   0   0   0   0   0 | Lys AAA   0   0   0   0   0   0 | Arg AGA   0   0   0   0   0   0
Met ATG   1   1   1   1   1   1 |     ACG   0   0   0   0   0   0 |     AAG   3   3   3   3   3   3 |     AGG   0   0   0   0   0   0
--------------------------------------------------------------------------------------------------------------------------------------
Val GTT   0   0   0   0   0   0 | Ala GCT   0   0   0   0   1   0 | Asp GAT   0   0   0   0   0   0 | Gly GGT   0   0   0   0   0   0
    GTC   0   0   0   0   0   0 |     GCC   6   6   6   6   5   6 |     GAC   0   0   0   0   0   0 |     GGC   0   0   0   0   0   0
    GTA   0   0   0   0   0   0 |     GCA   0   0   0   0   0   0 | Glu GAA   0   0   0   0   0   0 |     GGA   0   0   0   0   0   0
    GTG   0   0   0   0   0   0 |     GCG   0   0   0   0   0   0 |     GAG   0   0   0   0   0   0 |     GGG   0   0   0   0   0   0
--------------------------------------------------------------------------------------------------------------------------------------

--------------------------------------------------------------------------------------------------------------------------------------
Phe TTT   0   0   0   0   0   0 | Ser TCT   0   0   0   0   0   0 | Tyr TAT   0   0   0   0   0   0 | Cys TGT   0   0   0   0   0   0
    TTC   0   0   0   0   0   0 |     TCC   0   0   0   0   0   0 |     TAC   0   0   0   0   0   0 |     TGC   0   0   0   0   0   0
Leu TTA   0   0   0   0   0   0 |     TCA   0   0   0   0   0   0 | *** TAA   0   0   0   0   0   0 | *** TGA   0   0   0   0   0   0
    TTG   0   0   0   0   0   0 |     TCG   0   0   0   0   0   0 |     TAG   0   0   0   0   0   0 | Trp TGG   0   0   0   0   0   0
--------------------------------------------------------------------------------------------------------------------------------------
Leu CTT   0   0   0   0   0   0 | Pro CCT   0   0   0   0   0   0 | His CAT   0   0   0   0   0   0 | Arg CGT   0   0   0   0   0   0
    CTC   1   1   1   1   1   1 |     CCC   0   0   0   0   0   0 |     CAC   0   1   1   1   1   1 |     CGC   0   0   0   0   0   0
    CTA   1   1   0   0   0   0 |     CCA   0   0   0   0   0   0 | Gln CAA   0   1   0   0   0   0 |     CGA   1   1   1   1   1   1
    CTG   0   0   1   1   1   1 |     CCG   0   0   0   0   0   0 |     CAG   2   0   1   2   1   1 |     CGG   1   1   1   0   1   1
--------------------------------------------------------------------------------------------------------------------------------------
Ile ATT   0   0   0   0   0   0 | Thr ACT   0   0   0   0   0   0 | Asn AAT   0   0   0   0   0   0 | Ser AGT   0   0   0   0   0   0
    ATC   0   0   0   0   0   0 |     ACC   0   0   0   0   0   0 |     AAC   1   1   1   1   1   1 |     AGC   0   0   0   0   0   0
    ATA   0   0   0   0   0   0 |     ACA   0   0   0   0   0   0 | Lys AAA   0   0   0   0   0   0 | Arg AGA   0   0   0   0   0   0
Met ATG   1   1   1   1   1   1 |     ACG   0   0   0   0   0   0 |     AAG   3   3   3   3   3   3 |     AGG   0   0   0   0   0   0
--------------------------------------------------------------------------------------------------------------------------------------
Val GTT   0   0   0   0   0   0 | Ala GCT   0   0   1   0   0   0 | Asp GAT   0   0   0   0   0   0 | Gly GGT   0   0   0   0   0   0
    GTC   0   0   0   1   0   0 |     GCC   6   6   5   5   6   6 |     GAC   0   0   0   0   0   0 |     GGC   0   0   0   0   0   0
    GTA   0   0   0   0   0   0 |     GCA   0   0   0   0   0   0 | Glu GAA   0   0   0   0   0   0 |     GGA   0   0   0   0   0   0
    GTG   0   0   0   0   0   0 |     GCG   0   0   0   0   0   0 |     GAG   0   0   0   0   0   0 |     GGG   0   0   0   0   0   0
--------------------------------------------------------------------------------------------------------------------------------------

--------------------------------------------------------------------------------------------------------------------------------------
Phe TTT   0   0   0   0   0   0 | Ser TCT   0   0   0   0   0   0 | Tyr TAT   0   0   0   0   0   0 | Cys TGT   0   0   0   0   0   0
    TTC   0   0   0   0   0   0 |     TCC   0   0   0   0   0   0 |     TAC   0   0   0   0   0   0 |     TGC   0   0   0   0   0   0
Leu TTA   0   0   0   0   0   0 |     TCA   0   0   0   0   0   0 | *** TAA   0   0   0   0   0   0 | *** TGA   0   0   0   0   0   0
    TTG   0   0   0   0   0   0 |     TCG   0   0   0   0   0   0 |     TAG   0   0   0   0   0   0 | Trp TGG   0   0   0   0   0   0
--------------------------------------------------------------------------------------------------------------------------------------
Leu CTT   0   0   0   0   0   0 | Pro CCT   0   0   0   0   0   0 | His CAT   0   0   0   0   0   0 | Arg CGT   0   0   0   0   0   0
    CTC   1   1   1   1   1   1 |     CCC   0   0   0   0   0   0 |     CAC   1   1   1   1   1   1 |     CGC   0   0   0   0   0   0
    CTA   0   0   0   0   0   0 |     CCA   0   0   0   0   0   0 | Gln CAA   0   0   0   0   0   0 |     CGA   1   0   1   1   1   1
    CTG   1   1   1   1   1   1 |     CCG   0   0   0   0   0   0 |     CAG   1   1   1   1   1   1 |     CGG   1   1   1   1   1   1
--------------------------------------------------------------------------------------------------------------------------------------
Ile ATT   0   0   0   0   0   0 | Thr ACT   0   0   0   0   0   0 | Asn AAT   1   1   1   0   0   0 | Ser AGT   0   0   0   0   0   0
    ATC   0   0   0   0   0   0 |     ACC   0   0   0   0   0   0 |     AAC   0   0   0   1   1   1 |     AGC   0   0   0   0   0   0
    ATA   0   0   0   0   0   0 |     ACA   0   0   0   0   0   0 | Lys AAA   0   0   0   0   0   0 | Arg AGA   0   1   0   0   0   0
Met ATG   1   1   1   1   1   1 |     ACG   0   0   0   0   0   0 |     AAG   3   3   3   3   3   3 |     AGG   0   0   0   0   0   0
--------------------------------------------------------------------------------------------------------------------------------------
Val GTT   0   0   0   0   0   0 | Ala GCT   0   0   0   0   0   0 | Asp GAT   0   0   0   0   0   0 | Gly GGT   0   0   0   0   0   0
    GTC   0   0   0   0   0   0 |     GCC   6   6   6   6   6   6 |     GAC   0   0   0   0   0   0 |     GGC   0   0   0   0   0   0
    GTA   0   0   0   0   0   0 |     GCA   0   0   0   0   0   0 | Glu GAA   0   0   0   0   0   0 |     GGA   0   0   0   0   0   0
    GTG   0   0   0   0   0   0 |     GCG   0   0   0   0   0   0 |     GAG   0   0   0   0   0   0 |     GGG   0   0   0   0   0   0
--------------------------------------------------------------------------------------------------------------------------------------

--------------------------------------------------------------------------------------------------------------------------------------
Phe TTT   0   0   0   0   0   0 | Ser TCT   0   0   0   0   0   0 | Tyr TAT   0   0   0   0   0   0 | Cys TGT   0   0   0   0   0   0
    TTC   0   0   0   0   0   0 |     TCC   0   0   0   0   0   0 |     TAC   0   0   0   0   0   0 |     TGC   0   0   0   0   0   0
Leu TTA   0   0   0   0   0   0 |     TCA   0   0   0   0   0   0 | *** TAA   0   0   0   0   0   0 | *** TGA   0   0   0   0   0   0
    TTG   0   0   0   0   0   0 |     TCG   0   0   0   0   0   0 |     TAG   0   0   0   0   0   0 | Trp TGG   0   0   0   0   0   0
--------------------------------------------------------------------------------------------------------------------------------------
Leu CTT   0   0   0   0   0   0 | Pro CCT   0   0   0   0   0   0 | His CAT   0   0   0   0   0   0 | Arg CGT   0   0   0   0   0   0
    CTC   1   1   1   1   1   1 |     CCC   0   0   0   0   0   0 |     CAC   1   1   1   1   1   1 |     CGC   0   0   0   0   0   0
    CTA   0   0   0   0   0   0 |     CCA   0   0   0   0   0   0 | Gln CAA   0   0   0   0   0   0 |     CGA   1   1   1   1   1   1
    CTG   1   1   1   1   1   1 |     CCG   0   0   0   0   0   0 |     CAG   1   1   1   1   1   1 |     CGG   1   1   1   1   1   1
--------------------------------------------------------------------------------------------------------------------------------------
Ile ATT   0   0   0   0   0   0 | Thr ACT   0   0   0   0   0   0 | Asn AAT   0   0   1   0   0   0 | Ser AGT   0   0   0   0   0   0
    ATC   0   0   0   0   0   0 |     ACC   0   0   0   0   0   0 |     AAC   1   1   0   1   1   1 |     AGC   0   0   0   0   0   0
    ATA   0   0   0   0   0   0 |     ACA   0   0   0   0   0   0 | Lys AAA   0   0   0   0   0   0 | Arg AGA   0   0   0   0   0   0
Met ATG   1   1   1   1   1   1 |     ACG   0   0   0   0   0   0 |     AAG   3   3   3   3   3   3 |     AGG   0   0   0   0   0   0
--------------------------------------------------------------------------------------------------------------------------------------
Val GTT   0   0   0   0   0   0 | Ala GCT   0   0   0   0   0   0 | Asp GAT   0   0   0   0   0   0 | Gly GGT   0   0   0   0   0   0
    GTC   0   0   0   0   0   0 |     GCC   6   6   6   6   6   6 |     GAC   0   0   0   0   0   0 |     GGC   0   0   0   0   0   0
    GTA   0   0   0   0   0   0 |     GCA   0   0   0   0   0   0 | Glu GAA   0   0   0   0   0   0 |     GGA   0   0   0   0   0   0
    GTG   0   0   0   0   0   0 |     GCG   0   0   0   0   0   0 |     GAG   0   0   0   0   0   0 |     GGG   0   0   0   0   0   0
--------------------------------------------------------------------------------------------------------------------------------------

--------------------------------------------------------------------------------------------------------------------------------------
Phe TTT   0   0   0   0   0   0 | Ser TCT   0   0   0   0   0   0 | Tyr TAT   0   0   0   0   0   0 | Cys TGT   0   0   0   0   0   0
    TTC   0   0   0   0   0   0 |     TCC   0   0   0   0   0   0 |     TAC   0   0   0   0   0   0 |     TGC   0   0   0   0   0   0
Leu TTA   0   0   0   0   0   0 |     TCA   0   0   0   0   0   0 | *** TAA   0   0   0   0   0   0 | *** TGA   0   0   0   0   0   0
    TTG   0   0   0   0   0   0 |     TCG   0   0   0   0   0   0 |     TAG   0   0   0   0   0   0 | Trp TGG   0   0   0   0   0   0
--------------------------------------------------------------------------------------------------------------------------------------
Leu CTT   0   0   0   0   0   0 | Pro CCT   0   0   0   0   0   0 | His CAT   0   0   0   0   0   0 | Arg CGT   0   0   0   0   0   0
    CTC   1   1   1   1   1   1 |     CCC   0   0   0   0   0   0 |     CAC   1   1   1   1   1   1 |     CGC   0   0   1   0   0   0
    CTA   0   0   0   0   0   0 |     CCA   0   0   0   0   0   0 | Gln CAA   0   0   0   0   0   0 |     CGA   1   1   0   1   1   1
    CTG   1   1   1   1   1   1 |     CCG   0   0   0   0   0   0 |     CAG   1   1   1   1   1   1 |     CGG   1   1   1   1   1   1
--------------------------------------------------------------------------------------------------------------------------------------
Ile ATT   0   0   0   0   0   0 | Thr ACT   0   0   0   0   0   0 | Asn AAT   0   0   0   0   0   1 | Ser AGT   0   0   0   0   0   0
    ATC   0   0   0   0   0   0 |     ACC   0   0   1   0   0   0 |     AAC   1   1   1   1   1   0 |     AGC   0   0   0   0   0   0
    ATA   0   0   0   0   0   0 |     ACA   0   0   0   0   0   0 | Lys AAA   0   0   0   0   0   0 | Arg AGA   0   0   0   0   0   0
Met ATG   1   1   1   1   1   1 |     ACG   0   0   0   0   0   0 |     AAG   3   3   3   3   3   3 |     AGG   0   0   0   0   0   0
--------------------------------------------------------------------------------------------------------------------------------------
Val GTT   0   0   0   0   0   0 | Ala GCT   0   0   0   2   1   1 | Asp GAT   0   0   0   0   0   0 | Gly GGT   0   0   0   0   0   0
    GTC   0   0   0   0   0   0 |     GCC   6   6   5   4   4   5 |     GAC   0   0   0   0   0   0 |     GGC   0   0   0   0   0   0
    GTA   0   0   0   0   0   0 |     GCA   0   0   0   0   0   0 | Glu GAA   0   0   0   0   0   0 |     GGA   0   0   0   0   0   0
    GTG   0   0   0   0   0   0 |     GCG   0   0   0   0   1   0 |     GAG   0   0   0   0   0   0 |     GGG   0   0   0   0   0   0
--------------------------------------------------------------------------------------------------------------------------------------

--------------------------------------------------------------------------------------------------------------------------------------
Phe TTT   0   0   0   0   0   0 | Ser TCT   0   0   0   0   0   0 | Tyr TAT   0   0   0   0   0   0 | Cys TGT   0   0   0   0   0   0
    TTC   0   0   0   0   0   0 |     TCC   0   0   0   0   0   0 |     TAC   0   0   0   0   0   0 |     TGC   0   0   0   0   0   0
Leu TTA   0   0   0   0   0   0 |     TCA   0   0   0   0   0   0 | *** TAA   0   0   0   0   0   0 | *** TGA   0   0   0   0   0   0
    TTG   0   0   0   0   0   0 |     TCG   0   0   0   0   0   0 |     TAG   0   0   0   0   0   0 | Trp TGG   0   0   0   0   0   0
--------------------------------------------------------------------------------------------------------------------------------------
Leu CTT   0   0   0   0   0   0 | Pro CCT   0   0   0   0   0   0 | His CAT   0   0   0   0   0   0 | Arg CGT   0   0   0   0   0   0
    CTC   1   1   1   1   1   1 |     CCC   0   0   0   0   0   0 |     CAC   1   1   1   1   1   1 |     CGC   0   0   0   0   0   0
    CTA   0   0   0   0   0   0 |     CCA   0   0   0   0   0   0 | Gln CAA   0   0   0   0   0   0 |     CGA   1   1   1   1   1   1
    CTG   1   1   1   1   1   1 |     CCG   0   0   0   0   0   0 |     CAG   1   1   1   1   1   1 |     CGG   1   1   1   1   1   1
--------------------------------------------------------------------------------------------------------------------------------------
Ile ATT   0   0   0   0   0   0 | Thr ACT   0   0   0   0   0   0 | Asn AAT   1   0   1   1   0   1 | Ser AGT   0   0   0   0   0   0
    ATC   0   0   0   0   0   0 |     ACC   0   0   0   0   0   0 |     AAC   0   1   0   0   1   0 |     AGC   0   0   0   0   0   0
    ATA   0   0   0   0   0   0 |     ACA   0   0   0   0   0   0 | Lys AAA   0   0   0   0   0   0 | Arg AGA   0   0   0   0   0   0
Met ATG   1   1   1   1   1   1 |     ACG   0   0   0   0   0   0 |     AAG   3   3   3   3   3   3 |     AGG   0   0   0   0   0   0
--------------------------------------------------------------------------------------------------------------------------------------
Val GTT   0   0   0   0   0   0 | Ala GCT   0   0   0   0   0   0 | Asp GAT   0   0   0   0   0   0 | Gly GGT   0   0   0   0   0   0
    GTC   0   0   0   0   0   0 |     GCC   6   6   6   6   6   6 |     GAC   0   0   0   0   0   0 |     GGC   0   0   0   0   0   0
    GTA   0   0   0   0   0   0 |     GCA   0   0   0   0   0   0 | Glu GAA   0   0   0   0   0   0 |     GGA   0   0   0   0   0   0
    GTG   0   0   0   0   0   0 |     GCG   0   0   0   0   0   0 |     GAG   0   0   0   0   0   0 |     GGG   0   0   0   0   0   0
--------------------------------------------------------------------------------------------------------------------------------------

--------------------------------------------------------------------------------------------------------------------------------------
Phe TTT   0   0   0   0   0   0 | Ser TCT   0   0   0   0   0   0 | Tyr TAT   0   0   0   0   0   0 | Cys TGT   0   0   0   0   0   0
    TTC   0   0   0   0   0   0 |     TCC   0   0   0   0   0   0 |     TAC   0   0   0   0   0   0 |     TGC   0   0   0   0   0   0
Leu TTA   0   0   0   0   0   0 |     TCA   0   0   0   0   0   0 | *** TAA   0   0   0   0   0   0 | *** TGA   0   0   0   0   0   0
    TTG   0   0   0   0   0   0 |     TCG   0   0   0   0   0   0 |     TAG   0   0   0   0   0   0 | Trp TGG   0   0   0   0   0   0
--------------------------------------------------------------------------------------------------------------------------------------
Leu CTT   0   0   0   0   0   0 | Pro CCT   0   0   0   0   0   0 | His CAT   0   0   0   0   0   0 | Arg CGT   0   0   0   0   0   0
    CTC   1   1   1   1   1   1 |     CCC   0   0   0   0   0   0 |     CAC   1   1   1   1   1   1 |     CGC   0   0   0   0   0   0
    CTA   0   0   0   0   0   0 |     CCA   0   0   0   0   0   0 | Gln CAA   0   0   0   0   0   0 |     CGA   1   1   1   1   1   1
    CTG   1   1   1   1   1   1 |     CCG   0   0   0   0   0   0 |     CAG   1   1   1   1   1   1 |     CGG   1   1   1   1   1   1
--------------------------------------------------------------------------------------------------------------------------------------
Ile ATT   0   0   0   0   0   0 | Thr ACT   0   0   0   0   0   0 | Asn AAT   0   0   0   0   0   0 | Ser AGT   0   0   0   0   0   0
    ATC   0   0   0   0   0   0 |     ACC   0   0   0   0   0   0 |     AAC   1   1   1   1   1   1 |     AGC   0   0   0   0   0   0
    ATA   0   0   0   0   0   0 |     ACA   0   0   0   0   0   0 | Lys AAA   0   0   0   0   0   0 | Arg AGA   0   0   0   0   0   0
Met ATG   1   1   1   1   1   1 |     ACG   0   0   0   0   0   0 |     AAG   3   3   3   3   3   3 |     AGG   0   0   0   0   0   0
--------------------------------------------------------------------------------------------------------------------------------------
Val GTT   0   0   0   0   0   0 | Ala GCT   0   0   0   0   0   0 | Asp GAT   0   0   0   0   0   0 | Gly GGT   0   0   0   0   0   0
    GTC   0   0   0   0   0   0 |     GCC   6   6   6   6   6   6 |     GAC   0   0   0   0   0   0 |     GGC   0   0   0   0   0   0
    GTA   0   0   0   0   0   0 |     GCA   0   0   0   0   0   0 | Glu GAA   0   0   0   0   0   0 |     GGA   0   0   0   0   0   0
    GTG   0   0   0   0   0   0 |     GCG   0   0   0   0   0   0 |     GAG   0   0   0   0   0   0 |     GGG   0   0   0   0   0   0
--------------------------------------------------------------------------------------------------------------------------------------

Codon position x base (3x4) table for each sequence.

#1: Argali         
position  1:    T:0.00000    C:0.35294    A:0.29412    G:0.35294
position  2:    T:0.17647    C:0.35294    A:0.35294    G:0.11765
position  3:    T:0.00000    C:0.52941    A:0.05882    G:0.41176
Average         T:0.05882    C:0.41176    A:0.23529    G:0.29412

#2: LesserMouseDeer
position  1:    T:0.00000    C:0.29412    A:0.29412    G:0.41176
position  2:    T:0.17647    C:0.35294    A:0.35294    G:0.11765
position  3:    T:0.00000    C:0.41176    A:0.11765    G:0.47059
Average         T:0.05882    C:0.35294    A:0.25490    G:0.33333

#3: LesserKudu     
position  1:    T:0.00000    C:0.35294    A:0.35294    G:0.29412
position  2:    T:0.17647    C:0.35294    A:0.29412    G:0.17647
position  3:    T:0.00000    C:0.52941    A:0.05882    G:0.41176
Average         T:0.05882    C:0.41176    A:0.23529    G:0.29412

#4: ForestMuskDeer2
position  1:    T:0.00000    C:0.35294    A:0.29412    G:0.35294
position  2:    T:0.17647    C:0.35294    A:0.35294    G:0.11765
position  3:    T:0.00000    C:0.52941    A:0.05882    G:0.41176
Average         T:0.05882    C:0.41176    A:0.23529    G:0.29412

#5: Camel          
position  1:    T:0.05882    C:0.23529    A:0.29412    G:0.41176
position  2:    T:0.17647    C:0.35294    A:0.41176    G:0.05882
position  3:    T:0.05882    C:0.35294    A:0.05882    G:0.52941
Average         T:0.09804    C:0.31373    A:0.25490    G:0.33333

#6: KillerWhale    
position  1:    T:0.00000    C:0.35294    A:0.29412    G:0.35294
position  2:    T:0.17647    C:0.35294    A:0.35294    G:0.11765
position  3:    T:0.11765    C:0.29412    A:0.17647    G:0.41176
Average         T:0.09804    C:0.33333    A:0.27451    G:0.29412

#7: DefassaWaterbuck
position  1:    T:0.00000    C:0.35294    A:0.29412    G:0.35294
position  2:    T:0.17647    C:0.35294    A:0.35294    G:0.11765
position  3:    T:0.00000    C:0.52941    A:0.05882    G:0.41176
Average         T:0.05882    C:0.41176    A:0.23529    G:0.29412

#8: Sheep          
position  1:    T:0.00000    C:0.35294    A:0.29412    G:0.35294
position  2:    T:0.17647    C:0.35294    A:0.35294    G:0.11765
position  3:    T:0.00000    C:0.52941    A:0.05882    G:0.41176
Average         T:0.05882    C:0.41176    A:0.23529    G:0.29412

#9: MaxwellsDuiker 
position  1:    T:0.00000    C:0.35294    A:0.29412    G:0.35294
position  2:    T:0.17647    C:0.35294    A:0.35294    G:0.11765
position  3:    T:0.05882    C:0.47059    A:0.05882    G:0.41176
Average         T:0.07843    C:0.39216    A:0.23529    G:0.29412

#10: GazellaPrzewalskyi
position  1:    T:0.00000    C:0.35294    A:0.29412    G:0.35294
position  2:    T:0.17647    C:0.35294    A:0.35294    G:0.11765
position  3:    T:0.00000    C:0.58824    A:0.00000    G:0.41176
Average         T:0.05882    C:0.43137    A:0.21569    G:0.29412

#11: MountainNyala  
position  1:    T:0.00000    C:0.35294    A:0.29412    G:0.35294
position  2:    T:0.17647    C:0.35294    A:0.35294    G:0.11765
position  3:    T:0.00000    C:0.52941    A:0.05882    G:0.41176
Average         T:0.05882    C:0.41176    A:0.23529    G:0.29412

#12: MuntiacusMuntjak
position  1:    T:0.00000    C:0.35294    A:0.29412    G:0.35294
position  2:    T:0.17647    C:0.35294    A:0.35294    G:0.11765
position  3:    T:0.05882    C:0.47059    A:0.05882    G:0.41176
Average         T:0.07843    C:0.39216    A:0.23529    G:0.29412

#13: goat           
position  1:    T:0.00000    C:0.35294    A:0.29412    G:0.35294
position  2:    T:0.17647    C:0.35294    A:0.35294    G:0.11765
position  3:    T:0.05882    C:0.47059    A:0.05882    G:0.41176
Average         T:0.07843    C:0.39216    A:0.23529    G:0.29412

#14: AfricanBuffalo 
position  1:    T:0.00000    C:0.35294    A:0.29412    G:0.35294
position  2:    T:0.17647    C:0.35294    A:0.35294    G:0.11765
position  3:    T:0.00000    C:0.52941    A:0.05882    G:0.41176
Average         T:0.05882    C:0.41176    A:0.23529    G:0.29412

#15: Topi           
position  1:    T:0.00000    C:0.35294    A:0.29412    G:0.35294
position  2:    T:0.17647    C:0.35294    A:0.35294    G:0.11765
position  3:    T:0.00000    C:0.52941    A:0.05882    G:0.41176
Average         T:0.05882    C:0.41176    A:0.23529    G:0.29412

#16: CommonDuiker   
position  1:    T:0.00000    C:0.35294    A:0.29412    G:0.35294
position  2:    T:0.17647    C:0.35294    A:0.35294    G:0.11765
position  3:    T:0.00000    C:0.52941    A:0.05882    G:0.41176
Average         T:0.05882    C:0.41176    A:0.23529    G:0.29412

#17: Suni           
position  1:    T:0.00000    C:0.35294    A:0.29412    G:0.35294
position  2:    T:0.17647    C:0.35294    A:0.35294    G:0.11765
position  3:    T:0.05882    C:0.47059    A:0.05882    G:0.41176
Average         T:0.07843    C:0.39216    A:0.23529    G:0.29412

#18: Springbuck     
position  1:    T:0.00000    C:0.35294    A:0.29412    G:0.35294
position  2:    T:0.17647    C:0.35294    A:0.35294    G:0.11765
position  3:    T:0.00000    C:0.52941    A:0.05882    G:0.41176
Average         T:0.05882    C:0.41176    A:0.23529    G:0.29412

#19: Okapi          
position  1:    T:0.00000    C:0.35294    A:0.29412    G:0.35294
position  2:    T:0.17647    C:0.35294    A:0.35294    G:0.11765
position  3:    T:0.00000    C:0.47059    A:0.11765    G:0.41176
Average         T:0.05882    C:0.39216    A:0.25490    G:0.29412

#20: Giraffe        
position  1:    T:0.00000    C:0.35294    A:0.29412    G:0.35294
position  2:    T:0.17647    C:0.35294    A:0.35294    G:0.11765
position  3:    T:0.00000    C:0.52941    A:0.17647    G:0.29412
Average         T:0.05882    C:0.41176    A:0.27451    G:0.25490

#21: TibetanAntelope
position  1:    T:0.00000    C:0.35294    A:0.29412    G:0.35294
position  2:    T:0.17647    C:0.35294    A:0.35294    G:0.11765
position  3:    T:0.05882    C:0.47059    A:0.05882    G:0.41176
Average         T:0.07843    C:0.39216    A:0.23529    G:0.29412

#22: Sitatunga      
position  1:    T:0.00000    C:0.35294    A:0.29412    G:0.35294
position  2:    T:0.23529    C:0.29412    A:0.41176    G:0.05882
position  3:    T:0.00000    C:0.52941    A:0.05882    G:0.41176
Average         T:0.07843    C:0.39216    A:0.25490    G:0.27451

#23: Oribi          
position  1:    T:0.00000    C:0.35294    A:0.29412    G:0.35294
position  2:    T:0.17647    C:0.35294    A:0.35294    G:0.11765
position  3:    T:0.00000    C:0.52941    A:0.05882    G:0.41176
Average         T:0.05882    C:0.41176    A:0.23529    G:0.29412

#24: BarbarySheep   
position  1:    T:0.00000    C:0.35294    A:0.29412    G:0.35294
position  2:    T:0.17647    C:0.35294    A:0.35294    G:0.11765
position  3:    T:0.00000    C:0.52941    A:0.05882    G:0.41176
Average         T:0.05882    C:0.41176    A:0.23529    G:0.29412

#25: Daviddeer      
position  1:    T:0.00000    C:0.35294    A:0.29412    G:0.35294
position  2:    T:0.17647    C:0.35294    A:0.35294    G:0.11765
position  3:    T:0.05882    C:0.47059    A:0.05882    G:0.41176
Average         T:0.07843    C:0.39216    A:0.23529    G:0.29412

#26: Reindeer       
position  1:    T:0.00000    C:0.29412    A:0.35294    G:0.35294
position  2:    T:0.17647    C:0.35294    A:0.35294    G:0.11765
position  3:    T:0.05882    C:0.47059    A:0.05882    G:0.41176
Average         T:0.07843    C:0.37255    A:0.25490    G:0.29412

#27: Ibex           
position  1:    T:0.00000    C:0.35294    A:0.29412    G:0.35294
position  2:    T:0.17647    C:0.35294    A:0.35294    G:0.11765
position  3:    T:0.05882    C:0.47059    A:0.05882    G:0.41176
Average         T:0.07843    C:0.39216    A:0.23529    G:0.29412

#28: GyrantGazelle  
position  1:    T:0.00000    C:0.35294    A:0.29412    G:0.35294
position  2:    T:0.17647    C:0.35294    A:0.35294    G:0.11765
position  3:    T:0.00000    C:0.52941    A:0.05882    G:0.41176
Average         T:0.05882    C:0.41176    A:0.23529    G:0.29412

#29: Hartebeest     
position  1:    T:0.00000    C:0.35294    A:0.29412    G:0.35294
position  2:    T:0.17647    C:0.35294    A:0.35294    G:0.11765
position  3:    T:0.00000    C:0.52941    A:0.05882    G:0.41176
Average         T:0.05882    C:0.41176    A:0.23529    G:0.29412

#30: Bongo          
position  1:    T:0.00000    C:0.35294    A:0.29412    G:0.35294
position  2:    T:0.17647    C:0.35294    A:0.35294    G:0.11765
position  3:    T:0.00000    C:0.52941    A:0.05882    G:0.41176
Average         T:0.05882    C:0.41176    A:0.23529    G:0.29412

#31: Gerenuk        
position  1:    T:0.00000    C:0.35294    A:0.29412    G:0.35294
position  2:    T:0.17647    C:0.35294    A:0.35294    G:0.11765
position  3:    T:0.00000    C:0.52941    A:0.05882    G:0.41176
Average         T:0.05882    C:0.41176    A:0.23529    G:0.29412

#32: CommonEland    
position  1:    T:0.00000    C:0.35294    A:0.29412    G:0.35294
position  2:    T:0.17647    C:0.35294    A:0.35294    G:0.11765
position  3:    T:0.00000    C:0.52941    A:0.05882    G:0.41176
Average         T:0.05882    C:0.41176    A:0.23529    G:0.29412

#33: MuntiacusReevesi
position  1:    T:0.00000    C:0.35294    A:0.29412    G:0.35294
position  2:    T:0.17647    C:0.35294    A:0.35294    G:0.11765
position  3:    T:0.05882    C:0.47059    A:0.05882    G:0.41176
Average         T:0.07843    C:0.39216    A:0.23529    G:0.29412

#34: HarveysDuiker  
position  1:    T:0.00000    C:0.35294    A:0.29412    G:0.35294
position  2:    T:0.17647    C:0.35294    A:0.35294    G:0.11765
position  3:    T:0.00000    C:0.52941    A:0.05882    G:0.41176
Average         T:0.05882    C:0.41176    A:0.23529    G:0.29412

#35: Pronghorn      
position  1:    T:0.00000    C:0.35294    A:0.29412    G:0.35294
position  2:    T:0.17647    C:0.35294    A:0.35294    G:0.11765
position  3:    T:0.00000    C:0.52941    A:0.05882    G:0.41176
Average         T:0.05882    C:0.41176    A:0.23529    G:0.29412

#36: BlueWildebeest 
position  1:    T:0.00000    C:0.35294    A:0.29412    G:0.35294
position  2:    T:0.17647    C:0.35294    A:0.35294    G:0.11765
position  3:    T:0.00000    C:0.52941    A:0.05882    G:0.41176
Average         T:0.05882    C:0.41176    A:0.23529    G:0.29412

#37: Gemsbok        
position  1:    T:0.00000    C:0.35294    A:0.29412    G:0.35294
position  2:    T:0.17647    C:0.35294    A:0.35294    G:0.11765
position  3:    T:0.00000    C:0.52941    A:0.05882    G:0.41176
Average         T:0.05882    C:0.41176    A:0.23529    G:0.29412

#38: Yak            
position  1:    T:0.00000    C:0.35294    A:0.29412    G:0.35294
position  2:    T:0.17647    C:0.35294    A:0.35294    G:0.11765
position  3:    T:0.00000    C:0.52941    A:0.05882    G:0.41176
Average         T:0.05882    C:0.41176    A:0.23529    G:0.29412

#39: BlueSheep      
position  1:    T:0.00000    C:0.35294    A:0.35294    G:0.29412
position  2:    T:0.17647    C:0.35294    A:0.35294    G:0.11765
position  3:    T:0.00000    C:0.58824    A:0.00000    G:0.41176
Average         T:0.05882    C:0.43137    A:0.23529    G:0.27451

#40: BohorReedbuck  
position  1:    T:0.00000    C:0.35294    A:0.29412    G:0.35294
position  2:    T:0.17647    C:0.35294    A:0.35294    G:0.11765
position  3:    T:0.11765    C:0.41176    A:0.05882    G:0.41176
Average         T:0.09804    C:0.37255    A:0.23529    G:0.29412

#41: KirksDik       
position  1:    T:0.00000    C:0.35294    A:0.29412    G:0.35294
position  2:    T:0.17647    C:0.35294    A:0.35294    G:0.11765
position  3:    T:0.05882    C:0.41176    A:0.05882    G:0.47059
Average         T:0.07843    C:0.37255    A:0.23529    G:0.31373

#42: RoeDeer        
position  1:    T:0.00000    C:0.35294    A:0.29412    G:0.35294
position  2:    T:0.17647    C:0.35294    A:0.35294    G:0.11765
position  3:    T:0.11765    C:0.41176    A:0.05882    G:0.41176
Average         T:0.09804    C:0.37255    A:0.23529    G:0.29412

#43: WhiteLippedDeer
position  1:    T:0.00000    C:0.35294    A:0.29412    G:0.35294
position  2:    T:0.17647    C:0.35294    A:0.35294    G:0.11765
position  3:    T:0.05882    C:0.47059    A:0.05882    G:0.41176
Average         T:0.07843    C:0.39216    A:0.23529    G:0.29412

#44: ThomsonGazelle 
position  1:    T:0.00000    C:0.35294    A:0.29412    G:0.35294
position  2:    T:0.17647    C:0.35294    A:0.35294    G:0.11765
position  3:    T:0.00000    C:0.52941    A:0.05882    G:0.41176
Average         T:0.05882    C:0.41176    A:0.23529    G:0.29412

#45: MuntiacusCrinifrons
position  1:    T:0.00000    C:0.35294    A:0.29412    G:0.35294
position  2:    T:0.17647    C:0.35294    A:0.35294    G:0.11765
position  3:    T:0.05882    C:0.47059    A:0.05882    G:0.41176
Average         T:0.07843    C:0.39216    A:0.23529    G:0.29412

#46: WhiteTailedDeer
position  1:    T:0.00000    C:0.35294    A:0.29412    G:0.35294
position  2:    T:0.17647    C:0.35294    A:0.35294    G:0.11765
position  3:    T:0.05882    C:0.47059    A:0.05882    G:0.41176
Average         T:0.07843    C:0.39216    A:0.23529    G:0.29412

#47: Cattle         
position  1:    T:0.00000    C:0.35294    A:0.29412    G:0.35294
position  2:    T:0.17647    C:0.35294    A:0.35294    G:0.11765
position  3:    T:0.00000    C:0.52941    A:0.05882    G:0.41176
Average         T:0.05882    C:0.41176    A:0.23529    G:0.29412

#48: RoyalAntelope  
position  1:    T:0.00000    C:0.35294    A:0.29412    G:0.35294
position  2:    T:0.17647    C:0.35294    A:0.35294    G:0.11765
position  3:    T:0.05882    C:0.47059    A:0.05882    G:0.41176
Average         T:0.07843    C:0.39216    A:0.23529    G:0.29412

#49: Steenbok       
position  1:    T:0.00000    C:0.35294    A:0.29412    G:0.35294
position  2:    T:0.17647    C:0.35294    A:0.35294    G:0.11765
position  3:    T:0.00000    C:0.52941    A:0.05882    G:0.41176
Average         T:0.05882    C:0.41176    A:0.23529    G:0.29412

#50: Impala         
position  1:    T:0.00000    C:0.35294    A:0.29412    G:0.35294
position  2:    T:0.17647    C:0.35294    A:0.35294    G:0.11765
position  3:    T:0.00000    C:0.52941    A:0.05882    G:0.41176
Average         T:0.05882    C:0.41176    A:0.23529    G:0.29412

#51: Klipspringer   
position  1:    T:0.00000    C:0.35294    A:0.29412    G:0.35294
position  2:    T:0.17647    C:0.35294    A:0.35294    G:0.11765
