1
52 1
Argali 0.000000 0.487100 0.161800 0.528000 0.074400 0.012800 0.140800 0.080300 0.153600 0.194900 0.066000 0.132100 0.060900 0.108800 0.172100 0.127400 0.262600 0.234000 0.082600 0.160700 0.107200 0.039800 0.195100 0.154800 0.058600 0.079200 0.053700 0.140400 0.140700 0.146500 0.188000 0.128500 0.205600 0.060200 0.092400 0.137400 0.053000 0.101400 0.146500 0.187500 0.170700 0.114800 0.179100 0.171800 0.124200 0.128600 0.113000 0.100800 0.153900 0.201300 0.153700 0.140300
LesserMous 0.487100 0.000000 0.495500 0.485000 0.454200 0.498900 0.521800 0.459400 0.493500 0.520000 0.511900 0.477500 0.493400 0.482800 0.501800 0.513700 0.520800 0.493700 0.497600 0.493900 0.475400 0.477100 0.521500 0.527100 0.503100 0.483900 0.478600 0.478700 0.521800 0.461300 0.511100 0.517800 0.529400 0.486200 0.526600 0.493600 0.495300 0.469500 0.527500 0.534200 0.556700 0.488000 0.520100 0.496300 0.487300 0.531600 0.537900 0.477700 0.526600 0.503300 0.495000 0.478300
LesserKudu 0.161800 0.495500 0.000000 0.535600 0.125300 0.162100 0.185200 0.175600 0.046100 0.211200 0.159200 0.138700 0.156100 0.153100 0.211200 0.179400 0.280800 0.235200 0.180900 0.052600 0.188700 0.132300 0.261200 0.170200 0.167500 0.158200 0.147800 0.031900 0.177300 0.039500 0.204200 0.157900 0.255800 0.154300 0.172000 0.137100 0.160900 0.153300 0.198900 0.219900 0.251400 0.181800 0.211200 0.171300 0.122700 0.180800 0.194500 0.144900 0.184100 0.217600 0.046100 0.033100
KillerWhal 0.528000 0.485000 0.535600 0.000000 0.530600 0.540200 0.522600 0.509300 0.483300 0.627000 0.552800 0.568200 0.535200 0.520600 0.602200 0.552300 0.588000 0.549600 0.512500 0.505800 0.547700 0.517400 0.626200 0.580300 0.544000 0.572200 0.518600 0.480300 0.543300 0.509700 0.617800 0.510300 0.547300 0.551900 0.566300 0.532400 0.536200 0.571900 0.616300 0.586400 0.583300 0.563400 0.627000 0.600200 0.516000 0.538500 0.581300 0.504600 0.587300 0.517500 0.496200 0.504200
DefassaWat 0.074400 0.454200 0.125300 0.530600 0.000000 0.074500 0.134600 0.087800 0.102900 0.180600 0.101200 0.096300 0.082500 0.088000 0.134800 0.106700 0.215700 0.187400 0.119800 0.124400 0.086700 0.074700 0.213100 0.156100 0.094600 0.072700 0.075000 0.104200 0.106000 0.110500 0.173700 0.122000 0.191600 0.081600 0.114100 0.102100 0.088100 0.039700 0.126100 0.190300 0.203900 0.108200 0.164900 0.142500 0.088900 0.136500 0.120800 0.094400 0.134200 0.179700 0.102900 0.104100
Sheep 0.012800 0.498900 0.162100 0.540200 0.074500 0.000000 0.141000 0.080500 0.153900 0.187800 0.066100 0.132300 0.061000 0.109000 0.165200 0.127600 0.263100 0.234400 0.082700 0.161000 0.107400 0.039900 0.188000 0.147900 0.059600 0.079300 0.051900 0.140700 0.140900 0.146800 0.180900 0.128700 0.206000 0.060300 0.092600 0.137700 0.053100 0.101600 0.146800 0.180400 0.163700 0.115000 0.172000 0.164800 0.124400 0.128800 0.113200 0.101000 0.154200 0.201700 0.153000 0.140600
MaxwellsDu 0.140800 0.521800 0.185200 0.522600 0.134600 0.141000 0.000000 0.153900 0.177100 0.226000 0.138700 0.155800 0.135200 0.071100 0.218000 0.172300 0.268900 0.225200 0.143400 0.183700 0.166500 0.126900 0.242300 0.216900 0.146400 0.166300 0.127400 0.164000 0.177800 0.184800 0.219300 0.063400 0.244700 0.133700 0.151000 0.168500 0.139300 0.161700 0.184100 0.234600 0.233100 0.174400 0.210300 0.219100 0.155600 0.117000 0.165200 0.139200 0.149000 0.231400 0.192000 0.178900
GazellaPrz 0.080300 0.459400 0.175600 0.509300 0.087800 0.080500 0.153900 0.000000 0.182700 0.185500 0.092800 0.145700 0.088300 0.107800 0.170900 0.084800 0.220300 0.224200 0.110700 0.174300 0.065200 0.066700 0.186000 0.161300 0.086300 0.065200 0.080800 0.154100 0.084200 0.160100 0.178700 0.127300 0.212100 0.087300 0.119400 0.166000 0.066100 0.100700 0.117400 0.178200 0.177200 0.071800 0.169900 0.170700 0.152800 0.127300 0.112200 0.086100 0.152700 0.184400 0.167300 0.154000
MountainNy 0.153600 0.493500 0.046100 0.483300 0.102900 0.153900 0.177100 0.182700 0.000000 0.234900 0.166300 0.145800 0.163300 0.145100 0.218100 0.171300 0.254400 0.209800 0.188200 0.045800 0.180300 0.139300 0.268900 0.177400 0.174600 0.150200 0.155000 0.026300 0.169300 0.046000 0.227900 0.164900 0.246500 0.161500 0.179000 0.129400 0.168000 0.145200 0.213600 0.227400 0.259000 0.188900 0.234900 0.178600 0.116200 0.187900 0.193900 0.137100 0.191100 0.209100 0.038300 0.039700
MuntiacusM 0.194900 0.520000 0.211200 0.627000 0.180600 0.187800 0.226000 0.185500 0.234900 0.000000 0.207400 0.211600 0.189300 0.177800 0.229500 0.220100 0.233800 0.204800 0.232000 0.225700 0.198700 0.179800 0.105200 0.089700 0.200500 0.198400 0.180500 0.202300 0.225700 0.210700 0.006600 0.197900 0.258000 0.171400 0.204000 0.216500 0.193800 0.209800 0.178500 0.076200 0.097300 0.191500 0.013400 0.090700 0.202900 0.229800 0.212000 0.184800 0.248500 0.204400 0.218400 0.204700
goat 0.066000 0.511900 0.159200 0.552800 0.101200 0.066100 0.138700 0.092800 0.166300 0.207400 0.000000 0.144600 0.073600 0.107100 0.169500 0.125500 0.258000 0.213900 0.081300 0.173000 0.105500 0.052600 0.207600 0.167300 0.019200 0.105400 0.066400 0.152900 0.152700 0.158900 0.200600 0.126500 0.186900 0.072800 0.104700 0.164800 0.037600 0.128300 0.158500 0.200000 0.183200 0.127100 0.191600 0.184300 0.151600 0.112400 0.125400 0.099300 0.123500 0.183100 0.151200 0.152900
AfricanBuf 0.132100 0.477500 0.138700 0.568200 0.096300 0.132300 0.155800 0.145700 0.145800 0.211600 0.144600 0.000000 0.111300 0.138400 0.165500 0.164700 0.231500 0.203100 0.165400 0.123200 0.144000 0.117700 0.245000 0.186300 0.137900 0.129200 0.118200 0.117600 0.162700 0.109400 0.204700 0.143300 0.239200 0.124800 0.143000 0.101100 0.131300 0.123900 0.169300 0.220400 0.235400 0.151900 0.195100 0.188300 0.088000 0.165900 0.164500 0.130100 0.155200 0.210000 0.130900 0.117600
Topi 0.060900 0.493400 0.156100 0.535200 0.082500 0.061000 0.135200 0.088300 0.163300 0.189300 0.073600 0.111300 0.000000 0.102900 0.151300 0.136000 0.257300 0.228600 0.090800 0.155000 0.115500 0.047100 0.189600 0.149100 0.067000 0.101100 0.020000 0.134500 0.149400 0.140700 0.182400 0.122700 0.200200 0.026600 0.072700 0.146700 0.060500 0.110000 0.140900 0.181900 0.180600 0.123300 0.173400 0.166100 0.133300 0.137300 0.121500 0.094900 0.148400 0.196000 0.148000 0.134500
CommonDuik 0.108800 0.482800 0.153100 0.520600 0.088000 0.109000 0.071100 0.107800 0.145100 0.177800 0.107100 0.138400 0.102900 0.000000 0.171000 0.112500 0.236700 0.192800 0.125700 0.165500 0.106500 0.094900 0.209600 0.169000 0.114700 0.120500 0.095300 0.146700 0.132300 0.152700 0.171000 0.045300 0.197000 0.101700 0.134000 0.143800 0.108200 0.129700 0.145700 0.186100 0.200600 0.128200 0.162300 0.186200 0.130600 0.113600 0.126600 0.107500 0.132000 0.215500 0.144900 0.146600
Suni 0.172100 0.501800 0.211200 0.602200 0.134800 0.165200 0.218000 0.170900 0.218100 0.229500 0.169500 0.165500 0.151300 0.171000 0.000000 0.189300 0.290300 0.285600 0.198200 0.225100 0.167300 0.157800 0.279400 0.235600 0.162900 0.168600 0.158300 0.204800 0.188000 0.195400 0.222700 0.205700 0.288400 0.165000 0.152800 0.200800 0.156500 0.178500 0.194100 0.254500 0.286100 0.191800 0.213500 0.254200 0.187700 0.205800 0.189300 0.177400 0.215900 0.250800 0.202300 0.204700
Springbuck 0.127400 0.513700 0.179400 0.552300 0.106700 0.127600 0.172300 0.084800 0.171300 0.220100 0.125500 0.164700 0.136000 0.112500 0.189300 0.000000 0.255100 0.211400 0.144700 0.178200 0.070600 0.099700 0.236800 0.195600 0.133100 0.057300 0.128200 0.173100 0.062900 0.179000 0.213300 0.145800 0.230700 0.134600 0.166400 0.169500 0.126700 0.148000 0.135800 0.213000 0.227500 0.051000 0.204300 0.213100 0.156600 0.145900 0.158800 0.118800 0.156700 0.233000 0.171000 0.158000
Okapi 0.262600 0.520800 0.280800 0.588000 0.215700 0.263100 0.268900 0.220300 0.254400 0.233800 0.258000 0.231500 0.257300 0.236700 0.290300 0.255100 0.000000 0.067200 0.286200 0.229200 0.217800 0.247300 0.250900 0.239900 0.267800 0.249300 0.247900 0.240800 0.245400 0.263300 0.226900 0.256600 0.235300 0.254500 0.263900 0.235800 0.244900 0.245000 0.252000 0.242800 0.241400 0.258600 0.233900 0.251300 0.238700 0.247700 0.287600 0.226800 0.258200 0.222800 0.254200 0.257400
Giraffe 0.234000 0.493700 0.235200 0.549600 0.187400 0.234400 0.225200 0.224200 0.209800 0.204800 0.213900 0.203100 0.228600 0.192800 0.285600 0.211400 0.067200 0.000000 0.239600 0.217100 0.189900 0.218600 0.230300 0.227800 0.239400 0.221200 0.219400 0.212200 0.233500 0.232700 0.197800 0.212800 0.191600 0.209700 0.259400 0.207700 0.232700 0.216800 0.239600 0.230200 0.220800 0.230300 0.204800 0.230300 0.210200 0.204300 0.259200 0.183400 0.215300 0.195000 0.225800 0.228600
TibetanAnt 0.082600 0.497600 0.180900 0.512500 0.119800 0.082700 0.143400 0.110700 0.188200 0.232000 0.081300 0.165400 0.090800 0.125700 0.198200 0.144700 0.286200 0.239600 0.000000 0.195200 0.138700 0.068600 0.232200 0.190200 0.088700 0.123700 0.083100 0.174300 0.173200 0.180400 0.224900 0.145800 0.226200 0.089700 0.122700 0.186400 0.082100 0.148100 0.179200 0.224200 0.206300 0.146600 0.215200 0.207700 0.172800 0.145900 0.159300 0.117400 0.171300 0.221400 0.187900 0.174200
Sitatunga 0.160700 0.493900 0.052600 0.505800 0.124400 0.161000 0.183700 0.174300 0.045800 0.225700 0.173000 0.123200 0.155000 0.165500 0.225100 0.178200 0.229200 0.217100 0.195200 0.000000 0.172300 0.131300 0.259300 0.153800 0.166300 0.142500 0.146800 0.019100 0.161500 0.037700 0.218800 0.171600 0.270300 0.153200 0.170800 0.136200 0.159800 0.152200 0.190200 0.218300 0.249600 0.150600 0.225700 0.170100 0.123000 0.194700 0.201000 0.143700 0.182900 0.200500 0.045800 0.031600
Oribi 0.107200 0.475400 0.188700 0.547700 0.086700 0.107400 0.166500 0.065200 0.180300 0.198700 0.105500 0.144000 0.115500 0.106500 0.167300 0.070600 0.217800 0.189900 0.138700 0.172300 0.000000 0.093600 0.207600 0.189700 0.099000 0.064500 0.107900 0.167100 0.083300 0.173100 0.191900 0.139900 0.209300 0.114300 0.146300 0.134500 0.106700 0.127700 0.102700 0.207100 0.205900 0.071500 0.183100 0.207300 0.150800 0.125800 0.138900 0.112800 0.151000 0.196900 0.165100 0.167100
BarbaryShe 0.039800 0.477100 0.132300 0.517400 0.074700 0.039900 0.126900 0.066700 0.139300 0.179800 0.052600 0.117700 0.047100 0.094900 0.157800 0.099700 0.247300 0.218600 0.068600 0.131300 0.093600 0.000000 0.180000 0.125400 0.046100 0.065900 0.038300 0.111100 0.112800 0.117400 0.172900 0.114500 0.190800 0.046600 0.065300 0.138100 0.038300 0.101900 0.132900 0.157000 0.155900 0.086900 0.164100 0.141700 0.124800 0.114600 0.113500 0.087100 0.140000 0.186800 0.124400 0.111100
Daviddeer 0.195100 0.521500 0.261200 0.626200 0.213100 0.188000 0.242300 0.186000 0.268900 0.105200 0.207600 0.245000 0.189600 0.209600 0.279400 0.236800 0.250900 0.230300 0.232200 0.259300 0.207600 0.180000 0.000000 0.104400 0.200700 0.214800 0.165000 0.238100 0.242400 0.243900 0.098400 0.213900 0.251000 0.179600 0.220700 0.241900 0.194100 0.242900 0.233000 0.090700 0.032700 0.207800 0.105200 0.105500 0.235800 0.263000 0.244300 0.169700 0.281800 0.220900 0.251800 0.237900
Reindeer 0.154800 0.527100 0.170200 0.580300 0.156100 0.147900 0.216900 0.161300 0.177400 0.089700 0.167300 0.186300 0.149100 0.169000 0.235600 0.195600 0.239900 0.227800 0.190200 0.153800 0.189700 0.125400 0.104400 0.000000 0.160600 0.159100 0.140800 0.148600 0.201200 0.154700 0.083000 0.188600 0.215400 0.147400 0.180300 0.189700 0.154000 0.184700 0.199800 0.068600 0.096500 0.167500 0.089700 0.052700 0.177900 0.220400 0.202800 0.145600 0.223100 0.195100 0.162000 0.148500
Ibex 0.058600 0.503100 0.167500 0.544000 0.094600 0.059600 0.146400 0.086300 0.174600 0.200500 0.019200 0.137900 0.067000 0.114700 0.162900 0.133100 0.267800 0.239400 0.088700 0.166300 0.099000 0.046100 0.200700 0.160600 0.000000 0.098900 0.059900 0.146200 0.146200 0.152200 0.193700 0.134200 0.211000 0.066300 0.098300 0.158100 0.032500 0.121700 0.152000 0.193100 0.176400 0.120500 0.184700 0.177500 0.144900 0.134300 0.118900 0.106700 0.145200 0.191700 0.144500 0.146100
GyrantGaze 0.079200 0.483900 0.158200 0.572200 0.072700 0.079300 0.166300 0.065200 0.150200 0.198400 0.105400 0.129200 0.101100 0.120500 0.168600 0.057300 0.249300 0.221200 0.123700 0.142500 0.064500 0.065900 0.214800 0.159100 0.098900 0.000000 0.093700 0.137200 0.069900 0.143200 0.191700 0.139800 0.224700 0.100000 0.131300 0.163700 0.092600 0.099200 0.116100 0.191300 0.205700 0.044100 0.182900 0.175900 0.150700 0.139900 0.124500 0.098700 0.136700 0.211900 0.150300 0.137100
Hartebeest 0.053700 0.478600 0.147800 0.518600 0.075000 0.051900 0.127400 0.080800 0.155000 0.180500 0.066400 0.118200 0.020000 0.095300 0.158300 0.128200 0.247900 0.219400 0.083100 0.146800 0.107900 0.038300 0.165000 0.140800 0.059900 0.093700 0.000000 0.126400 0.141500 0.132600 0.173700 0.100700 0.191500 0.019300 0.079300 0.138600 0.053400 0.102300 0.133200 0.157500 0.156400 0.115500 0.164800 0.157600 0.125300 0.129400 0.113900 0.073500 0.140600 0.172200 0.139800 0.126400
Bongo 0.140400 0.478700 0.031900 0.480300 0.104200 0.140700 0.164000 0.154100 0.026300 0.202300 0.152900 0.117600 0.134500 0.146700 0.204800 0.173100 0.240800 0.212200 0.174300 0.019100 0.167100 0.111100 0.238100 0.148600 0.146200 0.137200 0.126400 0.000000 0.156300 0.019700 0.197800 0.151600 0.249400 0.133000 0.150900 0.116300 0.139600 0.132000 0.185300 0.197400 0.228500 0.160300 0.204800 0.149500 0.103000 0.174500 0.180900 0.123800 0.178000 0.180500 0.026300 0.012900
Gerenuk 0.140700 0.521800 0.177300 0.543300 0.106000 0.140900 0.177800 0.084200 0.169300 0.225700 0.152700 0.162700 0.149400 0.132300 0.188000 0.062900 0.245400 0.233500 0.173200 0.161500 0.083300 0.112800 0.242400 0.201200 0.146200 0.069900 0.141500 0.156300 0.000000 0.162200 0.219000 0.165600 0.252700 0.147800 0.179500 0.182300 0.139900 0.147000 0.148600 0.218600 0.233000 0.063700 0.210000 0.203300 0.169500 0.159300 0.171900 0.139000 0.176900 0.246600 0.154500 0.156300
CommonElan 0.146500 0.461300 0.039500 0.509700 0.110500 0.146800 0.184800 0.160100 0.046000 0.210700 0.158900 0.109400 0.140700 0.152700 0.195400 0.179000 0.263300 0.232700 0.180400 0.037700 0.173100 0.117400 0.243900 0.154700 0.152200 0.143200 0.132600 0.019700 0.162200 0.000000 0.203800 0.157600 0.255100 0.139100 0.156800 0.122400 0.145700 0.138200 0.198300 0.203400 0.234400 0.166300 0.210700 0.155700 0.109200 0.180400 0.194000 0.144600 0.183800 0.201700 0.031900 0.019400
MuntiacusR 0.188000 0.511100 0.204200 0.617800 0.173700 0.180900 0.219300 0.178700 0.227900 0.006600 0.200600 0.204700 0.182400 0.171000 0.222700 0.213300 0.226900 0.197800 0.224900 0.218800 0.191900 0.172900 0.098400 0.083000 0.193700 0.191700 0.173700 0.197800 0.219000 0.203800 0.000000 0.191200 0.251100 0.164600 0.198200 0.209600 0.187000 0.202900 0.171800 0.069400 0.090500 0.185800 0.006600 0.083900 0.196000 0.223000 0.205300 0.178000 0.241700 0.197600 0.211500 0.197700
HarveysDui 0.128500 0.517800 0.157900 0.510300 0.122000 0.128700 0.063400 0.127300 0.164900 0.197900 0.126500 0.143300 0.122700 0.045300 0.205700 0.145800 0.256600 0.212800 0.145800 0.171600 0.139900 0.114500 0.213900 0.188600 0.134200 0.139800 0.100700 0.151600 0.165600 0.157600 0.191200 0.000000 0.216800 0.121400 0.138900 0.156100 0.127800 0.149300 0.164600 0.190600 0.204900 0.147600 0.182400 0.206500 0.143100 0.104800 0.145800 0.112800 0.136900 0.204100 0.164700 0.151600
Pronghorn 0.205600 0.529400 0.255800 0.547300 0.191600 0.206000 0.244700 0.212100 0.246500 0.258000 0.186900 0.239200 0.200200 0.197000 0.288400 0.230700 0.235300 0.191600 0.226200 0.270300 0.209300 0.190800 0.251000 0.215400 0.211000 0.224700 0.191500 0.249400 0.252700 0.255100 0.251100 0.216800 0.000000 0.197900 0.230700 0.211900 0.204500 0.236400 0.250200 0.250300 0.249000 0.249900 0.241300 0.233900 0.214500 0.208700 0.253900 0.172800 0.234100 0.229700 0.246200 0.249200
BlueWildeb 0.060200 0.486200 0.154300 0.551900 0.081600 0.060300 0.133700 0.087300 0.161500 0.171400 0.072800 0.124800 0.026600 0.101700 0.165000 0.134600 0.254500 0.209700 0.089700 0.153200 0.114300 0.046600 0.179600 0.147400 0.066300 0.100000 0.019300 0.133000 0.147800 0.139100 0.164600 0.121400 0.197900 0.000000 0.085600 0.145100 0.059800 0.108800 0.125500 0.179800 0.170900 0.121900 0.156000 0.164200 0.131800 0.135800 0.120200 0.093900 0.146800 0.178600 0.146300 0.132900
Gemsbok 0.092400 0.526600 0.172000 0.566300 0.114100 0.092600 0.151000 0.119400 0.179000 0.204000 0.104700 0.143000 0.072700 0.134000 0.152800 0.166400 0.263900 0.259400 0.122700 0.170800 0.146300 0.065300 0.220700 0.180300 0.098300 0.131300 0.079300 0.150900 0.179500 0.156800 0.198200 0.138900 0.230700 0.085600 0.000000 0.170300 0.091900 0.141100 0.142700 0.197700 0.211700 0.154000 0.189300 0.197500 0.157300 0.153200 0.151900 0.125900 0.149600 0.211000 0.163900 0.150900
Yak 0.137400 0.493600 0.137100 0.532400 0.102100 0.137700 0.168500 0.166000 0.129400 0.216500 0.164800 0.101100 0.146700 0.143800 0.200800 0.169500 0.235800 0.207700 0.186400 0.136200 0.134500 0.138100 0.241900 0.189700 0.158100 0.163700 0.138600 0.116300 0.182300 0.122400 0.209600 0.156100 0.211900 0.145100 0.170300 0.000000 0.151600 0.144100 0.174100 0.225200 0.240000 0.172000 0.202200 0.193400 0.025200 0.163800 0.199700 0.150500 0.182400 0.214700 0.114900 0.101800
BlueSheep 0.053000 0.495300 0.160900 0.536200 0.088100 0.053100 0.139300 0.066100 0.168000 0.193800 0.037600 0.131300 0.060500 0.108200 0.156500 0.126700 0.244900 0.232700 0.082100 0.159800 0.106700 0.038300 0.194100 0.154000 0.032500 0.092600 0.053400 0.139600 0.139900 0.145700 0.187000 0.127800 0.204500 0.059800 0.091900 0.151600 0.000000 0.101000 0.145800 0.186500 0.169800 0.114100 0.178100 0.163300 0.138400 0.127800 0.112600 0.100300 0.138900 0.185300 0.152800 0.139500
BohorReedb 0.101400 0.469500 0.153300 0.571900 0.039700 0.101600 0.161700 0.100700 0.145200 0.209800 0.128300 0.123900 0.110000 0.129700 0.178500 0.148000 0.245000 0.216800 0.148100 0.152200 0.127700 0.101900 0.242900 0.184700 0.121700 0.099200 0.102300 0.132000 0.147000 0.138200 0.202900 0.149300 0.236400 0.108800 0.141100 0.144100 0.101000 0.000000 0.152800 0.218500 0.233400 0.135400 0.193800 0.163600 0.129900 0.164000 0.133500 0.121400 0.160200 0.207600 0.145300 0.132000
KirksDik 0.146500 0.527500 0.198900 0.616300 0.126100 0.146800 0.184100 0.117400 0.213600 0.178500 0.158500 0.169300 0.140900 0.145700 0.194100 0.135800 0.252000 0.239600 0.179200 0.190200 0.102700 0.132900 0.233000 0.199800 0.152000 0.116100 0.133200 0.185300 0.148600 0.198300 0.171800 0.164600 0.250200 0.125500 0.142700 0.174100 0.145800 0.152800 0.000000 0.201700 0.231200 0.109700 0.163500 0.217100 0.176100 0.179000 0.121500 0.144800 0.175300 0.185100 0.205500 0.192500
RoeDeer 0.187500 0.534200 0.219900 0.586400 0.190300 0.180400 0.234600 0.178200 0.227400 0.076200 0.200000 0.220400 0.181900 0.186100 0.254500 0.213000 0.242800 0.230200 0.224200 0.218300 0.207100 0.157000 0.090700 0.068600 0.193100 0.191300 0.157500 0.197400 0.218600 0.203400 0.069400 0.190600 0.250300 0.179800 0.197700 0.225200 0.186500 0.218500 0.201700 0.000000 0.083000 0.184400 0.076200 0.069300 0.211500 0.238500 0.220400 0.162100 0.257200 0.197100 0.211000 0.197300
WhiteLippe 0.170700 0.556700 0.251400 0.583300 0.203900 0.163700 0.233100 0.177200 0.259000 0.097300 0.183200 0.235400 0.180600 0.200600 0.286100 0.227500 0.241400 0.220800 0.206300 0.249600 0.205900 0.155900 0.032700 0.096500 0.176400 0.205700 0.156400 0.228500 0.233000 0.234400 0.090500 0.204900 0.249000 0.170900 0.211700 0.240000 0.169800 0.233400 0.231200 0.083000 0.000000 0.198800 0.097300 0.097600 0.226400 0.237200 0.234900 0.176300 0.272100 0.219200 0.242200 0.228400
ThomsonGaz 0.114800 0.488000 0.181800 0.563400 0.108200 0.115000 0.174400 0.071800 0.188900 0.191500 0.127100 0.151900 0.123300 0.128200 0.191800 0.051000 0.258600 0.230300 0.146600 0.150600 0.071500 0.086900 0.207800 0.167500 0.120500 0.044100 0.115500 0.160300 0.063700 0.166300 0.185800 0.147600 0.249900 0.121900 0.154000 0.172000 0.114100 0.135400 0.109700 0.184400 0.198800 0.000000 0.176000 0.184500 0.159700 0.147700 0.146500 0.120300 0.144600 0.220600 0.173500 0.160300
MuntiacusC 0.179100 0.520100 0.211200 0.627000 0.164900 0.172000 0.210300 0.169900 0.234900 0.013400 0.191600 0.195100 0.173400 0.162300 0.213500 0.204300 0.233900 0.204800 0.215200 0.225700 0.183100 0.164100 0.105200 0.089700 0.184700 0.182900 0.164800 0.204800 0.210000 0.210700 0.006600 0.182400 0.241300 0.156000 0.189300 0.202200 0.178100 0.193800 0.163500 0.076200 0.097300 0.176000 0.000000 0.090700 0.186900 0.213700 0.196400 0.169300 0.232400 0.204400 0.218400 0.204700
WhiteTaile 0.171800 0.496300 0.171300 0.600200 0.142500 0.164800 0.219100 0.170700 0.178600 0.090700 0.184300 0.188300 0.166100 0.186200 0.254200 0.213100 0.251300 0.230300 0.207700 0.170100 0.207300 0.141700 0.105500 0.052700 0.177500 0.175900 0.157600 0.149500 0.203300 0.155700 0.083900 0.206500 0.233900 0.164200 0.197500 0.193400 0.163300 0.163600 0.217100 0.069300 0.097600 0.184500 0.090700 0.000000 0.179800 0.238800 0.220600 0.162200 0.225400 0.221000 0.163000 0.149500
Cattle 0.124200 0.487300 0.122700 0.516000 0.088900 0.124400 0.155600 0.152800 0.116200 0.202900 0.151600 0.088000 0.133300 0.130600 0.187700 0.156600 0.238700 0.210200 0.172800 0.123000 0.150800 0.124800 0.235800 0.177900 0.144900 0.150700 0.125300 0.103000 0.169500 0.109200 0.196000 0.143100 0.214500 0.131800 0.157300 0.025200 0.138400 0.129900 0.176100 0.211500 0.226400 0.159700 0.186900 0.179800 0.000000 0.165600 0.186600 0.137400 0.169500 0.217200 0.101800 0.087400
RoyalAntel 0.128600 0.531600 0.180800 0.538500 0.136500 0.128800 0.117000 0.127300 0.187900 0.229800 0.112400 0.165900 0.137300 0.113600 0.205800 0.145900 0.247700 0.204300 0.145900 0.194700 0.125800 0.114600 0.263000 0.220400 0.134300 0.139900 0.129400 0.174500 0.159300 0.180400 0.223000 0.104800 0.208700 0.135800 0.153200 0.163800 0.127800 0.164000 0.179000 0.238500 0.237200 0.147700 0.213700 0.238800 0.165600 0.000000 0.174600 0.148300 0.143600 0.219200 0.187700 0.174500
Steenbok 0.113000 0.537900 0.194500 0.581300 0.120800 0.113200 0.165200 0.112200 0.193900 0.212000 0.125400 0.164500 0.121500 0.126600 0.189300 0.158800 0.287600 0.259200 0.159300 0.201000 0.138900 0.113500 0.244300 0.202800 0.118900 0.124500 0.113900 0.180900 0.171900 0.194000 0.205300 0.145800 0.253900 0.120200 0.151900 0.199700 0.112600 0.133500 0.121500 0.220400 0.234900 0.146500 0.196400 0.220600 0.186600 0.174600 0.000000 0.140000 0.170800 0.195500 0.201300 0.188100
Impala 0.100800 0.477700 0.144900 0.504600 0.094400 0.101000 0.139200 0.086100 0.137100 0.184800 0.099300 0.130100 0.094900 0.107500 0.177400 0.118800 0.226800 0.183400 0.117400 0.143700 0.112800 0.087100 0.169700 0.145600 0.106700 0.098700 0.073500 0.123800 0.139000 0.144600 0.178000 0.112800 0.172800 0.093900 0.125900 0.150500 0.100300 0.121400 0.144800 0.162100 0.176300 0.120300 0.169300 0.162200 0.137400 0.148300 0.140000 0.000000 0.144800 0.161200 0.151700 0.138500
Klipspring 0.153900 0.526600 0.184100 0.587300 0.134200 0.154200 0.149000 0.152700 0.191100 0.248500 0.123500 0.155200 0.148400 0.132000 0.215900 0.156700 0.258200 0.215300 0.171300 0.182900 0.151000 0.140000 0.281800 0.223100 0.145200 0.136700 0.140600 0.178000 0.176900 0.183800 0.241700 0.136900 0.234100 0.146800 0.149600 0.182400 0.138900 0.160200 0.175300 0.257200 0.272100 0.144600 0.232400 0.225400 0.169500 0.143600 0.170800 0.144800 0.000000 0.229700 0.190900 0.177900
ForestMusk 0.201300 0.503300 0.217600 0.517500 0.179700 0.201700 0.231400 0.184400 0.209100 0.204400 0.183100 0.210000 0.196000 0.215500 0.250800 0.233000 0.222800 0.195000 0.221400 0.200500 0.196900 0.186800 0.220900 0.195100 0.191700 0.211900 0.172200 0.180500 0.246600 0.201700 0.197600 0.204100 0.229700 0.178600 0.211000 0.214700 0.185300 0.207600 0.185100 0.197100 0.219200 0.220600 0.204400 0.221000 0.217200 0.219200 0.195500 0.161200 0.229700 0.000000 0.209000 0.195800
Bushbuck 0.153700 0.495000 0.046100 0.496200 0.102900 0.153000 0.192000 0.167300 0.038300 0.218400 0.151200 0.130900 0.148000 0.144900 0.202300 0.171000 0.254200 0.225800 0.187900 0.045800 0.165100 0.124400 0.251800 0.162000 0.144500 0.150300 0.139800 0.026300 0.154500 0.031900 0.211500 0.164700 0.246200 0.146300 0.163900 0.114900 0.152800 0.145300 0.205500 0.211000 0.242200 0.173500 0.218400 0.163000 0.101800 0.187700 0.201300 0.151700 0.190900 0.209000 0.000000 0.025600
GreaterKud 0.140300 0.478300 0.033100 0.504200 0.104100 0.140600 0.178900 0.154000 0.039700 0.204700 0.152900 0.117600 0.134500 0.146600 0.204700 0.158000 0.257400 0.228600 0.174200 0.031600 0.167100 0.111100 0.237900 0.148500 0.146100 0.137100 0.126400 0.012900 0.156300 0.019400 0.197700 0.151600 0.249200 0.132900 0.150900 0.101800 0.139500 0.132000 0.192500 0.197300 0.228400 0.160300 0.204700 0.149500 0.087400 0.174500 0.188100 0.138500 0.177900 0.195800 0.025600 0.000000
