CODONML (in paml version 4.10.7, June 2023)  /home/rachel/ruminants_paml/6406-phy-tree/ENSBTAT00000003532.fasta.phy
Model: free dN/dS Ratios for branches,  kappa = 2.000 fixed

Codon frequency model: F3x4
ns =  54  ls = 119

Codon usage in sequences
--------------------------------------------------------------------------------------------------------------------------------------
Phe TTT   2   2   2   2   4   2 | Ser TCT   2   1   2   2   2   2 | Tyr TAT   2   2   2   2   2   2 | Cys TGT   1   1   1   1   1   1
    TTC   4   4   4   4   2   5 |     TCC   2   2   2   2   1   1 |     TAC   1   1   1   1   1   1 |     TGC   2   2   2   2   2   2
Leu TTA   0   0   0   0   0   0 |     TCA   0   0   0   0   1   1 | *** TAA   0   0   0   0   0   0 | *** TGA   0   0   0   0   0   0
    TTG   1   1   1   1   1   1 |     TCG   0   1   0   0   0   0 |     TAG   0   0   0   0   0   0 | Trp TGG   2   2   2   2   2   2
--------------------------------------------------------------------------------------------------------------------------------------
Leu CTT   1   2   1   1   1   1 | Pro CCT   7   6   7   6   7   6 | His CAT   2   2   2   2   2   2 | Arg CGT   0   0   0   1   0   1
    CTC   2   0   2   2   1   0 |     CCC   1   1   1   1   1   1 |     CAC   0   0   0   0   0   0 |     CGC   0   1   0   0   1   0
    CTA   1   1   1   1   2   1 |     CCA   5   2   5   3   3   3 | Gln CAA   2   2   2   2   2   2 |     CGA   1   1   1   1   0   1
    CTG   0   1   0   0   1   2 |     CCG   0   2   0   2   1   1 |     CAG   5   5   5   5   5   5 |     CGG   0   0   0   0   0   0
--------------------------------------------------------------------------------------------------------------------------------------
Ile ATT   3   2   3   3   2   4 | Thr ACT   1   2   1   1   1   0 | Asn AAT   2   1   2   1   2   2 | Ser AGT   2   1   2   2   2   1
    ATC   1   2   1   1   3   2 |     ACC   2   2   1   2   2   1 |     AAC   5   6   5   6   5   6 |     AGC   2   3   3   2   2   3
    ATA   1   1   1   1   1   1 |     ACA   3   2   3   3   3   2 | Lys AAA   9  10   9   9   9   9 | Arg AGA   4   4   4   4   5   4
Met ATG   4   4   4   4   3   4 |     ACG   0   0   0   0   0   2 |     AAG   5   4   5   5   4   5 |     AGG   0   0   0   0   0   0
--------------------------------------------------------------------------------------------------------------------------------------
Val GTT   1   1   1   1   1   0 | Ala GCT   2   3   2   2   2   2 | Asp GAT   2   2   2   2   1   1 | Gly GGT   2   2   2   2   2   2
    GTC   2   2   2   2   2   2 |     GCC   1   1   1   1   1   1 |     GAC   5   5   5   5   6   5 |     GGC   0   0   0   0   0   0
    GTA   1   1   1   1   1   1 |     GCA   1   1   1   1   1   1 | Glu GAA   1   1   1   1   1   1 |     GGA   3   3   3   3   3   3
    GTG   2   2   2   2   2   2 |     GCG   0   0   0   0   0   0 |     GAG   6   6   6   6   6   6 |     GGG   0   0   0   0   0   0
--------------------------------------------------------------------------------------------------------------------------------------

--------------------------------------------------------------------------------------------------------------------------------------
Phe TTT   2   2   3   2   2   3 | Ser TCT   2   2   2   2   2   2 | Tyr TAT   2   2   2   2   2   2 | Cys TGT   1   1   1   1   1   1
    TTC   4   4   3   4   4   3 |     TCC   2   2   2   2   2   2 |     TAC   1   1   1   1   1   1 |     TGC   2   2   2   2   2   2
Leu TTA   0   0   0   0   0   0 |     TCA   0   0   0   0   0   0 | *** TAA   0   0   0   0   0   0 | *** TGA   0   0   0   0   0   0
    TTG   1   1   1   1   1   1 |     TCG   0   0   0   0   0   0 |     TAG   0   0   0   0   0   0 | Trp TGG   2   2   2   2   2   2
--------------------------------------------------------------------------------------------------------------------------------------
Leu CTT   1   1   1   1   1   1 | Pro CCT   7   7   7   7   7   8 | His CAT   2   2   2   2   2   1 | Arg CGT   0   0   0   0   0   0
    CTC   2   2   2   2   2   2 |     CCC   1   1   1   1   1   1 |     CAC   0   0   0   0   0   1 |     CGC   0   0   0   0   0   0
    CTA   1   1   1   1   1   1 |     CCA   4   5   3   5   5   4 | Gln CAA   2   2   2   2   2   2 |     CGA   1   1   1   1   1   1
    CTG   0   0   0   0   0   0 |     CCG   1   0   2   0   0   1 |     CAG   5   5   5   5   5   5 |     CGG   0   0   0   0   0   0
--------------------------------------------------------------------------------------------------------------------------------------
Ile ATT   3   3   3   3   3   3 | Thr ACT   1   1   1   1   1   1 | Asn AAT   2   2   2   2   1   1 | Ser AGT   2   2   2   2   2   2
    ATC   1   1   0   1   1   1 |     ACC   2   2   2   2   1   2 |     AAC   5   5   5   5   6   6 |     AGC   2   2   2   2   3   2
    ATA   1   1   2   1   1   1 |     ACA   3   3   3   3   3   3 | Lys AAA   9   9   9   9   9   9 | Arg AGA   4   4   4   4   4   4
Met ATG   4   4   4   4   4   4 |     ACG   0   0   0   0   0   0 |     AAG   5   5   5   5   5   5 |     AGG   0   0   0   0   0   0
--------------------------------------------------------------------------------------------------------------------------------------
Val GTT   1   1   1   1   1   1 | Ala GCT   2   2   2   2   2   1 | Asp GAT   2   2   2   2   2   2 | Gly GGT   2   2   2   2   2   2
    GTC   2   2   2   2   2   2 |     GCC   1   1   1   1   1   1 |     GAC   5   5   5   5   5   5 |     GGC   0   0   0   0   0   0
    GTA   1   1   1   1   1   1 |     GCA   1   1   1   1   1   1 | Glu GAA   2   1   1   1   1   2 |     GGA   3   3   3   3   3   3
    GTG   2   2   2   2   2   2 |     GCG   0   0   0   0   0   0 |     GAG   5   6   6   6   6   5 |     GGG   0   0   0   0   0   0
--------------------------------------------------------------------------------------------------------------------------------------

--------------------------------------------------------------------------------------------------------------------------------------
Phe TTT   2   3   1   3   2   2 | Ser TCT   2   2   2   2   2   2 | Tyr TAT   2   2   2   2   2   2 | Cys TGT   1   1   1   1   1   1
    TTC   4   3   5   3   4   4 |     TCC   2   2   2   2   2   2 |     TAC   1   1   1   1   1   1 |     TGC   2   2   2   2   2   2
Leu TTA   0   0   0   0   0   0 |     TCA   0   0   0   0   0   0 | *** TAA   0   0   0   0   0   0 | *** TGA   0   0   0   0   0   0
    TTG   1   1   1   1   1   1 |     TCG   0   0   0   0   0   0 |     TAG   0   0   0   0   0   0 | Trp TGG   2   2   2   2   2   2
--------------------------------------------------------------------------------------------------------------------------------------
Leu CTT   1   1   2   1   1   1 | Pro CCT   7   7   7   7   7   7 | His CAT   2   2   2   2   2   2 | Arg CGT   0   0   0   0   0   0
    CTC   2   2   2   2   2   2 |     CCC   1   1   1   1   1   1 |     CAC   0   0   0   0   0   0 |     CGC   0   0   0   0   0   0
    CTA   1   1   0   1   1   1 |     CCA   5   5   4   3   4   5 | Gln CAA   2   2   2   2   2   2 |     CGA   1   1   1   1   1   1
    CTG   0   0   0   0   0   0 |     CCG   0   0   1   2   1   0 |     CAG   5   5   5   5   5   5 |     CGG   0   0   0   0   0   0
--------------------------------------------------------------------------------------------------------------------------------------
Ile ATT   3   3   3   3   3   3 | Thr ACT   1   1   1   1   1   1 | Asn AAT   2   1   2   2   2   2 | Ser AGT   2   2   2   2   2   2
    ATC   1   1   1   1   1   1 |     ACC   2   2   2   2   2   2 |     AAC   5   6   5   5   5   5 |     AGC   2   2   2   2   2   2
    ATA   1   1   1   1   1   1 |     ACA   3   3   3   3   3   3 | Lys AAA   9   9   9   9   9   9 | Arg AGA   3   4   4   4   4   4
Met ATG   4   4   4   4   4   4 |     ACG   0   0   0   0   0   0 |     AAG   5   5   5   5   5   5 |     AGG   1   0   0   0   0   0
--------------------------------------------------------------------------------------------------------------------------------------
Val GTT   1   1   1   1   1   1 | Ala GCT   2   2   2   2   2   2 | Asp GAT   2   2   2   2   2   2 | Gly GGT   2   2   2   2   2   2
    GTC   2   2   2   2   2   2 |     GCC   1   1   1   1   1   1 |     GAC   5   5   5   5   5   5 |     GGC   0   0   0   0   0   0
    GTA   1   1   1   1   1   1 |     GCA   1   1   1   1   1   1 | Glu GAA   2   1   1   1   1   1 |     GGA   3   3   3   3   3   3
    GTG   2   2   2   2   2   2 |     GCG   0   0   0   0   0   0 |     GAG   5   6   6   6   6   6 |     GGG   0   0   0   0   0   0
--------------------------------------------------------------------------------------------------------------------------------------

--------------------------------------------------------------------------------------------------------------------------------------
Phe TTT   2   2   1   2   2   2 | Ser TCT   2   2   2   2   2   2 | Tyr TAT   2   2   2   2   2   2 | Cys TGT   1   1   1   1   1   1
    TTC   4   4   5   4   4   4 |     TCC   2   2   2   2   2   2 |     TAC   1   1   1   1   1   1 |     TGC   2   2   2   2   2   2
Leu TTA   0   0   0   0   0   0 |     TCA   0   0   0   0   0   0 | *** TAA   0   0   0   0   0   0 | *** TGA   0   0   0   0   0   0
    TTG   1   1   1   1   1   1 |     TCG   0   0   0   0   0   0 |     TAG   0   0   0   0   0   0 | Trp TGG   2   2   2   2   2   2
--------------------------------------------------------------------------------------------------------------------------------------
Leu CTT   1   1   1   1   1   1 | Pro CCT   7   7   7   7   7   7 | His CAT   2   2   2   2   2   2 | Arg CGT   0   0   0   0   0   0
    CTC   2   2   2   2   2   2 |     CCC   1   1   1   1   1   1 |     CAC   0   0   0   0   0   0 |     CGC   0   0   0   0   0   0
    CTA   1   1   1   1   1   1 |     CCA   4   3   4   5   5   5 | Gln CAA   1   2   2   2   2   2 |     CGA   1   1   1   1   1   1
    CTG   1   1   0   0   0   0 |     CCG   0   1   1   0   0   0 |     CAG   6   5   5   5   5   5 |     CGG   0   0   0   0   0   0
--------------------------------------------------------------------------------------------------------------------------------------
Ile ATT   3   3   3   3   3   3 | Thr ACT   1   1   1   1   1   1 | Asn AAT   1   1   2   1   3   2 | Ser AGT   1   1   2   2   2   2
    ATC   1   1   1   1   1   1 |     ACC   2   2   2   1   2   2 |     AAC   6   6   5   6   4   5 |     AGC   3   3   2   3   2   2
    ATA   1   1   1   1   1   1 |     ACA   3   3   3   3   3   3 | Lys AAA   9  10   8   9   9   9 | Arg AGA   4   4   4   4   4   4
Met ATG   4   4   4   4   4   4 |     ACG   0   0   0   0   0   0 |     AAG   5   4   6   5   5   5 |     AGG   0   0   0   0   0   0
--------------------------------------------------------------------------------------------------------------------------------------
Val GTT   1   1   1   1   1   1 | Ala GCT   2   2   2   2   2   2 | Asp GAT   2   2   2   2   2   2 | Gly GGT   2   2   2   2   2   2
    GTC   2   2   2   2   2   2 |     GCC   1   1   1   1   1   1 |     GAC   5   5   5   5   5   5 |     GGC   0   0   0   0   0   0
    GTA   1   1   1   1   1   1 |     GCA   1   1   1   1   1   1 | Glu GAA   1   1   1   1   1   2 |     GGA   3   3   3   3   3   3
    GTG   2   2   2   2   2   2 |     GCG   0   0   0   0   0   0 |     GAG   6   6   6   6   6   5 |     GGG   0   0   0   0   0   0
--------------------------------------------------------------------------------------------------------------------------------------

--------------------------------------------------------------------------------------------------------------------------------------
Phe TTT   2   2   2   2   1   3 | Ser TCT   3   2   2   2   2   2 | Tyr TAT   2   2   2   2   2   2 | Cys TGT   1   1   1   1   1   1
    TTC   4   4   4   4   5   3 |     TCC   2   2   2   2   2   2 |     TAC   1   1   1   1   1   1 |     TGC   2   2   2   2   2   2
Leu TTA   0   0   0   0   0   0 |     TCA   0   0   0   0   0   0 | *** TAA   0   0   0   0   0   0 | *** TGA   0   0   0   0   0   0
    TTG   1   1   1   1   1   1 |     TCG   0   0   0   0   0   0 |     TAG   0   0   0   0   0   0 | Trp TGG   2   2   2   2   2   2
--------------------------------------------------------------------------------------------------------------------------------------
Leu CTT   1   1   1   1   2   1 | Pro CCT   7   8   7   7   7   7 | His CAT   1   1   2   2   2   2 | Arg CGT   0   0   0   0   0   0
    CTC   2   2   2   2   2   2 |     CCC   1   1   1   1   1   1 |     CAC   1   1   0   0   0   0 |     CGC   0   0   0   0   0   0
    CTA   1   1   1   1   0   1 |     CCA   4   4   5   5   4   5 | Gln CAA   2   3   2   2   2   2 |     CGA   1   1   1   1   1   1
    CTG   0   0   0   0   0   0 |     CCG   1   1   0   0   1   0 |     CAG   5   4   5   5   5   5 |     CGG   0   0   0   0   0   0
--------------------------------------------------------------------------------------------------------------------------------------
Ile ATT   3   3   3   3   3   3 | Thr ACT   1   1   1   1   1   1 | Asn AAT   1   1   2   2   2   1 | Ser AGT   2   2   2   2   2   2
    ATC   1   1   1   1   1   1 |     ACC   2   2   2   2   2   1 |     AAC   6   6   5   5   5   6 |     AGC   2   2   2   2   2   3
    ATA   1   1   1   1   1   1 |     ACA   3   3   3   3   3   3 | Lys AAA   9   9   9   9   9   9 | Arg AGA   4   4   4   4   4   4
Met ATG   4   4   4   4   4   4 |     ACG   0   0   0   0   0   0 |     AAG   5   5   5   5   5   5 |     AGG   0   0   0   0   0   0
--------------------------------------------------------------------------------------------------------------------------------------
Val GTT   1   1   1   1   1   1 | Ala GCT   1   1   2   2   2   2 | Asp GAT   2   2   3   2   2   2 | Gly GGT   2   1   2   2   2   2
    GTC   2   2   2   2   2   2 |     GCC   1   1   1   1   1   1 |     GAC   5   5   4   5   5   5 |     GGC   0   1   0   0   0   0
    GTA   1   1   1   1   1   1 |     GCA   1   1   1   1   1   1 | Glu GAA   2   2   2   1   1   1 |     GGA   3   3   3   3   3   3
    GTG   2   2   2   2   2   2 |     GCG   0   0   0   0   0   0 |     GAG   5   5   5   6   6   6 |     GGG   0   0   0   0   0   0
--------------------------------------------------------------------------------------------------------------------------------------

--------------------------------------------------------------------------------------------------------------------------------------
Phe TTT   2   2   3   3   3   1 | Ser TCT   2   2   2   2   1   2 | Tyr TAT   2   2   2   2   1   2 | Cys TGT   1   1   0   1   1   1
    TTC   4   4   3   3   3   5 |     TCC   2   2   2   2   2   2 |     TAC   1   1   1   1   2   1 |     TGC   2   2   2   2   2   2
Leu TTA   0   0   0   0   0   0 |     TCA   0   0   0   0   0   0 | *** TAA   0   0   0   0   0   0 | *** TGA   0   0   0   0   0   0
    TTG   1   1   1   1   1   1 |     TCG   0   0   0   0   0   0 |     TAG   0   0   0   0   0   0 | Trp TGG   2   2   2   2   2   2
--------------------------------------------------------------------------------------------------------------------------------------
Leu CTT   1   1   1   1   1   2 | Pro CCT   7   7   8   7   7   7 | His CAT   2   2   1   2   2   2 | Arg CGT   0   0   1   0   0   0
    CTC   2   2   2   2   2   2 |     CCC   1   1   1   1   1   1 |     CAC   0   0   1   0   0   0 |     CGC   0   0   0   0   0   0
    CTA   1   1   1   1   1   0 |     CCA   5   5   4   3   4   4 | Gln CAA   2   2   2   1   2   2 |     CGA   1   1   1   1   0   1
    CTG   0   0   0   0   1   0 |     CCG   0   0   1   2   0   1 |     CAG   5   5   5   6   5   5 |     CGG   0   0   0   0   1   0
--------------------------------------------------------------------------------------------------------------------------------------
Ile ATT   3   3   3   3   2   2 | Thr ACT   1   1   1   1   1   1 | Asn AAT   2   1   1   2   1   2 | Ser AGT   2   2   2   2   1   2
    ATC   1   1   1   1   2   2 |     ACC   2   1   2   2   2   2 |     AAC   5   6   5   5   6   5 |     AGC   2   3   3   2   3   2
    ATA   1   1   1   1   1   1 |     ACA   3   3   3   3   3   3 | Lys AAA   9   9   9   9   8   9 | Arg AGA   4   4   4   4   4   4
Met ATG   4   4   4   4   4   4 |     ACG   0   0   0   0   0   0 |     AAG   5   5   5   5   5   5 |     AGG   0   0   0   0   1   0
--------------------------------------------------------------------------------------------------------------------------------------
Val GTT   1   1   1   1   1   1 | Ala GCT   2   2   0   2   2   2 | Asp GAT   2   2   2   2   2   2 | Gly GGT   2   2   2   2   2   2
    GTC   2   2   2   2   2   2 |     GCC   1   1   2   1   2   1 |     GAC   5   5   5   5   5   5 |     GGC   0   0   0   0   0   0
    GTA   1   1   2   1   2   1 |     GCA   1   1   1   1   1   1 | Glu GAA   1   1   2   1   1   2 |     GGA   3   3   2   3   2   3
    GTG   2   2   1   2   1   2 |     GCG   0   0   0   0   0   0 |     GAG   6   6   5   6   6   5 |     GGG   0   0   1   0   1   0
--------------------------------------------------------------------------------------------------------------------------------------

--------------------------------------------------------------------------------------------------------------------------------------
Phe TTT   2   2   2   2   2   1 | Ser TCT   2   2   2   2   1   2 | Tyr TAT   2   2   2   2   2   2 | Cys TGT   1   1   1   1   1   1
    TTC   4   4   4   4   4   5 |     TCC   2   2   2   2   2   2 |     TAC   1   1   1   1   1   1 |     TGC   2   2   2   2   2   2
Leu TTA   0   0   0   0   0   0 |     TCA   0   0   0   0   0   0 | *** TAA   0   0   0   0   0   0 | *** TGA   0   0   0   0   0   0
    TTG   1   1   1   1   1   1 |     TCG   0   0   0   0   0   0 |     TAG   0   0   0   0   0   0 | Trp TGG   2   2   2   2   2   2
--------------------------------------------------------------------------------------------------------------------------------------
Leu CTT   1   1   1   1   1   1 | Pro CCT   7   7   7   7   8   5 | His CAT   2   2   2   2   2   1 | Arg CGT   0   0   0   0   0   0
    CTC   2   2   2   2   2   3 |     CCC   1   1   1   1   1   2 |     CAC   0   0   0   0   0   1 |     CGC   0   0   0   0   0   0
    CTA   1   1   1   1   1   1 |     CCA   4   5   5   4   5   2 | Gln CAA   2   2   2   2   2   1 |     CGA   1   1   1   1   1   0
    CTG   0   0   0   0   0   0 |     CCG   1   0   0   1   0   5 |     CAG   5   5   5   5   5   6 |     CGG   0   0   0   0   0   1
--------------------------------------------------------------------------------------------------------------------------------------
Ile ATT   3   3   3   3   3   3 | Thr ACT   1   1   1   1   1   1 | Asn AAT   2   1   2   2   2   1 | Ser AGT   2   2   2   2   2   0
    ATC   1   1   1   1   1   1 |     ACC   2   2   2   2   2   1 |     AAC   5   6   5   5   5   6 |     AGC   2   2   2   2   2   4
    ATA   1   1   1   1   1   1 |     ACA   3   3   3   3   3   3 | Lys AAA   9   9   9   9   8   8 | Arg AGA   4   4   4   4   4   3
Met ATG   4   4   4   4   4   4 |     ACG   0   0   0   0   0   0 |     AAG   5   5   5   5   6   6 |     AGG   0   0   0   0   0   1
--------------------------------------------------------------------------------------------------------------------------------------
Val GTT   1   1   1   1   1   1 | Ala GCT   2   2   2   2   1   1 | Asp GAT   2   2   2   2   2   2 | Gly GGT   2   2   2   2   2   1
    GTC   2   2   2   2   2   2 |     GCC   1   1   1   1   2   1 |     GAC   5   5   5   5   5   5 |     GGC   0   0   0   0   0   1
    GTA   1   1   1   1   1   1 |     GCA   1   1   1   1   1   1 | Glu GAA   1   1   2   1   1   2 |     GGA   3   3   3   3   3   3
    GTG   2   2   2   2   2   2 |     GCG   0   0   0   0   0   0 |     GAG   6   6   5   6   6   5 |     GGG   0   0   0   0   0   0
--------------------------------------------------------------------------------------------------------------------------------------

--------------------------------------------------------------------------------------------------------------------------------------
Phe TTT   2   2   3   2   2   2 | Ser TCT   2   2   2   2   2   2 | Tyr TAT   2   2   2   2   2   2 | Cys TGT   1   1   1   1   1   1
    TTC   4   4   3   4   4   4 |     TCC   2   2   2   2   2   2 |     TAC   1   1   1   1   1   1 |     TGC   2   2   2   2   2   2
Leu TTA   0   0   0   0   0   0 |     TCA   0   0   0   0   0   0 | *** TAA   0   0   0   0   0   0 | *** TGA   0   0   0   0   0   0
    TTG   1   1   1   1   1   1 |     TCG   0   0   0   0   0   0 |     TAG   0   0   0   0   0   0 | Trp TGG   2   2   2   2   2   2
--------------------------------------------------------------------------------------------------------------------------------------
Leu CTT   1   1   1   1   1   1 | Pro CCT   8   7   8   7   7   7 | His CAT   0   2   1   1   2   2 | Arg CGT   0   0   0   0   0   0
    CTC   2   2   2   3   2   2 |     CCC   1   1   1   2   1   1 |     CAC   2   0   1   1   0   0 |     CGC   0   0   0   0   0   0
    CTA   1   1   1   0   1   1 |     CCA   3   5   4   4   5   3 | Gln CAA   2   2   2   3   2   2 |     CGA   0   1   1   1   1   1
    CTG   0   0   0   0   0   0 |     CCG   2   0   1   1   0   2 |     CAG   5   5   5   4   5   5 |     CGG   1   0   0   0   0   0
--------------------------------------------------------------------------------------------------------------------------------------
Ile ATT   3   3   3   3   3   3 | Thr ACT   1   1   1   1   1   1 | Asn AAT   1   2   1   1   1   2 | Ser AGT   2   2   2   2   2   2
    ATC   1   1   1   1   1   1 |     ACC   2   2   2   2   2   2 |     AAC   6   5   6   6   6   5 |     AGC   2   2   2   2   2   2
    ATA   1   1   1   1   1   1 |     ACA   3   3   3   3   3   3 | Lys AAA   8   9   9   9   9   9 | Arg AGA   4   4   4   4   4   3
Met ATG   4   4   4   4   4   4 |     ACG   0   0   0   0   0   0 |     AAG   6   5   5   5   5   5 |     AGG   0   0   0   0   0   1
--------------------------------------------------------------------------------------------------------------------------------------
Val GTT   1   1   1   1   1   1 | Ala GCT   1   2   1   1   2   2 | Asp GAT   2   2   2   2   2   2 | Gly GGT   2   2   2   1   2   2
    GTC   2   2   2   2   2   2 |     GCC   1   1   1   1   1   1 |     GAC   6   5   5   5   5   5 |     GGC   0   0   0   1   0   0
    GTA   1   1   1   1   1   1 |     GCA   1   1   1   1   1   1 | Glu GAA   2   2   2   2   1   1 |     GGA   3   3   3   3   3   3
    GTG   2   2   2   2   2   2 |     GCG   0   0   0   0   0   0 |     GAG   3   5   5   5   6   6 |     GGG   1   0   0   0   0   0
--------------------------------------------------------------------------------------------------------------------------------------

--------------------------------------------------------------------------------------------------------------------------------------
Phe TTT   2   3   2   2   2   2 | Ser TCT   2   1   2   2   2   2 | Tyr TAT   2   2   2   2   2   2 | Cys TGT   1   1   1   1   1   1
    TTC   4   4   4   4   4   4 |     TCC   2   2   1   2   2   2 |     TAC   1   1   1   1   1   1 |     TGC   2   2   2   2   2   2
Leu TTA   0   0   0   0   0   0 |     TCA   0   0   0   0   0   0 | *** TAA   0   0   0   0   0   0 | *** TGA   0   0   0   0   0   0
    TTG   1   1   1   1   1   1 |     TCG   0   0   1   0   0   0 |     TAG   0   0   0   0   0   0 | Trp TGG   2   2   2   2   2   2
--------------------------------------------------------------------------------------------------------------------------------------
Leu CTT   1   1   1   1   1   1 | Pro CCT   7   7   6   6   7   7 | His CAT   2   2   2   2   2   2 | Arg CGT   0   0   0   1   0   0
    CTC   2   2   2   2   2   2 |     CCC   1   1   2   1   1   1 |     CAC   0   0   0   0   0   0 |     CGC   0   0   0   0   0   0
    CTA   1   1   1   1   1   1 |     CCA   5   4   4   3   5   5 | Gln CAA   2   2   3   2   2   2 |     CGA   1   1   1   1   1   1
    CTG   0   0   0   0   0   0 |     CCG   0   1   1   2   0   0 |     CAG   5   5   4   5   5   5 |     CGG   0   0   0   0   0   0
--------------------------------------------------------------------------------------------------------------------------------------
Ile ATT   3   3   3   3   3   3 | Thr ACT   1   1   1   1   1   1 | Asn AAT   2   2   2   1   1   1 | Ser AGT   2   2   2   2   2   2
    ATC   1   1   1   1   1   1 |     ACC   2   2   2   2   1   1 |     AAC   5   5   5   6   6   6 |     AGC   2   2   2   2   3   3
    ATA   1   1   1   1   1   1 |     ACA   3   3   3   3   3   3 | Lys AAA   8   9   9   9   9   9 | Arg AGA   4   4   3   4   4   4
Met ATG   4   4   4   4   4   4 |     ACG   0   0   0   0   0   0 |     AAG   6   5   5   5   5   5 |     AGG   0   0   1   0   0   0
--------------------------------------------------------------------------------------------------------------------------------------
Val GTT   1   1   1   1   1   1 | Ala GCT   2   2   2   2   2   2 | Asp GAT   2   2   2   2   2   2 | Gly GGT   2   2   2   2   2   2
    GTC   2   2   2   2   2   2 |     GCC   1   1   1   1   1   1 |     GAC   5   5   5   5   5   5 |     GGC   0   0   0   0   0   0
    GTA   1   1   1   1   1   1 |     GCA   1   1   1   1   1   1 | Glu GAA   1   1   1   1   1   1 |     GGA   3   3   3   3   3   3
    GTG   2   2   2   2   2   2 |     GCG   0   0   0   0   0   0 |     GAG   6   6   6   6   6   6 |     GGG   0   0   0   0   0   0
--------------------------------------------------------------------------------------------------------------------------------------

Codon position x base (3x4) table for each sequence.

#1: Argali         
position  1:    T:0.15966    C:0.22689    A:0.36975    G:0.24370
position  2:    T:0.21849    C:0.22689    A:0.39496    G:0.15966
position  3:    T:0.26891    C:0.25210    A:0.26891    G:0.21008
Average         T:0.21569    C:0.23529    A:0.34454    G:0.20448

#2: LesserMouseDeer
position  1:    T:0.15966    C:0.21849    A:0.36975    G:0.25210
position  2:    T:0.21849    C:0.21849    A:0.39496    G:0.16807
position  3:    T:0.25210    C:0.26891    A:0.24370    G:0.23529
Average         T:0.21008    C:0.23529    A:0.33613    G:0.21849

#3: LesserKudu     
position  1:    T:0.15966    C:0.22689    A:0.36975    G:0.24370
position  2:    T:0.21849    C:0.21849    A:0.39496    G:0.16807
position  3:    T:0.26891    C:0.25210    A:0.26891    G:0.21008
Average         T:0.21569    C:0.23249    A:0.34454    G:0.20728

#4: ForestMuskDeer2
position  1:    T:0.15966    C:0.22689    A:0.36975    G:0.24370
position  2:    T:0.21849    C:0.21849    A:0.39496    G:0.16807
position  3:    T:0.26050    C:0.26050    A:0.25210    G:0.22689
Average         T:0.21289    C:0.23529    A:0.33894    G:0.21289

#5: Camel          
position  1:    T:0.15966    C:0.22689    A:0.36975    G:0.24370
position  2:    T:0.22689    C:0.21849    A:0.38655    G:0.16807
position  3:    T:0.26891    C:0.25210    A:0.26891    G:0.21008
Average         T:0.21849    C:0.23249    A:0.34174    G:0.20728

#6: KillerWhale    
position  1:    T:0.16807    C:0.21849    A:0.38655    G:0.22689
position  2:    T:0.23529    C:0.20168    A:0.39496    G:0.16807
position  3:    T:0.24370    C:0.25210    A:0.25210    G:0.25210
Average         T:0.21569    C:0.22409    A:0.34454    G:0.21569

#7: DefassaWaterbuck
position  1:    T:0.15966    C:0.22689    A:0.36975    G:0.24370
position  2:    T:0.21849    C:0.22689    A:0.39496    G:0.15966
position  3:    T:0.26891    C:0.25210    A:0.26891    G:0.21008
Average         T:0.21569    C:0.23529    A:0.34454    G:0.20448

#8: Sheep          
position  1:    T:0.15966    C:0.22689    A:0.36975    G:0.24370
position  2:    T:0.21849    C:0.22689    A:0.39496    G:0.15966
position  3:    T:0.26891    C:0.25210    A:0.26891    G:0.21008
Average         T:0.21569    C:0.23529    A:0.34454    G:0.20448

#9: MaxwellsDuiker 
position  1:    T:0.15966    C:0.22689    A:0.36975    G:0.24370
position  2:    T:0.21849    C:0.22689    A:0.39496    G:0.15966
position  3:    T:0.27731    C:0.23529    A:0.26050    G:0.22689
Average         T:0.21849    C:0.22969    A:0.34174    G:0.21008

#10: GazellaPrzewalskyi
position  1:    T:0.15966    C:0.22689    A:0.36975    G:0.24370
position  2:    T:0.21849    C:0.22689    A:0.39496    G:0.15966
position  3:    T:0.26891    C:0.25210    A:0.26891    G:0.21008
Average         T:0.21569    C:0.23529    A:0.34454    G:0.20448

#11: MountainNyala  
position  1:    T:0.15966    C:0.22689    A:0.36975    G:0.24370
position  2:    T:0.21849    C:0.21849    A:0.39496    G:0.16807
position  3:    T:0.26050    C:0.26050    A:0.26891    G:0.21008
Average         T:0.21289    C:0.23529    A:0.34454    G:0.20728

#12: MuntiacusMuntjak
position  1:    T:0.15966    C:0.23529    A:0.36975    G:0.23529
position  2:    T:0.21849    C:0.22689    A:0.39496    G:0.15966
position  3:    T:0.26050    C:0.26050    A:0.26891    G:0.21008
Average         T:0.21289    C:0.24090    A:0.34454    G:0.20168

#13: goat           
position  1:    T:0.15966    C:0.22689    A:0.36975    G:0.24370
position  2:    T:0.21849    C:0.22689    A:0.39496    G:0.15966
position  3:    T:0.26891    C:0.25210    A:0.26891    G:0.21008
Average         T:0.21569    C:0.23529    A:0.34454    G:0.20448

#14: AfricanBuffalo 
position  1:    T:0.15966    C:0.22689    A:0.36975    G:0.24370
position  2:    T:0.21849    C:0.22689    A:0.39496    G:0.15966
position  3:    T:0.26891    C:0.25210    A:0.26891    G:0.21008
Average         T:0.21569    C:0.23529    A:0.34454    G:0.20448

#15: Topi           
position  1:    T:0.15966    C:0.22689    A:0.36975    G:0.24370
position  2:    T:0.21849    C:0.22689    A:0.39496    G:0.15966
position  3:    T:0.26891    C:0.26050    A:0.25210    G:0.21849
Average         T:0.21569    C:0.23810    A:0.33894    G:0.20728

#16: CommonDuiker   
position  1:    T:0.15966    C:0.22689    A:0.36975    G:0.24370
position  2:    T:0.21849    C:0.22689    A:0.39496    G:0.15966
position  3:    T:0.27731    C:0.24370    A:0.25210    G:0.22689
Average         T:0.21849    C:0.23249    A:0.33894    G:0.21008

#17: Suni           
position  1:    T:0.15966    C:0.22689    A:0.36975    G:0.24370
position  2:    T:0.21849    C:0.22689    A:0.39496    G:0.15966
position  3:    T:0.26891    C:0.25210    A:0.26050    G:0.21849
Average         T:0.21569    C:0.23529    A:0.34174    G:0.20728

#18: Springbuck     
position  1:    T:0.15966    C:0.22689    A:0.36975    G:0.24370
position  2:    T:0.21849    C:0.22689    A:0.39496    G:0.15966
position  3:    T:0.26891    C:0.25210    A:0.26891    G:0.21008
Average         T:0.21569    C:0.23529    A:0.34454    G:0.20448

#19: Okapi          
position  1:    T:0.15966    C:0.22689    A:0.36975    G:0.24370
position  2:    T:0.22689    C:0.21849    A:0.39496    G:0.15966
position  3:    T:0.25210    C:0.26891    A:0.25210    G:0.22689
Average         T:0.21289    C:0.23810    A:0.33894    G:0.21008

#20: Giraffe        
position  1:    T:0.15966    C:0.22689    A:0.36975    G:0.24370
position  2:    T:0.22689    C:0.21849    A:0.39496    G:0.15966
position  3:    T:0.25210    C:0.26891    A:0.26050    G:0.21849
Average         T:0.21289    C:0.23810    A:0.34174    G:0.20728

#21: TibetanAntelope
position  1:    T:0.15966    C:0.22689    A:0.36975    G:0.24370
position  2:    T:0.21849    C:0.22689    A:0.39496    G:0.15966
position  3:    T:0.26050    C:0.26050    A:0.25210    G:0.22689
Average         T:0.21289    C:0.23810    A:0.33894    G:0.21008

#22: Sitatunga      
position  1:    T:0.15966    C:0.22689    A:0.36975    G:0.24370
position  2:    T:0.21849    C:0.21849    A:0.39496    G:0.16807
position  3:    T:0.26050    C:0.26050    A:0.26891    G:0.21008
Average         T:0.21289    C:0.23529    A:0.34454    G:0.20728

#23: Oribi          
position  1:    T:0.15966    C:0.22689    A:0.36975    G:0.24370
position  2:    T:0.21849    C:0.22689    A:0.39496    G:0.15966
position  3:    T:0.27731    C:0.24370    A:0.26891    G:0.21008
Average         T:0.21849    C:0.23249    A:0.34454    G:0.20448

#24: BarbarySheep   
position  1:    T:0.15966    C:0.22689    A:0.36975    G:0.24370
position  2:    T:0.21849    C:0.22689    A:0.39496    G:0.15966
position  3:    T:0.26891    C:0.25210    A:0.27731    G:0.20168
Average         T:0.21569    C:0.23529    A:0.34734    G:0.20168

#25: Daviddeer      
position  1:    T:0.16807    C:0.22689    A:0.36975    G:0.23529
position  2:    T:0.21849    C:0.22689    A:0.39496    G:0.15966
position  3:    T:0.25210    C:0.26891    A:0.26891    G:0.21008
Average         T:0.21289    C:0.24090    A:0.34454    G:0.20168

#26: Reindeer       
position  1:    T:0.15966    C:0.23529    A:0.36975    G:0.23529
position  2:    T:0.21849    C:0.22689    A:0.39496    G:0.15966
position  3:    T:0.24370    C:0.27731    A:0.27731    G:0.20168
Average         T:0.20728    C:0.24650    A:0.34734    G:0.19888

#27: Ibex           
position  1:    T:0.15966    C:0.22689    A:0.36975    G:0.24370
position  2:    T:0.21849    C:0.22689    A:0.39496    G:0.15966
position  3:    T:0.27731    C:0.24370    A:0.27731    G:0.20168
Average         T:0.21849    C:0.23249    A:0.34734    G:0.20168

#28: GyrantGazelle  
position  1:    T:0.15966    C:0.22689    A:0.36975    G:0.24370
position  2:    T:0.21849    C:0.22689    A:0.39496    G:0.15966
position  3:    T:0.26891    C:0.25210    A:0.26891    G:0.21008
Average         T:0.21569    C:0.23529    A:0.34454    G:0.20448

#29: Hartebeest     
position  1:    T:0.15966    C:0.22689    A:0.36975    G:0.24370
position  2:    T:0.21849    C:0.22689    A:0.39496    G:0.15966
position  3:    T:0.26891    C:0.26050    A:0.25210    G:0.21849
Average         T:0.21569    C:0.23810    A:0.33894    G:0.20728

#30: Bongo          
position  1:    T:0.15966    C:0.22689    A:0.36975    G:0.24370
position  2:    T:0.21849    C:0.21849    A:0.39496    G:0.16807
position  3:    T:0.26891    C:0.25210    A:0.26891    G:0.21008
Average         T:0.21569    C:0.23249    A:0.34454    G:0.20728

#31: Gerenuk        
position  1:    T:0.15966    C:0.22689    A:0.36975    G:0.24370
position  2:    T:0.21849    C:0.22689    A:0.39496    G:0.15966
position  3:    T:0.26891    C:0.25210    A:0.26891    G:0.21008
Average         T:0.21569    C:0.23529    A:0.34454    G:0.20448

#32: CommonEland    
position  1:    T:0.15966    C:0.22689    A:0.36975    G:0.24370
position  2:    T:0.21849    C:0.21849    A:0.39496    G:0.16807
position  3:    T:0.26050    C:0.26050    A:0.26891    G:0.21008
Average         T:0.21289    C:0.23529    A:0.34454    G:0.20728

#33: MuntiacusReevesi
position  1:    T:0.15126    C:0.24370    A:0.36975    G:0.23529
position  2:    T:0.21849    C:0.22689    A:0.38655    G:0.16807
position  3:    T:0.25210    C:0.26891    A:0.26891    G:0.21008
Average         T:0.20728    C:0.24650    A:0.34174    G:0.20448

#34: HarveysDuiker  
position  1:    T:0.15966    C:0.22689    A:0.36975    G:0.24370
position  2:    T:0.21849    C:0.22689    A:0.39496    G:0.15966
position  3:    T:0.27731    C:0.24370    A:0.24370    G:0.23529
Average         T:0.21849    C:0.23249    A:0.33613    G:0.21289

#35: Pronghorn      
position  1:    T:0.15126    C:0.22689    A:0.36975    G:0.25210
position  2:    T:0.22689    C:0.21849    A:0.38655    G:0.16807
position  3:    T:0.23529    C:0.28571    A:0.24370    G:0.23529
Average         T:0.20448    C:0.24370    A:0.33333    G:0.21849

#36: BlueWildebeest 
position  1:    T:0.15966    C:0.22689    A:0.36975    G:0.24370
position  2:    T:0.21849    C:0.22689    A:0.39496    G:0.15966
position  3:    T:0.26050    C:0.26891    A:0.26050    G:0.21008
Average         T:0.21289    C:0.24090    A:0.34174    G:0.20448

#37: Gemsbok        
position  1:    T:0.15966    C:0.22689    A:0.36975    G:0.24370
position  2:    T:0.21849    C:0.22689    A:0.39496    G:0.15966
position  3:    T:0.26891    C:0.25210    A:0.26050    G:0.21849
Average         T:0.21569    C:0.23529    A:0.34174    G:0.20728

#38: Yak            
position  1:    T:0.15966    C:0.22689    A:0.36975    G:0.24370
position  2:    T:0.21849    C:0.22689    A:0.39496    G:0.15966
position  3:    T:0.26050    C:0.26050    A:0.26891    G:0.21008
Average         T:0.21289    C:0.23810    A:0.34454    G:0.20448

#39: BlueSheep      
position  1:    T:0.15966    C:0.22689    A:0.36975    G:0.24370
position  2:    T:0.21849    C:0.22689    A:0.39496    G:0.15966
position  3:    T:0.26891    C:0.25210    A:0.27731    G:0.20168
Average         T:0.21569    C:0.23529    A:0.34734    G:0.20168

#40: BohorReedbuck  
position  1:    T:0.15966    C:0.22689    A:0.36975    G:0.24370
position  2:    T:0.21849    C:0.22689    A:0.39496    G:0.15966
position  3:    T:0.26891    C:0.25210    A:0.26050    G:0.21849
Average         T:0.21569    C:0.23529    A:0.34174    G:0.20728

#41: KirksDik       
position  1:    T:0.15126    C:0.23529    A:0.36975    G:0.24370
position  2:    T:0.21849    C:0.22689    A:0.39496    G:0.15966
position  3:    T:0.26050    C:0.26050    A:0.26050    G:0.21849
Average         T:0.21008    C:0.24090    A:0.34174    G:0.20728

#42: RoeDeer        
position  1:    T:0.15966    C:0.24370    A:0.36134    G:0.23529
position  2:    T:0.22689    C:0.21849    A:0.39496    G:0.15966
position  3:    T:0.19328    C:0.31092    A:0.21849    G:0.27731
Average         T:0.19328    C:0.25770    A:0.32493    G:0.22409

#43: WhiteLippedDeer
position  1:    T:0.15966    C:0.23529    A:0.36975    G:0.23529
position  2:    T:0.21849    C:0.22689    A:0.38655    G:0.16807
position  3:    T:0.24370    C:0.28571    A:0.24370    G:0.22689
Average         T:0.20728    C:0.24930    A:0.33333    G:0.21008

#44: ThomsonGazelle 
position  1:    T:0.15966    C:0.22689    A:0.36975    G:0.24370
position  2:    T:0.21849    C:0.22689    A:0.39496    G:0.15966
position  3:    T:0.26891    C:0.25210    A:0.27731    G:0.20168
Average         T:0.21569    C:0.23529    A:0.34734    G:0.20168

#45: MuntiacusCrinifrons
position  1:    T:0.15966    C:0.23529    A:0.36975    G:0.23529
position  2:    T:0.21849    C:0.22689    A:0.39496    G:0.15966
position  3:    T:0.26050    C:0.26050    A:0.26891    G:0.21008
Average         T:0.21289    C:0.24090    A:0.34454    G:0.20168

#46: WhiteTailedDeer
position  1:    T:0.15966    C:0.23529    A:0.36975    G:0.23529
position  2:    T:0.21849    C:0.22689    A:0.39496    G:0.15966
position  3:    T:0.23529    C:0.29412    A:0.26891    G:0.20168
Average         T:0.20448    C:0.25210    A:0.34454    G:0.19888

#47: Cattle         
position  1:    T:0.15966    C:0.22689    A:0.36975    G:0.24370
position  2:    T:0.21849    C:0.22689    A:0.39496    G:0.15966
position  3:    T:0.26050    C:0.26050    A:0.26891    G:0.21008
Average         T:0.21289    C:0.23810    A:0.34454    G:0.20448

#48: RoyalAntelope  
position  1:    T:0.15966    C:0.22689    A:0.36975    G:0.24370
position  2:    T:0.21849    C:0.22689    A:0.39496    G:0.15966
position  3:    T:0.26891    C:0.25210    A:0.24370    G:0.23529
Average         T:0.21569    C:0.23529    A:0.33613    G:0.21289

#49: Steenbok       
position  1:    T:0.15966    C:0.22689    A:0.36975    G:0.24370
position  2:    T:0.21849    C:0.22689    A:0.39496    G:0.15966
position  3:    T:0.26891    C:0.25210    A:0.26050    G:0.21849
Average         T:0.21569    C:0.23529    A:0.34174    G:0.20728

#50: Impala         
position  1:    T:0.15966    C:0.22689    A:0.36975    G:0.24370
position  2:    T:0.22689    C:0.21849    A:0.39496    G:0.15966
position  3:    T:0.26891    C:0.25210    A:0.26050    G:0.21849
Average         T:0.21849    C:0.23249    A:0.34174    G:0.20728

#51: Klipspringer   
position  1:    T:0.15966    C:0.22689    A:0.36975    G:0.24370
position  2:    T:0.21849    C:0.22689    A:0.39496    G:0.15966
