1
52 1
Argali 0.000000 0.347200 0.055700 0.237600 0.121100 0.006700 0.034000 0.100700 0.056100 0.137600 0.020300 0.063000 0.034200 0.041200 0.048300 0.115100 0.085900 0.124100 0.041000 0.063300 0.100700 0.041300 0.098400 0.092800 0.027200 0.092200 0.027300 0.063100 0.092500 0.048500 0.145500 0.055100 0.098700 0.034400 0.034100 0.077800 0.027200 0.121500 0.069900 0.147600 0.076500 0.138400 0.145500 0.099900 0.077500 0.069800 0.078000 0.034100 0.056100 0.055900 0.055600 0.055600
LesserMous 0.347200 0.000000 0.346600 0.239100 0.395300 0.357300 0.332500 0.401400 0.360000 0.383000 0.342400 0.359600 0.374800 0.343600 0.365200 0.422000 0.327500 0.368000 0.353200 0.370300 0.358900 0.354200 0.340300 0.327700 0.352700 0.386300 0.364500 0.336500 0.387800 0.336700 0.394100 0.362800 0.330300 0.356500 0.374300 0.381100 0.323800 0.407400 0.364900 0.392000 0.312000 0.423800 0.394100 0.336900 0.360000 0.346200 0.391600 0.335900 0.382100 0.323500 0.356000 0.325700
LesserKudu 0.055700 0.346600 0.000000 0.257100 0.105900 0.062900 0.033900 0.100500 0.027600 0.153100 0.062200 0.062900 0.076900 0.041100 0.055300 0.115600 0.100700 0.123700 0.083900 0.020600 0.114800 0.084300 0.113200 0.107900 0.069500 0.067900 0.069600 0.006800 0.083700 0.006700 0.161200 0.055000 0.113800 0.062800 0.076600 0.077800 0.069500 0.129100 0.084500 0.171900 0.091100 0.129100 0.161200 0.115000 0.077500 0.069700 0.092900 0.062600 0.085500 0.084900 0.013600 0.013500
KillerWhal 0.237600 0.239100 0.257100 0.000000 0.340000 0.247200 0.263600 0.276700 0.268900 0.349800 0.254700 0.306100 0.265500 0.255500 0.247000 0.310600 0.277100 0.314600 0.292000 0.287900 0.285800 0.276100 0.308400 0.334900 0.264600 0.274100 0.255800 0.247700 0.302800 0.248300 0.360400 0.291500 0.289400 0.248200 0.264000 0.326500 0.274900 0.340000 0.254800 0.322900 0.298800 0.341900 0.360400 0.344000 0.305400 0.283300 0.277900 0.264300 0.287100 0.238200 0.265800 0.238000
DefassaWat 0.121100 0.395300 0.105900 0.340000 0.000000 0.128800 0.097400 0.186400 0.137600 0.225900 0.127400 0.145000 0.143300 0.105100 0.135500 0.202200 0.146100 0.170600 0.135100 0.129600 0.186700 0.151200 0.173900 0.177900 0.135300 0.143900 0.135600 0.114000 0.160800 0.113400 0.234900 0.105100 0.136000 0.128700 0.143000 0.153300 0.135200 0.033700 0.136300 0.247400 0.158500 0.194100 0.234900 0.185300 0.137300 0.143900 0.161600 0.113100 0.138200 0.152300 0.120900 0.120900
Sheep 0.006700 0.357300 0.062900 0.247200 0.128800 0.000000 0.041000 0.108400 0.063400 0.145500 0.027200 0.070300 0.041300 0.048200 0.055400 0.122900 0.093500 0.132000 0.048100 0.070600 0.108400 0.034300 0.106000 0.092900 0.034200 0.084700 0.034300 0.070400 0.100000 0.055700 0.153600 0.062200 0.106200 0.041500 0.041100 0.085200 0.034200 0.129200 0.077200 0.147700 0.083900 0.146200 0.153600 0.099900 0.084900 0.077200 0.085500 0.041100 0.063300 0.048700 0.062800 0.062900
MaxwellsDu 0.034000 0.332500 0.033900 0.263600 0.097400 0.041000 0.000000 0.091900 0.048300 0.128200 0.040500 0.055100 0.054700 0.020100 0.061800 0.105800 0.077300 0.114800 0.061400 0.041200 0.091900 0.061800 0.089900 0.084300 0.047500 0.069100 0.047600 0.041000 0.069400 0.040900 0.136000 0.033600 0.090200 0.055000 0.054400 0.069600 0.047500 0.105200 0.061900 0.145900 0.068400 0.113800 0.136000 0.091200 0.069300 0.076200 0.069700 0.040800 0.062600 0.062300 0.033900 0.047800
GazellaPrz 0.100700 0.401400 0.100500 0.276700 0.186400 0.108400 0.091900 0.000000 0.093700 0.195800 0.092000 0.116300 0.107400 0.084800 0.123000 0.084400 0.132600 0.148500 0.130200 0.108900 0.071300 0.130800 0.161300 0.156400 0.099600 0.062900 0.099900 0.108500 0.077600 0.093000 0.204500 0.099700 0.146300 0.108100 0.122500 0.132300 0.114900 0.195600 0.055900 0.198700 0.137800 0.121500 0.204500 0.164000 0.132000 0.139000 0.078900 0.108000 0.117200 0.131600 0.100400 0.100500
MountainNy 0.056100 0.360000 0.027600 0.268900 0.137600 0.063400 0.048300 0.093700 0.000000 0.154400 0.062700 0.063400 0.077600 0.055700 0.070300 0.116500 0.101500 0.124700 0.084600 0.034800 0.115700 0.085100 0.114200 0.108800 0.070100 0.098600 0.070200 0.034700 0.099200 0.020600 0.162600 0.069900 0.114700 0.078100 0.077200 0.078400 0.070100 0.145800 0.085200 0.173400 0.091800 0.146000 0.162600 0.116000 0.078100 0.085100 0.093600 0.063100 0.086200 0.085700 0.013700 0.027500
MuntiacusM 0.137600 0.383000 0.153100 0.349800 0.225900 0.145500 0.128200 0.195800 0.154400 0.000000 0.143700 0.161800 0.144600 0.136300 0.152500 0.211400 0.154300 0.195400 0.151600 0.162100 0.204300 0.168500 0.090500 0.122600 0.151800 0.193100 0.152300 0.161700 0.177900 0.145200 0.006600 0.151500 0.183000 0.161100 0.159600 0.178400 0.151900 0.217900 0.168600 0.171200 0.068900 0.194200 0.006600 0.114500 0.177800 0.176800 0.161400 0.129500 0.146900 0.136500 0.152800 0.153000
goat 0.020300 0.342400 0.062200 0.254700 0.127400 0.027200 0.040500 0.092000 0.062700 0.143700 0.000000 0.069500 0.040800 0.047700 0.061900 0.121700 0.092400 0.114900 0.047500 0.069900 0.092000 0.047900 0.104700 0.099300 0.006700 0.083700 0.033900 0.069600 0.098900 0.055100 0.151600 0.061500 0.105100 0.041000 0.040600 0.084300 0.033800 0.127900 0.076400 0.162100 0.082900 0.144800 0.151600 0.106300 0.084000 0.076200 0.084600 0.054900 0.062700 0.062400 0.062100 0.062100
AfricanBuf 0.063000 0.359600 0.062900 0.306100 0.145000 0.070300 0.055100 0.116300 0.063400 0.161800 0.069500 0.000000 0.084400 0.062500 0.091900 0.123800 0.108700 0.132100 0.091500 0.070700 0.122900 0.091900 0.121200 0.116000 0.076900 0.105500 0.077100 0.070500 0.106600 0.055700 0.170000 0.062300 0.091700 0.084900 0.084100 0.027400 0.076900 0.153300 0.092200 0.181000 0.098800 0.153600 0.170000 0.123200 0.027300 0.092100 0.085700 0.070000 0.099300 0.092500 0.062900 0.062900
Topi 0.034200 0.374800 0.076900 0.265500 0.143300 0.041300 0.054700 0.107400 0.077600 0.144600 0.040800 0.084400 0.000000 0.047800 0.062300 0.121600 0.108000 0.146900 0.061800 0.084800 0.107400 0.062400 0.120200 0.115100 0.047900 0.098800 0.006700 0.084500 0.084300 0.069700 0.152600 0.076100 0.120600 0.013600 0.040800 0.099500 0.047900 0.143800 0.076500 0.162700 0.097900 0.144800 0.152600 0.122100 0.099100 0.091300 0.084700 0.055300 0.077500 0.077300 0.076800 0.076900
CommonDuik 0.041200 0.343600 0.041100 0.255500 0.105100 0.048200 0.020100 0.084800 0.055700 0.136300 0.047700 0.062500 0.047800 0.000000 0.069300 0.098800 0.085100 0.123000 0.068800 0.048400 0.084800 0.069300 0.097600 0.092100 0.054800 0.062200 0.040800 0.048300 0.062400 0.048100 0.144200 0.026900 0.097900 0.048100 0.061700 0.077200 0.054700 0.113100 0.055000 0.138300 0.075900 0.106400 0.144200 0.099100 0.076900 0.083800 0.062700 0.048000 0.070100 0.069800 0.041000 0.055200
Suni 0.048300 0.365200 0.055300 0.247000 0.135500 0.055400 0.061800 0.123000 0.070300 0.152500 0.061900 0.091900 0.062300 0.069300 0.000000 0.145700 0.115700 0.155000 0.069000 0.077500 0.130900 0.084000 0.112800 0.122700 0.069200 0.106600 0.055100 0.062600 0.122200 0.048200 0.160600 0.083400 0.128300 0.048300 0.061900 0.107200 0.069200 0.151700 0.098800 0.154700 0.090700 0.169200 0.160600 0.114500 0.106800 0.083900 0.107500 0.069500 0.090300 0.084600 0.069600 0.055200
Springbuck 0.115100 0.422000 0.115600 0.310600 0.202200 0.122900 0.105800 0.084400 0.116500 0.211400 0.121700 0.123800 0.121600 0.098800 0.145700 0.000000 0.139400 0.171800 0.145000 0.124100 0.085200 0.129800 0.160200 0.164100 0.129500 0.076600 0.113900 0.123800 0.047700 0.108000 0.220200 0.113900 0.145100 0.122300 0.137000 0.132000 0.129600 0.211500 0.069500 0.206700 0.152600 0.121900 0.220200 0.171700 0.139600 0.153700 0.086100 0.122500 0.115800 0.123400 0.115300 0.115500
Okapi 0.085900 0.327500 0.100700 0.277100 0.146100 0.093500 0.077300 0.132600 0.101500 0.154300 0.092400 0.108700 0.108000 0.085100 0.115700 0.139400 0.000000 0.034600 0.115000 0.109000 0.130600 0.115800 0.091700 0.101000 0.100100 0.139500 0.100400 0.108700 0.123900 0.093200 0.162600 0.099800 0.099400 0.108700 0.107400 0.108900 0.085200 0.154700 0.100200 0.156900 0.077000 0.172500 0.162600 0.108200 0.108500 0.131500 0.124700 0.093100 0.117200 0.100300 0.100500 0.100600
Giraffe 0.124100 0.368000 0.123700 0.314600 0.170600 0.132000 0.114800 0.148500 0.124700 0.195400 0.114900 0.132100 0.146900 0.123000 0.155000 0.171800 0.034600 0.000000 0.138400 0.132500 0.156800 0.154900 0.129500 0.140100 0.122800 0.155100 0.139000 0.132100 0.155700 0.116000 0.187100 0.138300 0.122400 0.147800 0.146300 0.132400 0.123100 0.179600 0.123300 0.198800 0.114400 0.189900 0.187100 0.147400 0.132100 0.147300 0.165100 0.131500 0.141200 0.130900 0.123600 0.123600
TibetanAnt 0.041000 0.353200 0.083900 0.292000 0.135100 0.048100 0.061400 0.130200 0.084600 0.151600 0.047500 0.091500 0.061800 0.068800 0.069000 0.145000 0.115000 0.138400 0.000000 0.091800 0.122500 0.069100 0.112200 0.122000 0.054600 0.121100 0.054700 0.091500 0.121600 0.076600 0.159700 0.083000 0.105100 0.062200 0.061600 0.106800 0.040700 0.135700 0.083700 0.170300 0.090200 0.152900 0.159700 0.113900 0.106500 0.083400 0.107000 0.076400 0.069900 0.084000 0.083700 0.083800
Sitatunga 0.063300 0.370300 0.020600 0.287900 0.129600 0.070600 0.041200 0.108900 0.034800 0.162100 0.069900 0.070700 0.084800 0.048400 0.077500 0.124100 0.109000 0.132500 0.091800 0.000000 0.123500 0.092300 0.121600 0.116200 0.077300 0.090900 0.077400 0.027600 0.091500 0.027500 0.170300 0.062600 0.122200 0.085300 0.084400 0.085800 0.077300 0.137700 0.092500 0.181400 0.099100 0.138000 0.170300 0.123500 0.085500 0.092400 0.093500 0.070300 0.093600 0.093000 0.020600 0.034500
Oribi 0.100700 0.358900 0.114800 0.285800 0.186700 0.108400 0.091900 0.071300 0.115700 0.204300 0.092000 0.122900 0.107400 0.084800 0.130900 0.085200 0.130600 0.156800 0.122500 0.123500 0.000000 0.130200 0.161300 0.155100 0.099600 0.062700 0.099800 0.122800 0.077600 0.107000 0.213100 0.099700 0.130100 0.108000 0.122500 0.139000 0.114900 0.195800 0.055900 0.197400 0.137900 0.123600 0.213100 0.162300 0.138700 0.139000 0.077300 0.108000 0.117300 0.130100 0.114600 0.114400
BarbaryShe 0.041300 0.354200 0.084300 0.276100 0.151200 0.034300 0.061800 0.130800 0.085100 0.168500 0.047900 0.091900 0.062400 0.069300 0.084000 0.129800 0.115800 0.154900 0.069100 0.092300 0.130200 0.000000 0.128000 0.115100 0.055100 0.106400 0.055200 0.092000 0.106800 0.077100 0.176800 0.083400 0.113000 0.062700 0.062000 0.107100 0.041100 0.151800 0.098700 0.179400 0.105500 0.168900 0.176800 0.122100 0.106600 0.098800 0.107300 0.076900 0.084900 0.070000 0.084200 0.084300
Daviddeer 0.098400 0.340300 0.113200 0.308400 0.173900 0.106000 0.089900 0.161300 0.114200 0.090500 0.104700 0.121200 0.120200 0.097600 0.112800 0.160200 0.091700 0.129500 0.112200 0.121600 0.161300 0.128000 0.000000 0.069500 0.112400 0.151400 0.112700 0.121300 0.152300 0.105800 0.097900 0.112100 0.126600 0.126800 0.119700 0.129200 0.097700 0.182800 0.128000 0.099400 0.019900 0.168300 0.097900 0.062100 0.136500 0.135700 0.137200 0.105500 0.114400 0.097800 0.113100 0.113200
Reindeer 0.092800 0.327700 0.107900 0.334900 0.177900 0.092900 0.084300 0.156400 0.108800 0.122600 0.099300 0.116000 0.115100 0.092100 0.122700 0.164100 0.101000 0.140100 0.122000 0.116200 0.155100 0.115100 0.069500 0.000000 0.107100 0.136800 0.107400 0.116000 0.145700 0.100300 0.130500 0.106800 0.129400 0.115800 0.114600 0.131900 0.092200 0.186500 0.122800 0.055900 0.048100 0.162000 0.130500 0.006800 0.131400 0.130800 0.131900 0.100100 0.116600 0.107500 0.107700 0.107900
Ibex 0.027200 0.352700 0.069500 0.264600 0.135300 0.034200 0.047500 0.099600 0.070100 0.151800 0.006700 0.076900 0.047900 0.054800 0.069200 0.129500 0.100100 0.122800 0.054600 0.077300 0.099600 0.055100 0.112400 0.107100 0.000000 0.091200 0.040900 0.077000 0.106600 0.062300 0.159800 0.068700 0.112700 0.048200 0.047600 0.091800 0.040800 0.135700 0.083700 0.170500 0.090300 0.152700 0.159800 0.114100 0.091500 0.083700 0.092100 0.062100 0.070000 0.069800 0.069400 0.069400
GyrantGaze 0.092200 0.386300 0.067900 0.274100 0.143900 0.084700 0.069100 0.062900 0.098600 0.193100 0.083700 0.105500 0.098800 0.062200 0.106600 0.076600 0.139500 0.155100 0.121100 0.090900 0.062700 0.106400 0.151400 0.136800 0.091200 0.000000 0.091300 0.075400 0.054900 0.075300 0.201500 0.076500 0.136600 0.084400 0.113500 0.121100 0.106300 0.168300 0.062600 0.186100 0.128400 0.083600 0.201500 0.143900 0.120700 0.113400 0.068400 0.099300 0.108100 0.105300 0.082700 0.082500
Hartebeest 0.027300 0.364500 0.069600 0.255800 0.135600 0.034300 0.047600 0.099900 0.070200 0.152300 0.033900 0.077100 0.006700 0.040800 0.055100 0.113900 0.100400 0.139000 0.054700 0.077400 0.099800 0.055200 0.112700 0.107400 0.040900 0.091300 0.000000 0.077200 0.091700 0.062500 0.160400 0.068900 0.113000 0.006800 0.033900 0.092000 0.040900 0.136100 0.069300 0.154600 0.090600 0.137100 0.160400 0.114500 0.091700 0.083900 0.077300 0.062300 0.070200 0.069900 0.069500 0.069600
Bongo 0.063100 0.336500 0.006800 0.247700 0.114000 0.070400 0.041000 0.108500 0.034700 0.161700 0.069600 0.070500 0.084500 0.048300 0.062600 0.123800 0.108700 0.132100 0.091500 0.027600 0.122800 0.092000 0.121300 0.116000 0.077000 0.075400 0.077200 0.000000 0.091400 0.013600 0.170000 0.062400 0.121800 0.070300 0.084200 0.085500 0.077000 0.137400 0.092200 0.180900 0.098800 0.137300 0.170000 0.123200 0.085200 0.077200 0.100800 0.070100 0.093300 0.092700 0.020500 0.006800
Gerenuk 0.092500 0.387800 0.083700 0.302800 0.160800 0.100000 0.069400 0.077600 0.099200 0.177900 0.098900 0.106600 0.084300 0.062400 0.122200 0.047700 0.123900 0.155700 0.121600 0.091500 0.077600 0.106800 0.152300 0.145700 0.106600 0.054900 0.091700 0.091400 0.000000 0.091200 0.186300 0.076900 0.137400 0.099700 0.114000 0.122300 0.106600 0.169500 0.062700 0.187500 0.129200 0.098900 0.186300 0.153200 0.121900 0.129500 0.083900 0.084800 0.108700 0.121700 0.083200 0.098500
CommonElan 0.048500 0.336700 0.006700 0.248300 0.113400 0.055700 0.040900 0.093000 0.020600 0.145200 0.055100 0.055700 0.069700 0.048100 0.048200 0.108000 0.093200 0.116000 0.076600 0.027500 0.107000 0.077100 0.105800 0.100300 0.062300 0.075300 0.062500 0.013600 0.091200 0.000000 0.153300 0.062200 0.106200 0.055600 0.069400 0.070400 0.062400 0.136800 0.077100 0.163800 0.083700 0.136800 0.153300 0.107400 0.070200 0.062500 0.085400 0.055500 0.078000 0.077600 0.020400 0.006800
MuntiacusR 0.145500 0.394100 0.161200 0.360400 0.234900 0.153600 0.136000 0.204500 0.162600 0.006600 0.151600 0.170000 0.152600 0.144200 0.160600 0.220200 0.162600 0.187100 0.159700 0.170300 0.213100 0.176800 0.097900 0.130500 0.159800 0.201500 0.160400 0.170000 0.186300 0.153300 0.000000 0.159500 0.191400 0.169300 0.167800 0.186800 0.160000 0.226800 0.176800 0.179700 0.076100 0.202700 0.000000 0.122300 0.186200 0.185200 0.169600 0.137400 0.155100 0.144400 0.160900 0.161200
HarveysDui 0.055100 0.362800 0.055000 0.291500 0.105100 0.062200 0.033600 0.099700 0.069900 0.151500 0.061500 0.062300 0.076100 0.026900 0.083400 0.113900 0.099800 0.138300 0.083000 0.062600 0.099700 0.083400 0.112100 0.106800 0.068700 0.076500 0.068900 0.062400 0.076900 0.062200 0.159500 0.000000 0.083200 0.076600 0.075800 0.077000 0.068800 0.113000 0.069200 0.170100 0.090200 0.121900 0.159500 0.113900 0.076800 0.098300 0.062700 0.062000 0.070100 0.084000 0.055000 0.069200
Pronghorn 0.098700 0.330300 0.113800 0.289400 0.136000 0.106200 0.090200 0.146300 0.114700 0.183000 0.105100 0.091700 0.120600 0.097900 0.128300 0.145100 0.099400 0.122400 0.105100 0.122200 0.130100 0.113000 0.126600 0.129400 0.112700 0.136600 0.113000 0.121800 0.137400 0.106200 0.191400 0.083200 0.000000 0.121300 0.120200 0.122200 0.097900 0.144400 0.098600 0.194600 0.104500 0.169800 0.191400 0.136600 0.106800 0.136400 0.107300 0.105900 0.115100 0.113000 0.113600 0.113600
BlueWildeb 0.034400 0.356500 0.062800 0.248200 0.128700 0.041500 0.055000 0.108100 0.078100 0.161100 0.041000 0.084900 0.013600 0.048100 0.048300 0.122300 0.108700 0.147800 0.062200 0.085300 0.108000 0.062700 0.126800 0.115800 0.048200 0.084400 0.006800 0.070300 0.099700 0.055600 0.169300 0.076600 0.121300 0.000000 0.041100 0.100100 0.048200 0.144800 0.077000 0.163800 0.098500 0.145800 0.169300 0.122900 0.099700 0.077100 0.085200 0.070000 0.078000 0.077700 0.077300 0.062800
Gemsbok 0.034100 0.374300 0.076600 0.264000 0.143000 0.041100 0.054400 0.122500 0.077200 0.159600 0.040600 0.084100 0.040800 0.061700 0.061900 0.137000 0.107400 0.146300 0.061600 0.084400 0.122500 0.062000 0.119700 0.114600 0.047600 0.113500 0.033900 0.084200 0.114000 0.069400 0.167800 0.075800 0.120200 0.041100 0.000000 0.099200 0.047600 0.143600 0.091000 0.178700 0.097500 0.160800 0.167800 0.121600 0.098900 0.083600 0.099400 0.069200 0.077300 0.076700 0.076500 0.076500
Yak 0.077800 0.381100 0.077800 0.326500 0.153300 0.085200 0.069600 0.132300 0.078400 0.178400 0.084300 0.027400 0.099500 0.077200 0.107200 0.132000 0.108900 0.132400 0.106800 0.085800 0.139000 0.107100 0.129200 0.131900 0.091800 0.121100 0.092000 0.085500 0.122300 0.070400 0.186800 0.077000 0.122200 0.100100 0.099200 0.000000 0.091800 0.161700 0.092600 0.198300 0.114200 0.170400 0.186800 0.139200 0.013600 0.107400 0.101100 0.084900 0.114400 0.100200 0.077700 0.077700
BlueSheep 0.027200 0.323800 0.069500 0.274900 0.135200 0.034200 0.047500 0.114900 0.070100 0.151900 0.033800 0.076900 0.047900 0.054700 0.069200 0.129600 0.085200 0.123100 0.040700 0.077300 0.114900 0.041100 0.097700 0.092200 0.040800 0.106300 0.040900 0.077000 0.106600 0.062400 0.160000 0.068800 0.097900 0.048200 0.047600 0.091800 0.000000 0.135700 0.083700 0.154600 0.075900 0.152700 0.160000 0.099100 0.091500 0.083700 0.092100 0.062200 0.070000 0.069800 0.069400 0.069500
BohorReedb 0.121500 0.407400 0.129100 0.340000 0.033700 0.129200 0.105200 0.195600 0.145800 0.217900 0.127900 0.153300 0.143800 0.113100 0.151700 0.211500 0.154700 0.179600 0.135700 0.137700 0.195800 0.151800 0.182800 0.186500 0.135700 0.168300 0.136100 0.137400 0.169500 0.136800 0.226800 0.113000 0.144400 0.144800 0.143600 0.161700 0.135700 0.000000 0.144700 0.257100 0.167100 0.186100 0.226800 0.194100 0.145500 0.160400 0.170100 0.121200 0.138800 0.136500 0.128900 0.144500
KirksDik 0.069900 0.364900 0.084500 0.254800 0.136300 0.077200 0.061900 0.055900 0.085200 0.168600 0.076400 0.092200 0.076500 0.055000 0.098800 0.069500 0.100200 0.123300 0.083700 0.092500 0.055900 0.098700 0.128000 0.122800 0.083700 0.062600 0.069300 0.092200 0.062700 0.077100 0.176800 0.069200 0.098600 0.077000 0.091000 0.092600 0.083700 0.144700 0.000000 0.162900 0.105600 0.092600 0.176800 0.130000 0.092400 0.114100 0.048800 0.076900 0.070600 0.099400 0.084400 0.084400
RoeDeer 0.147600 0.392000 0.171900 0.322900 0.247400 0.147700 0.145900 0.198700 0.173400 0.171200 0.162100 0.181000 0.162700 0.138300 0.154700 0.206700 0.156900 0.198800 0.170300 0.181400 0.197400 0.179400 0.099400 0.055900 0.170500 0.186100 0.154600 0.180900 0.187500 0.163800 0.179700 0.170100 0.194600 0.163800 0.178700 0.198300 0.154600 0.257100 0.162900 0.000000 0.092000 0.213200 0.179700 0.048600 0.197700 0.196700 0.181300 0.155400 0.181900 0.171200 0.171600 0.172000
WhiteLippe 0.076500 0.312000 0.091100 0.298800 0.158500 0.083900 0.068400 0.137800 0.091800 0.068900 0.082900 0.098800 0.097900 0.075900 0.090700 0.152600 0.077000 0.114400 0.090200 0.099100 0.137900 0.105500 0.019900 0.048100 0.090300 0.128400 0.090600 0.098800 0.129200 0.083700 0.076100 0.090200 0.104500 0.098500 0.097500 0.114200 0.075900 0.167100 0.105600 0.092000 0.000000 0.145000 0.076100 0.040900 0.113800 0.113000 0.114400 0.083500 0.092100 0.090600 0.090900 0.091000
ThomsonGaz 0.138400 0.423800 0.129100 0.341900 0.194100 0.146200 0.113800 0.121500 0.146000 0.194200 0.144800 0.153600 0.144800 0.106400 0.169200 0.121900 0.172500 0.189900 0.152900 0.138000 0.123600 0.168900 0.168300 0.162000 0.152700 0.083600 0.137100 0.137300 0.098900 0.136800 0.202700 0.121900 0.169800 0.145800 0.160800 0.170400 0.152700 0.186100 0.092600 0.213200 0.145000 0.000000 0.202700 0.169300 0.170200 0.178200 0.114900 0.145900 0.140400 0.151900 0.128900 0.144400
MuntiacusC 0.145500 0.394100 0.161200 0.360400 0.234900 0.153600 0.136000 0.204500 0.162600 0.006600 0.151600 0.170000 0.152600 0.144200 0.160600 0.220200 0.162600 0.187100 0.159700 0.170300 0.213100 0.176800 0.097900 0.130500 0.159800 0.201500 0.160400 0.170000 0.186300 0.153300 0.000000 0.159500 0.191400 0.169300 0.167800 0.186800 0.160000 0.226800 0.176800 0.179700 0.076100 0.202700 0.000000 0.122300 0.186200 0.185200 0.169600 0.137400 0.155100 0.144400 0.160900 0.161200
WhiteTaile 0.099900 0.336900 0.115000 0.344000 0.185300 0.099900 0.091200 0.164000 0.116000 0.114500 0.106300 0.123200 0.122100 0.099100 0.114500 0.171700 0.108200 0.147400 0.113900 0.123500 0.162300 0.122100 0.062100 0.006800 0.114100 0.143900 0.114500 0.123200 0.153200 0.107400 0.122300 0.113900 0.136600 0.122900 0.121600 0.139200 0.099100 0.194100 0.130000 0.048600 0.040900 0.169300 0.122300 0.000000 0.138800 0.137900 0.139300 0.107200 0.123900 0.114500 0.114800 0.115000
Cattle 0.077500 0.360000 0.077500 0.305400 0.137300 0.084900 0.069300 0.132000 0.078100 0.177800 0.084000 0.027300 0.099100 0.076900 0.106800 0.139600 0.108500 0.132100 0.106500 0.085500 0.138700 0.106600 0.136500 0.131400 0.091500 0.120700 0.091700 0.085200 0.121900 0.070200 0.186200 0.076800 0.106800 0.099700 0.098900 0.013600 0.091500 0.145500 0.092400 0.197700 0.113800 0.170200 0.186200 0.138800 0.000000 0.107000 0.100900 0.084700 0.114800 0.107400 0.077400 0.077400
RoyalAntel 0.069800 0.346200 0.069700 0.283300 0.143900 0.077200 0.076200 0.139000 0.085100 0.176800 0.076200 0.092100 0.091300 0.083800 0.083900 0.153700 0.131500 0.147300 0.083400 0.092400 0.139000 0.098800 0.135700 0.130800 0.083700 0.113400 0.083900 0.077200 0.129500 0.062500 0.185200 0.098300 0.136400 0.077100 0.083600 0.107400 0.083700 0.160400 0.114100 0.196700 0.113000 0.178200 0.185200 0.137900 0.107000 0.000000 0.123100 0.084200 0.100200 0.099500 0.084200 0.069600
Steenbok 0.078000 0.391600 0.092900 0.277900 0.161600 0.085500 0.069700 0.078900 0.093600 0.161400 0.084600 0.085700 0.084700 0.062700 0.107500 0.086100 0.124700 0.165100 0.107000 0.093500 0.077300 0.107300 0.137200 0.131900 0.092100 0.068400 0.077300 0.100800 0.083900 0.085400 0.169600 0.062700 0.107300 0.085200 0.099400 0.101100 0.092100 0.170100 0.048800 0.181300 0.114400 0.114900 0.169600 0.139300 0.100900 0.123100 0.000000 0.085200 0.093900 0.108100 0.092800 0.092800
Impala 0.034100 0.335900 0.062600 0.264300 0.113100 0.041100 0.040800 0.108000 0.063100 0.129500 0.054900 0.070000 0.055300 0.048000 0.069500 0.122500 0.093100 0.131500 0.076400 0.070300 0.108000 0.076900 0.105500 0.100100 0.062100 0.099300 0.062300 0.070100 0.084800 0.055500 0.137400 0.062000 0.105900 0.070000 0.069200 0.084900 0.062200 0.121200 0.076900 0.155400 0.083500 0.145900 0.137400 0.107200 0.084700 0.084200 0.085200 0.000000 0.077800 0.077400 0.062500 0.062600
Klipspring 0.056100 0.382100 0.085500 0.287100 0.138200 0.063300 0.062600 0.117200 0.086200 0.146900 0.062700 0.099300 0.077500 0.070100 0.090300 0.115800 0.117200 0.141200 0.069900 0.093600 0.117300 0.084900 0.114400 0.116600 0.070000 0.108100 0.070200 0.093300 0.108700 0.078000 0.155100 0.070100 0.115100 0.078000 0.077300 0.114400 0.070000 0.138800 0.070600 0.181900 0.092100 0.140400 0.155100 0.123900 0.114800 0.100200 0.093900 0.077800 0.000000 0.085400 0.085400 0.085400
ForestMusk 0.055900 0.323500 0.084900 0.238200 0.152300 0.048700 0.062300 0.131600 0.085700 0.136500 0.062400 0.092500 0.077300 0.069800 0.084600 0.123400 0.100300 0.130900 0.084000 0.093000 0.130100 0.070000 0.097800 0.107500 0.069800 0.105300 0.069900 0.092700 0.121700 0.077600 0.144400 0.084000 0.113000 0.077700 0.076700 0.100200 0.069800 0.136500 0.099400 0.171200 0.090600 0.151900 0.144400 0.114500 0.107400 0.099500 0.108100 0.077400 0.085400 0.000000 0.084800 0.084900
Bushbuck 0.055600 0.356000 0.013600 0.265800 0.120900 0.062800 0.033900 0.100400 0.013700 0.152800 0.062100 0.062900 0.076800 0.041000 0.069600 0.115300 0.100500 0.123600 0.083700 0.020600 0.114600 0.084200 0.113100 0.107700 0.069400 0.082700 0.069500 0.020500 0.083200 0.020400 0.160900 0.055000 0.113600 0.077300 0.076500 0.077700 0.069400 0.128900 0.084400 0.171600 0.090900 0.128900 0.160900 0.114800 0.077400 0.084200 0.092800 0.062500 0.085400 0.084800 0.000000 0.027300
GreaterKud 0.055600 0.325700 0.013500 0.238000 0.120900 0.062900 0.047800 0.100500 0.027500 0.153000 0.062100 0.062900 0.076900 0.055200 0.055200 0.115500 0.100600 0.123600 0.083800 0.034500 0.114400 0.084300 0.113200 0.107900 0.069400 0.082500 0.069600 0.006800 0.098500 0.006800 0.161200 0.069200 0.113600 0.062800 0.076500 0.077700 0.069500 0.144500 0.084400 0.172000 0.091000 0.144400 0.161200 0.115000 0.077400 0.069600 0.092800 0.062600 0.085400 0.084900 0.027300 0.000000
