CODONML (in paml version 4.10.7, June 2023)  /home/rachel/ruminants_paml/6406-phy-tree/ENSBTAT00000012065.fasta.phy
Model: free dN/dS Ratios for branches,  kappa = 2.000 fixed

Codon frequency model: F3x4
ns =  54  ls =  72

Codon usage in sequences
--------------------------------------------------------------------------------------------------------------------------------------
Phe TTT   7   3   6   5   6   6 | Ser TCT   1   1   1   1   1   1 | Tyr TAT   2   1   3   3   1   1 | Cys TGT   1   0   1   1   1   0
    TTC   1   4   1   2   1   1 |     TCC   1   2   1   1   1   1 |     TAC   1   3   1   1   3   3 |     TGC   0   1   0   0   0   1
Leu TTA   3   2   2   3   2   3 |     TCA   1   0   1   1   1   1 | *** TAA   0   0   0   0   0   0 | *** TGA   0   0   0   0   0   0
    TTG   0   0   0   0   1   0 |     TCG   0   0   0   0   0   0 |     TAG   0   0   0   0   0   0 | Trp TGG   2   2   2   2   2   2
--------------------------------------------------------------------------------------------------------------------------------------
Leu CTT   2   2   2   3   3   3 | Pro CCT   0   0   0   0   1   0 | His CAT   0   0   0   0   0   1 | Arg CGT   1   1   1   1   1   0
    CTC   1   2   1   1   2   1 |     CCC   1   1   1   1   0   1 |     CAC   0   0   0   0   0   0 |     CGC   0   0   0   0   0   0
    CTA   1   1   4   2   1   1 |     CCA   1   1   1   1   0   1 | Gln CAA   0   1   0   0   1   0 |     CGA   0   0   0   0   0   0
    CTG   3   3   1   1   3   2 |     CCG   0   0   0   0   0   0 |     CAG   3   2   3   3   2   3 |     CGG   0   0   0   0   0   0
--------------------------------------------------------------------------------------------------------------------------------------
Ile ATT   1   0   1   1   1   1 | Thr ACT   1   1   1   1   1   1 | Asn AAT   2   2   2   2   1   2 | Ser AGT   0   0   0   0   0   0
    ATC   0   1   0   1   0   0 |     ACC   1   1   1   1   1   1 |     AAC   0   0   0   0   1   0 |     AGC   2   2   2   2   2   2
    ATA   4   4   4   3   4   4 |     ACA   1   0   0   0   0   0 | Lys AAA   1   1   1   1   1   1 | Arg AGA   0   1   0   1   1   1
Met ATG   1   1   1   1   1   1 |     ACG   0   1   1   1   1   1 |     AAG   2   2   2   2   2   2 |     AGG   2   1   2   1   1   1
--------------------------------------------------------------------------------------------------------------------------------------
Val GTT   2   2   2   2   2   2 | Ala GCT   1   1   1   2   2   2 | Asp GAT   0   0   0   0   0   1 | Gly GGT   1   2   1   1   1   1
    GTC   0   0   0   0   0   0 |     GCC   2   3   2   1   2   2 |     GAC   3   3   3   3   3   2 |     GGC   3   2   3   3   3   3
    GTA   0   0   0   0   0   0 |     GCA   1   2   2   3   1   2 | Glu GAA   1   1   1   2   2   1 |     GGA   0   0   0   0   0   0
    GTG   3   3   3   3   3   3 |     GCG   2   0   1   0   0   0 |     GAG   2   2   2   1   1   2 |     GGG   0   0   0   0   0   0
--------------------------------------------------------------------------------------------------------------------------------------

--------------------------------------------------------------------------------------------------------------------------------------
Phe TTT   6   6   6   6   6   6 | Ser TCT   1   1   1   1   1   1 | Tyr TAT   3   3   3   2   2   3 | Cys TGT   0   1   1   1   1   1
    TTC   1   1   1   1   1   1 |     TCC   1   1   1   1   1   1 |     TAC   1   1   1   2   2   1 |     TGC   1   0   0   0   0   0
Leu TTA   3   3   3   3   2   3 |     TCA   1   1   1   1   1   1 | *** TAA   0   0   0   0   0   0 | *** TGA   0   0   0   0   0   0
    TTG   0   0   0   0   0   0 |     TCG   0   0   0   0   0   0 |     TAG   0   0   0   0   0   0 | Trp TGG   2   2   2   2   2   2
--------------------------------------------------------------------------------------------------------------------------------------
Leu CTT   2   2   2   2   3   2 | Pro CCT   0   0   0   0   0   0 | His CAT   0   0   0   0   0   0 | Arg CGT   0   1   1   1   1   1
    CTC   1   1   1   1   0   1 |     CCC   1   1   1   1   1   1 |     CAC   0   0   0   0   0   0 |     CGC   1   0   0   0   0   0
    CTA   3   1   3   3   4   3 |     CCA   1   1   1   1   1   1 | Gln CAA   0   0   0   0   0   0 |     CGA   0   0   0   0   0   0
    CTG   1   3   1   1   1   1 |     CCG   0   0   0   0   0   0 |     CAG   3   3   3   3   3   3 |     CGG   0   0   0   0   0   0
--------------------------------------------------------------------------------------------------------------------------------------
Ile ATT   1   1   1   1   1   1 | Thr ACT   1   1   1   1   1   1 | Asn AAT   2   2   2   2   2   2 | Ser AGT   0   0   0   0   0   0
    ATC   0   0   0   0   0   0 |     ACC   1   1   1   1   1   1 |     AAC   0   0   0   0   0   0 |     AGC   2   2   2   2   2   2
    ATA   4   4   4   4   4   4 |     ACA   1   1   0   0   0   0 | Lys AAA   1   1   1   1   1   1 | Arg AGA   0   0   0   0   0   1
Met ATG   1   1   1   1   1   1 |     ACG   0   0   1   1   1   1 |     AAG   2   2   2   2   2   2 |     AGG   2   2   2   2   2   1
--------------------------------------------------------------------------------------------------------------------------------------
Val GTT   2   2   2   2   2   2 | Ala GCT   0   1   1   1   0   2 | Asp GAT   0   0   0   1   0   0 | Gly GGT   1   1   1   1   1   1
    GTC   0   0   0   0   0   0 |     GCC   3   2   2   2   3   1 |     GAC   3   3   3   2   3   3 |     GGC   3   3   3   3   3   3
    GTA   0   0   0   0   0   0 |     GCA   2   1   2   3   2   3 | Glu GAA   2   1   2   2   1   2 |     GGA   0   0   0   0   0   0
    GTG   3   3   3   3   3   3 |     GCG   1   2   1   0   1   0 |     GAG   1   2   1   1   2   1 |     GGG   0   0   0   0   0   0
--------------------------------------------------------------------------------------------------------------------------------------

--------------------------------------------------------------------------------------------------------------------------------------
Phe TTT   6   6   6   6   6   6 | Ser TCT   1   1   1   1   1   1 | Tyr TAT   3   3   3   3   3   2 | Cys TGT   1   1   1   1   1   1
    TTC   1   1   1   1   1   1 |     TCC   1   1   1   1   1   1 |     TAC   1   1   1   1   1   2 |     TGC   0   0   0   0   0   0
Leu TTA   2   3   2   3   3   3 |     TCA   1   1   1   1   0   1 | *** TAA   0   0   0   0   0   0 | *** TGA   0   0   0   0   0   0
    TTG   1   0   0   0   0   0 |     TCG   0   0   0   0   0   0 |     TAG   0   0   0   0   0   0 | Trp TGG   2   2   2   2   2   2
--------------------------------------------------------------------------------------------------------------------------------------
Leu CTT   2   3   2   2   2   2 | Pro CCT   0   0   0   0   0   0 | His CAT   0   0   0   0   0   0 | Arg CGT   0   1   1   1   1   1
    CTC   1   1   1   1   1   0 |     CCC   1   1   1   1   1   1 |     CAC   0   0   0   0   0   0 |     CGC   1   0   0   0   0   0
    CTA   1   2   4   3   3   3 |     CCA   1   1   1   1   1   1 | Gln CAA   0   0   0   0   0   0 |     CGA   0   0   0   0   0   0
    CTG   3   1   1   1   1   2 |     CCG   0   0   0   0   0   0 |     CAG   3   3   3   3   3   3 |     CGG   0   0   0   0   0   0
--------------------------------------------------------------------------------------------------------------------------------------
Ile ATT   1   1   1   1   1   1 | Thr ACT   1   1   1   1   1   1 | Asn AAT   2   2   2   2   2   2 | Ser AGT   0   0   0   0   0   0
    ATC   0   0   0   0   0   0 |     ACC   1   1   1   1   1   1 |     AAC   0   0   0   0   0   0 |     AGC   2   2   2   2   2   2
    ATA   4   4   4   4   4   4 |     ACA   1   0   1   0   0   0 | Lys AAA   1   1   1   1   1   1 | Arg AGA   0   0   0   0   0   0
Met ATG   1   1   1   1   1   1 |     ACG   0   1   0   1   1   1 |     AAG   2   2   2   2   2   2 |     AGG   2   2   2   2   2   2
--------------------------------------------------------------------------------------------------------------------------------------
Val GTT   2   2   2   2   2   2 | Ala GCT   2   1   1   1   1   1 | Asp GAT   0   0   0   0   0   0 | Gly GGT   1   1   1   1   0   1
    GTC   0   0   0   0   0   0 |     GCC   2   2   2   2   2   2 |     GAC   3   3   3   3   3   3 |     GGC   3   3   3   3   4   3
    GTA   0   0   0   0   0   0 |     GCA   1   3   2   2   3   2 | Glu GAA   1   2   2   2   1   2 |     GGA   0   0   0   0   0   0
    GTG   3   3   3   3   3   4 |     GCG   1   0   1   1   1   0 |     GAG   2   1   1   1   2   1 |     GGG   0   0   0   0   0   0
--------------------------------------------------------------------------------------------------------------------------------------

--------------------------------------------------------------------------------------------------------------------------------------
Phe TTT   6   5   6   6   6   6 | Ser TCT   1   1   1   1   1   1 | Tyr TAT   2   2   3   3   2   3 | Cys TGT   1   1   1   1   1   1
    TTC   1   2   1   1   1   1 |     TCC   1   1   1   1   1   1 |     TAC   2   2   1   1   2   1 |     TGC   0   0   0   0   0   0
Leu TTA   3   3   2   2   3   3 |     TCA   1   1   1   1   1   1 | *** TAA   0   0   0   0   0   0 | *** TGA   0   0   0   0   0   0
    TTG   0   0   0   0   0   0 |     TCG   0   0   0   0   0   0 |     TAG   0   0   0   0   0   0 | Trp TGG   2   2   2   2   2   2
--------------------------------------------------------------------------------------------------------------------------------------
Leu CTT   2   2   2   2   1   2 | Pro CCT   0   0   0   0   0   0 | His CAT   0   0   0   0   0   0 | Arg CGT   1   1   1   1   1   0
    CTC   1   1   1   1   2   1 |     CCC   1   1   1   1   1   1 |     CAC   0   0   0   0   0   0 |     CGC   0   0   0   0   0   1
    CTA   3   3   2   4   3   1 |     CCA   1   1   1   1   1   1 | Gln CAA   0   0   0   0   0   0 |     CGA   0   0   0   0   0   0
    CTG   1   1   3   1   1   3 |     CCG   0   0   0   0   0   0 |     CAG   3   3   3   3   3   3 |     CGG   0   0   0   0   0   0
--------------------------------------------------------------------------------------------------------------------------------------
Ile ATT   1   1   1   1   1   2 | Thr ACT   1   1   1   1   1   1 | Asn AAT   2   2   2   2   2   2 | Ser AGT   0   0   0   0   0   0
    ATC   0   0   0   0   0   0 |     ACC   1   1   1   1   1   1 |     AAC   0   0   0   0   0   0 |     AGC   2   2   2   2   2   2
    ATA   4   4   3   4   4   4 |     ACA   1   1   1   0   0   1 | Lys AAA   1   1   0   1   1   1 | Arg AGA   1   1   0   0   0   0
Met ATG   1   1   1   1   1   1 |     ACG   0   0   0   1   1   0 |     AAG   2   2   3   2   2   2 |     AGG   1   1   2   2   2   2
--------------------------------------------------------------------------------------------------------------------------------------
Val GTT   2   2   2   2   2   1 | Ala GCT   2   2   1   1   1   2 | Asp GAT   0   0   0   0   0   0 | Gly GGT   1   1   0   1   1   1
    GTC   0   0   0   0   0   0 |     GCC   1   1   2   2   2   2 |     GAC   3   3   3   3   3   3 |     GGC   3   3   4   3   3   3
    GTA   0   0   1   0   0   0 |     GCA   2   3   2   2   2   1 | Glu GAA   2   1   1   1   2   1 |     GGA   0   0   0   0   0   0
    GTG   3   3   3   3   4   3 |     GCG   1   0   1   1   0   1 |     GAG   1   2   2   2   1   2 |     GGG   0   0   0   0   0   0
--------------------------------------------------------------------------------------------------------------------------------------

--------------------------------------------------------------------------------------------------------------------------------------
Phe TTT   6   6   6   6   6   5 | Ser TCT   1   1   1   1   1   1 | Tyr TAT   3   3   3   2   3   3 | Cys TGT   1   1   1   1   1   1
    TTC   1   1   1   1   1   2 |     TCC   1   1   1   1   1   1 |     TAC   1   1   1   2   1   1 |     TGC   0   0   0   0   0   0
Leu TTA   3   3   2   3   2   2 |     TCA   1   1   1   1   1   1 | *** TAA   0   0   0   0   0   0 | *** TGA   0   0   0   0   0   0
    TTG   0   0   1   0   0   0 |     TCG   0   0   0   0   0   0 |     TAG   0   0   0   0   0   0 | Trp TGG   2   2   2   2   2   2
--------------------------------------------------------------------------------------------------------------------------------------
Leu CTT   2   2   2   2   2   2 | Pro CCT   0   0   0   0   0   0 | His CAT   0   0   0   0   0   0 | Arg CGT   1   1   0   1   1   1
    CTC   1   1   1   1   1   1 |     CCC   1   1   1   1   1   1 |     CAC   0   0   0   0   0   0 |     CGC   0   0   1   0   0   0
    CTA   3   3   1   3   4   4 |     CCA   1   1   1   1   1   1 | Gln CAA   0   0   0   0   0   0 |     CGA   0   0   0   0   0   0
    CTG   1   1   3   1   1   1 |     CCG   0   0   0   0   0   0 |     CAG   3   3   3   3   3   3 |     CGG   0   0   0   0   0   0
--------------------------------------------------------------------------------------------------------------------------------------
Ile ATT   1   1   1   1   1   1 | Thr ACT   1   1   1   1   1   1 | Asn AAT   2   2   2   2   2   2 | Ser AGT   0   0   0   0   0   0
    ATC   0   0   0   0   0   0 |     ACC   1   1   1   1   1   1 |     AAC   0   0   0   0   0   0 |     AGC   2   2   2   2   2   2
    ATA   4   4   4   4   4   3 |     ACA   0   0   1   1   1   0 | Lys AAA   1   1   1   1   1   0 | Arg AGA   1   1   0   0   0   0
Met ATG   1   1   1   1   1   1 |     ACG   1   1   0   0   0   1 |     AAG   2   2   2   2   2   3 |     AGG   1   1   2   2   2   2
--------------------------------------------------------------------------------------------------------------------------------------
Val GTT   2   2   2   2   2   2 | Ala GCT   1   1   2   1   1   1 | Asp GAT   0   0   0   0   0   0 | Gly GGT   1   1   1   1   1   1
    GTC   0   0   0   0   0   0 |     GCC   2   2   2   2   2   2 |     GAC   3   3   3   3   3   3 |     GGC   3   3   3   3   3   3
    GTA   0   0   0   0   0   1 |     GCA   3   3   1   2   2   2 | Glu GAA   2   2   1   2   2   1 |     GGA   0   0   0   0   0   0
    GTG   3   3   3   3   3   3 |     GCG   0   0   1   1   1   1 |     GAG   1   1   2   1   1   2 |     GGG   0   0   0   0   0   0
--------------------------------------------------------------------------------------------------------------------------------------

--------------------------------------------------------------------------------------------------------------------------------------
Phe TTT   6   6   6   6   6   6 | Ser TCT   1   1   1   1   1   1 | Tyr TAT   2   3   3   3   2   3 | Cys TGT   1   1   1   1   1   1
    TTC   1   1   1   1   1   1 |     TCC   1   1   1   1   1   1 |     TAC   2   1   1   1   2   1 |     TGC   0   0   0   0   0   0
Leu TTA   3   2   3   3   2   2 |     TCA   1   1   1   1   1   1 | *** TAA   0   0   0   0   0   0 | *** TGA   0   0   0   0   0   0
    TTG   0   0   0   0   0   0 |     TCG   0   0   0   0   0   0 |     TAG   0   0   0   0   0   0 | Trp TGG   2   2   2   2   2   2
--------------------------------------------------------------------------------------------------------------------------------------
Leu CTT   2   2   2   2   2   2 | Pro CCT   0   0   0   0   0   0 | His CAT   0   0   0   0   0   0 | Arg CGT   1   1   1   1   1   1
    CTC   1   1   0   1   1   1 |     CCC   1   1   1   1   1   1 |     CAC   0   0   0   0   0   0 |     CGC   0   0   0   0   0   0
    CTA   3   4   3   3   4   4 |     CCA   1   1   1   1   1   1 | Gln CAA   0   0   0   0   1   0 |     CGA   0   0   0   0   0   0
    CTG   1   1   2   1   1   1 |     CCG   0   0   0   0   0   0 |     CAG   3   3   3   3   2   3 |     CGG   0   0   0   0   0   0
--------------------------------------------------------------------------------------------------------------------------------------
Ile ATT   1   1   1   1   1   1 | Thr ACT   1   1   1   1   1   1 | Asn AAT   2   2   2   2   2   2 | Ser AGT   0   0   0   0   0   0
    ATC   0   0   0   0   0   0 |     ACC   1   1   1   1   1   1 |     AAC   0   0   0   0   0   0 |     AGC   2   2   2   2   2   2
    ATA   4   4   4   4   4   4 |     ACA   0   0   0   0   0   1 | Lys AAA   1   1   1   1   1   1 | Arg AGA   0   0   1   0   1   0
Met ATG   1   1   1   1   1   1 |     ACG   1   1   1   1   1   0 |     AAG   2   2   2   2   2   2 |     AGG   2   2   1   2   1   2
--------------------------------------------------------------------------------------------------------------------------------------
Val GTT   2   2   2   2   1   2 | Ala GCT   1   1   2   1   2   1 | Asp GAT   0   1   0   0   1   0 | Gly GGT   1   1   1   1   1   1
    GTC   0   0   0   0   1   0 |     GCC   2   2   1   2   2   2 |     GAC   3   2   3   3   2   3 |     GGC   3   3   3   3   3   3
    GTA   0   0   0   0   0   0 |     GCA   2   2   3   2   2   2 | Glu GAA   2   1   2   2   2   2 |     GGA   0   0   0   0   0   0
    GTG   4   3   3   3   3   3 |     GCG   0   1   0   1   0   1 |     GAG   1   2   1   1   1   1 |     GGG   0   0   0   0   0   0
--------------------------------------------------------------------------------------------------------------------------------------

--------------------------------------------------------------------------------------------------------------------------------------
Phe TTT   5   6   6   6   6   6 | Ser TCT   1   1   1   1   1   1 | Tyr TAT   2   3   3   3   2   3 | Cys TGT   1   1   1   0   1   0
    TTC   2   1   1   1   1   1 |     TCC   1   1   1   1   1   1 |     TAC   2   1   1   1   2   1 |     TGC   0   0   0   1   0   0
Leu TTA   2   3   2   3   1   3 |     TCA   1   1   1   1   1   1 | *** TAA   0   0   0   0   0   0 | *** TGA   0   0   0   0   0   0
    TTG   0   0   0   0   1   0 |     TCG   0   0   0   0   0   0 |     TAG   0   0   0   0   0   0 | Trp TGG   2   2   2   2   2   2
--------------------------------------------------------------------------------------------------------------------------------------
Leu CTT   3   2   3   2   3   3 | Pro CCT   0   0   0   0   0   0 | His CAT   0   0   0   0   0   0 | Arg CGT   1   1   0   0   0   1
    CTC   0   2   0   2   0   0 |     CCC   1   1   1   1   1   1 |     CAC   0   0   0   0   0   0 |     CGC   0   0   1   1   0   0
    CTA   4   2   1   2   4   3 |     CCA   1   1   1   1   0   1 | Gln CAA   0   0   0   0   0   0 |     CGA   0   0   0   0   0   0
    CTG   1   1   4   1   1   1 |     CCG   0   0   0   0   1   0 |     CAG   3   3   3   3   3   3 |     CGG   0   0   0   0   1   0
--------------------------------------------------------------------------------------------------------------------------------------
Ile ATT   1   1   1   1   1   1 | Thr ACT   1   1   1   1   1   1 | Asn AAT   1   2   2   2   2   2 | Ser AGT   0   0   0   0   0   1
    ATC   0   0   0   0   0   0 |     ACC   0   1   1   1   1   1 |     AAC   1   0   0   0   0   0 |     AGC   2   2   2   2   2   2
    ATA   4   4   4   4   4   4 |     ACA   0   0   1   1   1   0 | Lys AAA   1   1   1   1   1   1 | Arg AGA   0   0   0   0   0   1
Met ATG   1   1   1   1   1   1 |     ACG   2   1   0   0   0   1 |     AAG   2   2   2   2   2   2 |     AGG   2   2   2   2   2   1
--------------------------------------------------------------------------------------------------------------------------------------
Val GTT   2   2   2   2   2   2 | Ala GCT   1   1   1   1   1   1 | Asp GAT   0   0   0   0   0   0 | Gly GGT   1   1   1   1   1   1
    GTC   0   0   0   0   0   0 |     GCC   2   2   3   2   2   2 |     GAC   3   3   3   3   3   3 |     GGC   2   3   3   3   3   3
    GTA   0   1   0   0   0   0 |     GCA   2   2   1   3   2   3 | Glu GAA   2   2   1   2   2   1 |     GGA   1   0   0   0   0   0
    GTG   3   2   3   3   4   3 |     GCG   1   1   1   0   0   0 |     GAG   1   1   2   1   1   2 |     GGG   0   0   0   0   0   0
--------------------------------------------------------------------------------------------------------------------------------------

--------------------------------------------------------------------------------------------------------------------------------------
Phe TTT   6   5   6   6   6   6 | Ser TCT   1   1   1   1   1   1 | Tyr TAT   3   2   3   3   3   2 | Cys TGT   1   1   1   1   1   1
    TTC   1   2   1   1   1   1 |     TCC   1   1   1   1   1   1 |     TAC   1   2   1   1   1   2 |     TGC   0   0   0   0   0   0
Leu TTA   3   3   3   3   3   2 |     TCA   1   1   1   1   1   1 | *** TAA   0   0   0   0   0   0 | *** TGA   0   0   0   0   0   0
    TTG   0   0   0   0   0   1 |     TCG   0   0   0   0   0   0 |     TAG   0   0   0   0   0   0 | Trp TGG   2   2   2   2   2   2
--------------------------------------------------------------------------------------------------------------------------------------
Leu CTT   2   2   2   2   2   3 | Pro CCT   0   0   0   0   0   0 | His CAT   0   0   0   0   0   0 | Arg CGT   1   1   1   1   1   1
    CTC   1   1   1   1   2   0 |     CCC   1   1   1   1   1   1 |     CAC   0   0   0   0   0   0 |     CGC   0   0   0   0   0   0
    CTA   3   3   3   3   2   3 |     CCA   1   1   1   1   1   1 | Gln CAA   0   0   0   0   0   0 |     CGA   0   0   0   0   0   0
    CTG   1   1   1   1   1   1 |     CCG   0   0   0   0   0   0 |     CAG   3   3   3   3   3   3 |     CGG   0   0   0   0   0   0
--------------------------------------------------------------------------------------------------------------------------------------
Ile ATT   1   1   1   1   1   1 | Thr ACT   1   1   1   1   1   1 | Asn AAT   2   2   2   2   2   2 | Ser AGT   0   0   0   0   0   0
    ATC   0   0   0   0   0   0 |     ACC   1   1   1   1   1   1 |     AAC   0   0   0   0   0   0 |     AGC   2   2   2   2   2   2
    ATA   4   4   4   4   4   4 |     ACA   0   0   0   0   0   1 | Lys AAA   1   2   1   1   1   1 | Arg AGA   1   0   1   1   0   0
Met ATG   1   1   1   1   1   1 |     ACG   1   1   1   1   1   0 |     AAG   2   1   2   2   2   2 |     AGG   1   2   1   1   2   2
--------------------------------------------------------------------------------------------------------------------------------------
Val GTT   2   2   2   2   2   2 | Ala GCT   1   1   2   1   1   1 | Asp GAT   0   0   0   0   0   0 | Gly GGT   1   1   1   1   1   1
    GTC   0   0   0   0   0   0 |     GCC   2   2   1   2   1   2 |     GAC   3   3   3   3   3   3 |     GGC   3   3   3   3   3   3
    GTA   0   0   0   0   1   0 |     GCA   3   3   3   3   2   1 | Glu GAA   2   2   2   2   2   2 |     GGA   0   0   0   0   0   0
    GTG   3   3   3   3   2   3 |     GCG   0   0   0   0   2   2 |     GAG   1   1   1   1   1   1 |     GGG   0   0   0   0   0   0
--------------------------------------------------------------------------------------------------------------------------------------

--------------------------------------------------------------------------------------------------------------------------------------
Phe TTT   6   6   6   5   6   6 | Ser TCT   1   1   1   1   1   1 | Tyr TAT   2   3   3   3   3   3 | Cys TGT   1   1   1   1   1   1
    TTC   1   1   1   2   1   1 |     TCC   1   1   1   1   1   1 |     TAC   2   1   1   1   1   1 |     TGC   0   0   0   0   0   0
Leu TTA   3   3   3   3   2   2 |     TCA   1   1   1   1   1   1 | *** TAA   0   0   0   0   0   0 | *** TGA   0   0   0   0   0   0
    TTG   0   0   0   0   0   0 |     TCG   0   0   0   0   0   0 |     TAG   0   0   0   0   0   0 | Trp TGG   2   2   2   2   2   2
--------------------------------------------------------------------------------------------------------------------------------------
Leu CTT   2   2   2   3   2   2 | Pro CCT   0   0   0   0   0   0 | His CAT   0   0   0   0   0   0 | Arg CGT   1   1   1   1   1   1
    CTC   1   1   1   1   1   1 |     CCC   1   1   1   1   1   1 |     CAC   0   0   0   0   0   0 |     CGC   0   0   0   0   0   0
    CTA   3   3   3   2   4   4 |     CCA   1   1   1   1   1   1 | Gln CAA   0   0   0   0   0   0 |     CGA   0   0   0   0   0   0
    CTG   1   1   1   1   1   1 |     CCG   0   0   0   0   0   0 |     CAG   3   3   3   3   3   3 |     CGG   0   0   0   0   0   0
--------------------------------------------------------------------------------------------------------------------------------------
Ile ATT   1   1   1   1   1   1 | Thr ACT   1   1   1   1   1   1 | Asn AAT   2   2   2   2   2   2 | Ser AGT   0   0   0   0   0   0
    ATC   0   0   0   1   0   0 |     ACC   1   1   1   1   1   1 |     AAC   0   0   0   0   0   0 |     AGC   2   2   2   2   2   2
    ATA   4   3   4   3   4   4 |     ACA   0   0   0   0   0   0 | Lys AAA   1   1   1   1   1   0 | Arg AGA   0   0   0   1   0   0
Met ATG   1   2   1   1   1   1 |     ACG   1   1   1   1   1   1 |     AAG   2   2   2   2   2   3 |     AGG   2   2   2   1   2   2
--------------------------------------------------------------------------------------------------------------------------------------
Val GTT   2   2   2   2   2   2 | Ala GCT   1   1   1   2   1   1 | Asp GAT   0   0   0   0   0   0 | Gly GGT   1   1   1   1   1   1
    GTC   0   0   0   0   0   0 |     GCC   2   3   2   1   2   2 |     GAC   3   3   3   3   3   3 |     GGC   3   3   3   3   3   3
    GTA   1   0   0   0   0   0 |     GCA   2   1   2   3   2   2 | Glu GAA   2   2   2   2   1   1 |     GGA   0   0   0   0   0   0
    GTG   2   3   3   3   3   3 |     GCG   1   1   1   0   1   1 |     GAG   1   1   1   1   2   2 |     GGG   0   0   0   0   0   0
--------------------------------------------------------------------------------------------------------------------------------------

Codon position x base (3x4) table for each sequence.

#1: Argali         
position  1:    T:0.27778    C:0.18056    A:0.25000    G:0.29167
position  2:    T:0.40278    C:0.19444    A:0.23611    G:0.16667
position  3:    T:0.30556    C:0.22222    A:0.19444    G:0.27778
Average         T:0.32870    C:0.19907    A:0.22685    G:0.24537

#2: LesserMouseDeer
position  1:    T:0.26389    C:0.19444    A:0.25000    G:0.29167
position  2:    T:0.38889    C:0.19444    A:0.25000    G:0.16667
position  3:    T:0.22222    C:0.34722    A:0.19444    G:0.23611
Average         T:0.29167    C:0.24537    A:0.23148    G:0.23148

#3: LesserKudu     
position  1:    T:0.26389    C:0.19444    A:0.25000    G:0.29167
position  2:    T:0.38889    C:0.19444    A:0.25000    G:0.16667
position  3:    T:0.30556    C:0.22222    A:0.22222    G:0.25000
Average         T:0.31944    C:0.20370    A:0.24074    G:0.23611

#4: ForestMuskDeer2
position  1:    T:0.27778    C:0.18056    A:0.25000    G:0.29167
position  2:    T:0.38889    C:0.19444    A:0.25000    G:0.16667
position  3:    T:0.31944    C:0.23611    A:0.23611    G:0.20833
Average         T:0.32870    C:0.20370    A:0.24537    G:0.22222

#5: Camel          
position  1:    T:0.27778    C:0.19444    A:0.25000    G:0.27778
position  2:    T:0.41667    C:0.16667    A:0.25000    G:0.16667
position  3:    T:0.30556    C:0.26389    A:0.19444    G:0.23611
Average         T:0.33333    C:0.20833    A:0.23148    G:0.22685

#6: KillerWhale    
position  1:    T:0.27778    C:0.18056    A:0.25000    G:0.29167
position  2:    T:0.38889    C:0.19444    A:0.26389    G:0.15278
position  3:    T:0.30556    C:0.25000    A:0.20833    G:0.23611
Average         T:0.32407    C:0.20833    A:0.24074    G:0.22685

#7: DefassaWaterbuck
position  1:    T:0.27778    C:0.18056    A:0.25000    G:0.29167
position  2:    T:0.38889    C:0.19444    A:0.25000    G:0.16667
position  3:    T:0.26389    C:0.26389    A:0.25000    G:0.22222
Average         T:0.31019    C:0.21296    A:0.25000    G:0.22685

#8: Sheep          
position  1:    T:0.27778    C:0.18056    A:0.25000    G:0.29167
position  2:    T:0.38889    C:0.19444    A:0.25000    G:0.16667
position  3:    T:0.30556    C:0.22222    A:0.19444    G:0.27778
Average         T:0.32407    C:0.19907    A:0.23148    G:0.24537

#9: MaxwellsDuiker 
position  1:    T:0.27778    C:0.18056    A:0.25000    G:0.29167
position  2:    T:0.38889    C:0.19444    A:0.25000    G:0.16667
position  3:    T:0.30556    C:0.22222    A:0.23611    G:0.23611
Average         T:0.32407    C:0.19907    A:0.24537    G:0.23148

#10: GazellaPrzewalskyi
position  1:    T:0.27778    C:0.18056    A:0.25000    G:0.29167
position  2:    T:0.38889    C:0.19444    A:0.25000    G:0.16667
position  3:    T:0.30556    C:0.22222    A:0.25000    G:0.22222
Average         T:0.32407    C:0.19907    A:0.25000    G:0.22685

#11: MountainNyala  
position  1:    T:0.26389    C:0.19444    A:0.25000    G:0.29167
position  2:    T:0.38889    C:0.19444    A:0.25000    G:0.16667
position  3:    T:0.29167    C:0.23611    A:0.22222    G:0.25000
Average         T:0.31481    C:0.20833    A:0.24074    G:0.23611

#12: MuntiacusMuntjak
position  1:    T:0.27778    C:0.18056    A:0.25000    G:0.29167
position  2:    T:0.38889    C:0.19444    A:0.25000    G:0.16667
position  3:    T:0.31944    C:0.20833    A:0.26389    G:0.20833
Average         T:0.32870    C:0.19444    A:0.25463    G:0.22222

#13: goat           
position  1:    T:0.27778    C:0.18056    A:0.25000    G:0.29167
position  2:    T:0.38889    C:0.19444    A:0.25000    G:0.16667
position  3:    T:0.30556    C:0.23611    A:0.18056    G:0.27778
Average         T:0.32407    C:0.20370    A:0.22685    G:0.24537

#14: AfricanBuffalo 
position  1:    T:0.27778    C:0.18056    A:0.25000    G:0.29167
position  2:    T:0.38889    C:0.19444    A:0.25000    G:0.16667
position  3:    T:0.31944    C:0.22222    A:0.23611    G:0.22222
Average         T:0.32870    C:0.19907    A:0.24537    G:0.22685

#15: Topi           
position  1:    T:0.26389    C:0.19444    A:0.25000    G:0.29167
position  2:    T:0.38889    C:0.19444    A:0.25000    G:0.16667
position  3:    T:0.30556    C:0.22222    A:0.25000    G:0.22222
Average         T:0.31944    C:0.20370    A:0.25000    G:0.22685

#16: CommonDuiker   
position  1:    T:0.27778    C:0.18056    A:0.25000    G:0.29167
position  2:    T:0.38889    C:0.19444    A:0.25000    G:0.16667
position  3:    T:0.30556    C:0.22222    A:0.23611    G:0.23611
Average         T:0.32407    C:0.19907    A:0.24537    G:0.23148

#17: Suni           
position  1:    T:0.26389    C:0.18056    A:0.25000    G:0.30556
position  2:    T:0.38889    C:0.19444    A:0.25000    G:0.16667
position  3:    T:0.29167    C:0.23611    A:0.22222    G:0.25000
Average         T:0.31481    C:0.20370    A:0.24074    G:0.24074

#18: Springbuck     
position  1:    T:0.27778    C:0.18056    A:0.25000    G:0.29167
position  2:    T:0.40278    C:0.18056    A:0.25000    G:0.16667
position  3:    T:0.29167    C:0.22222    A:0.23611    G:0.25000
Average         T:0.32407    C:0.19444    A:0.24537    G:0.23611

#19: Okapi          
position  1:    T:0.27778    C:0.18056    A:0.25000    G:0.29167
position  2:    T:0.38889    C:0.19444    A:0.25000    G:0.16667
position  3:    T:0.30556    C:0.22222    A:0.26389    G:0.20833
Average         T:0.32407    C:0.19907    A:0.25463    G:0.22222

#20: Giraffe        
position  1:    T:0.27778    C:0.18056    A:0.25000    G:0.29167
position  2:    T:0.38889    C:0.19444    A:0.25000    G:0.16667
position  3:    T:0.29167    C:0.23611    A:0.26389    G:0.20833
Average         T:0.31944    C:0.20370    A:0.25463    G:0.22222

#21: TibetanAntelope
position  1:    T:0.26389    C:0.19444    A:0.23611    G:0.30556
position  2:    T:0.38889    C:0.19444    A:0.25000    G:0.16667
position  3:    T:0.29167    C:0.23611    A:0.19444    G:0.27778
Average         T:0.31481    C:0.20833    A:0.22685    G:0.25000

#22: Sitatunga      
position  1:    T:0.26389    C:0.19444    A:0.25000    G:0.29167
position  2:    T:0.38889    C:0.19444    A:0.25000    G:0.16667
position  3:    T:0.30556    C:0.22222    A:0.22222    G:0.25000
Average         T:0.31944    C:0.20370    A:0.24074    G:0.23611

#23: Oribi          
position  1:    T:0.27778    C:0.18056    A:0.25000    G:0.29167
position  2:    T:0.40278    C:0.18056    A:0.25000    G:0.16667
position  3:    T:0.27778    C:0.25000    A:0.23611    G:0.23611
Average         T:0.31944    C:0.20370    A:0.24537    G:0.23148

#24: BarbarySheep   
position  1:    T:0.27778    C:0.18056    A:0.26389    G:0.27778
position  2:    T:0.38889    C:0.19444    A:0.25000    G:0.16667
position  3:    T:0.30556    C:0.23611    A:0.19444    G:0.26389
Average         T:0.32407    C:0.20370    A:0.23611    G:0.23611

#25: Daviddeer      
position  1:    T:0.27778    C:0.18056    A:0.25000    G:0.29167
position  2:    T:0.38889    C:0.19444    A:0.25000    G:0.16667
position  3:    T:0.30556    C:0.22222    A:0.26389    G:0.20833
Average         T:0.32407    C:0.19907    A:0.25463    G:0.22222

#26: Reindeer       
position  1:    T:0.27778    C:0.18056    A:0.25000    G:0.29167
position  2:    T:0.38889    C:0.19444    A:0.25000    G:0.16667
position  3:    T:0.30556    C:0.22222    A:0.26389    G:0.20833
Average         T:0.32407    C:0.19907    A:0.25463    G:0.22222

#27: Ibex           
position  1:    T:0.27778    C:0.18056    A:0.25000    G:0.29167
position  2:    T:0.38889    C:0.19444    A:0.25000    G:0.16667
position  3:    T:0.30556    C:0.23611    A:0.18056    G:0.27778
Average         T:0.32407    C:0.20370    A:0.22685    G:0.24537

#28: GyrantGazelle  
position  1:    T:0.27778    C:0.18056    A:0.25000    G:0.29167
position  2:    T:0.38889    C:0.19444    A:0.25000    G:0.16667
position  3:    T:0.29167    C:0.23611    A:0.25000    G:0.22222
Average         T:0.31944    C:0.20370    A:0.25000    G:0.22685

#29: Hartebeest     
position  1:    T:0.26389    C:0.19444    A:0.25000    G:0.29167
position  2:    T:0.38889    C:0.19444    A:0.25000    G:0.16667
position  3:    T:0.30556    C:0.22222    A:0.25000    G:0.22222
Average         T:0.31944    C:0.20370    A:0.25000    G:0.22685

#30: Bongo          
position  1:    T:0.26389    C:0.19444    A:0.23611    G:0.30556
position  2:    T:0.38889    C:0.19444    A:0.25000    G:0.16667
position  3:    T:0.29167    C:0.23611    A:0.20833    G:0.26389
Average         T:0.31481    C:0.20833    A:0.23148    G:0.24537

#31: Gerenuk        
position  1:    T:0.27778    C:0.18056    A:0.25000    G:0.29167
position  2:    T:0.40278    C:0.18056    A:0.25000    G:0.16667
position  3:    T:0.29167    C:0.23611    A:0.23611    G:0.23611
Average         T:0.32407    C:0.19907    A:0.24537    G:0.23148

#32: CommonEland    
position  1:    T:0.26389    C:0.19444    A:0.25000    G:0.29167
position  2:    T:0.38889    C:0.19444    A:0.25000    G:0.16667
position  3:    T:0.31944    C:0.20833    A:0.22222    G:0.25000
Average         T:0.32407    C:0.19907    A:0.24074    G:0.23611

#33: MuntiacusReevesi
position  1:    T:0.27778    C:0.18056    A:0.25000    G:0.29167
position  2:    T:0.38889    C:0.19444    A:0.25000    G:0.16667
position  3:    T:0.31944    C:0.19444    A:0.26389    G:0.22222
Average         T:0.32870    C:0.18981    A:0.25463    G:0.22685

#34: HarveysDuiker  
position  1:    T:0.27778    C:0.18056    A:0.25000    G:0.29167
position  2:    T:0.38889    C:0.19444    A:0.25000    G:0.16667
position  3:    T:0.30556    C:0.22222    A:0.23611    G:0.23611
Average         T:0.32407    C:0.19907    A:0.24537    G:0.23148

#35: Pronghorn      
position  1:    T:0.26389    C:0.19444    A:0.25000    G:0.29167
position  2:    T:0.38889    C:0.19444    A:0.25000    G:0.16667
position  3:    T:0.30556    C:0.23611    A:0.26389    G:0.19444
Average         T:0.31944    C:0.20833    A:0.25463    G:0.21759

#36: BlueWildebeest 
position  1:    T:0.26389    C:0.19444    A:0.25000    G:0.29167
position  2:    T:0.38889    C:0.19444    A:0.25000    G:0.16667
position  3:    T:0.30556    C:0.22222    A:0.25000    G:0.22222
Average         T:0.31944    C:0.20370    A:0.25000    G:0.22685

#37: Gemsbok        
position  1:    T:0.26389    C:0.19444    A:0.25000    G:0.29167
position  2:    T:0.38889    C:0.19444    A:0.25000    G:0.16667
position  3:    T:0.27778    C:0.22222    A:0.25000    G:0.25000
Average         T:0.31019    C:0.20370    A:0.25000    G:0.23611

#38: Yak            
position  1:    T:0.27778    C:0.18056    A:0.25000    G:0.29167
position  2:    T:0.38889    C:0.19444    A:0.25000    G:0.16667
position  3:    T:0.30556    C:0.23611    A:0.23611    G:0.22222
Average         T:0.32407    C:0.20370    A:0.24537    G:0.22685

#39: BlueSheep      
position  1:    T:0.26389    C:0.19444    A:0.25000    G:0.29167
position  2:    T:0.38889    C:0.19444    A:0.25000    G:0.16667
position  3:    T:0.30556    C:0.23611    A:0.18056    G:0.27778
Average         T:0.31944    C:0.20833    A:0.22685    G:0.24537

#40: BohorReedbuck  
position  1:    T:0.27778    C:0.18056    A:0.25000    G:0.29167
position  2:    T:0.38889    C:0.19444    A:0.25000    G:0.16667
position  3:    T:0.27778    C:0.26389    A:0.25000    G:0.20833
Average         T:0.31481    C:0.21296    A:0.25000    G:0.22222

#41: KirksDik       
position  1:    T:0.26389    C:0.19444    A:0.25000    G:0.29167
position  2:    T:0.40278    C:0.18056    A:0.25000    G:0.16667
position  3:    T:0.29167    C:0.22222    A:0.22222    G:0.26389
Average         T:0.31944    C:0.19907    A:0.24074    G:0.24074

#42: RoeDeer        
position  1:    T:0.26389    C:0.18056    A:0.26389    G:0.29167
position  2:    T:0.38889    C:0.19444    A:0.25000    G:0.16667
position  3:    T:0.31944    C:0.20833    A:0.25000    G:0.22222
Average         T:0.32407    C:0.19444    A:0.25463    G:0.22685

#43: WhiteLippedDeer
position  1:    T:0.27778    C:0.18056    A:0.25000    G:0.29167
position  2:    T:0.38889    C:0.19444    A:0.25000    G:0.16667
position  3:    T:0.30556    C:0.22222    A:0.26389    G:0.20833
Average         T:0.32407    C:0.19907    A:0.25463    G:0.22222

#44: ThomsonGazelle 
position  1:    T:0.27778    C:0.18056    A:0.25000    G:0.29167
position  2:    T:0.38889    C:0.19444    A:0.25000    G:0.16667
position  3:    T:0.27778    C:0.25000    A:0.26389    G:0.20833
Average         T:0.31481    C:0.20833    A:0.25463    G:0.22222

#45: MuntiacusCrinifrons
position  1:    T:0.27778    C:0.18056    A:0.25000    G:0.29167
position  2:    T:0.38889    C:0.19444    A:0.25000    G:0.16667
position  3:    T:0.31944    C:0.20833    A:0.26389    G:0.20833
Average         T:0.32870    C:0.19444    A:0.25463    G:0.22222

#46: WhiteTailedDeer
position  1:    T:0.27778    C:0.18056    A:0.25000    G:0.29167
position  2:    T:0.38889    C:0.19444    A:0.25000    G:0.16667
position  3:    T:0.30556    C:0.22222    A:0.26389    G:0.20833
Average         T:0.32407    C:0.19907    A:0.25463    G:0.22222

#47: Cattle         
position  1:    T:0.27778    C:0.18056    A:0.25000    G:0.29167
position  2:    T:0.38889    C:0.19444    A:0.25000    G:0.16667
position  3:    T:0.30556    C:0.22222    A:0.23611    G:0.23611
Average         T:0.32407    C:0.19907    A:0.24537    G:0.23148

#48: RoyalAntelope  
position  1:    T:0.27778    C:0.18056    A:0.25000    G:0.29167
position  2:    T:0.38889    C:0.19444    A:0.25000    G:0.16667
position  3:    T:0.30556    C:0.22222    A:0.22222    G:0.25000
Average         T:0.32407    C:0.19907    A:0.24074    G:0.23611

#49: Steenbok       
position  1:    T:0.27778    C:0.18056    A:0.25000    G:0.29167
position  2:    T:0.38889    C:0.19444    A:0.25000    G:0.16667
position  3:    T:0.29167    C:0.23611    A:0.25000    G:0.22222
Average         T:0.31944    C:0.20370    A:0.25000    G:0.22685

#50: Impala         
position  1:    T:0.27778    C:0.18056    A:0.25000    G:0.29167
position  2:    T:0.38889    C:0.19444    A:0.25000    G:0.16667
position  3:    T:0.30556    C:0.23611    A:0.20833    G:0.25000
Average         T:0.32407    C:0.20370    A:0.23611    G:0.23611

#51: Klipspringer   
position  1:    T:0.27778    C:0.18056    A:0.25000    G:0.29167
position  2:    T:0.38889    C:0.19444    A:0.25000    G:0.16667
