1
52 1
Argali 0.000000 0.169900 0.035400 0.135500 0.045800 0.000000 0.015000 0.051500 0.035500 0.117700 0.020000 0.025100 0.025200 0.035600 0.045800 0.020000 0.067100 0.056500 0.010000 0.046000 0.020000 0.009600 0.105900 0.118200 0.025100 0.020000 0.015000 0.045900 0.014500 0.051100 0.117400 0.020200 0.072700 0.015000 0.020100 0.030200 0.009700 0.020000 0.020000 0.134800 0.100300 0.025100 0.111600 0.123800 0.035300 0.050800 0.014600 0.035600 0.056200 0.073000 0.045800 0.046000
LesserMous 0.169900 0.000000 0.182500 0.122700 0.213600 0.169900 0.176100 0.195000 0.200800 0.265500 0.194100 0.163900 0.181800 0.195100 0.201100 0.181900 0.175900 0.176100 0.176300 0.188800 0.194200 0.170100 0.245200 0.232400 0.200600 0.188000 0.175900 0.188400 0.188100 0.194600 0.271700 0.195400 0.193600 0.175900 0.182000 0.182200 0.169900 0.181700 0.182200 0.278300 0.238400 0.194400 0.264600 0.232400 0.181800 0.193900 0.188700 0.182500 0.237500 0.202400 0.188800 0.188800
LesserKudu 0.035400 0.182500 0.000000 0.159400 0.083300 0.035400 0.051200 0.073100 0.020100 0.106400 0.045600 0.051000 0.051100 0.062100 0.083200 0.045700 0.083600 0.072800 0.045900 0.010000 0.056300 0.045800 0.106400 0.118800 0.051100 0.045600 0.051000 0.020100 0.040500 0.015000 0.106200 0.056700 0.089300 0.051000 0.056400 0.056300 0.045800 0.056100 0.045900 0.135600 0.100800 0.050900 0.100500 0.124400 0.061600 0.072300 0.040700 0.051300 0.094100 0.078600 0.010000 0.010000
KillerWhal 0.135500 0.122700 0.159400 0.000000 0.190200 0.135500 0.153300 0.171900 0.177500 0.208800 0.159000 0.129700 0.159000 0.153800 0.177800 0.147200 0.153100 0.141500 0.141700 0.171800 0.147300 0.135600 0.189600 0.202200 0.165400 0.141300 0.153100 0.171400 0.141400 0.177600 0.214700 0.154000 0.164500 0.153100 0.147300 0.147400 0.135500 0.158800 0.135700 0.233700 0.183200 0.129800 0.208100 0.202200 0.141100 0.195300 0.141900 0.160000 0.176700 0.172900 0.171800 0.171800
DefassaWat 0.045800 0.213600 0.083300 0.190200 0.000000 0.045800 0.061900 0.089900 0.083600 0.165700 0.066800 0.072200 0.061900 0.083800 0.094300 0.067000 0.117200 0.106100 0.056500 0.094900 0.067000 0.056400 0.152900 0.166400 0.072500 0.066800 0.051100 0.083700 0.061600 0.089200 0.165400 0.067500 0.123200 0.051100 0.067100 0.077700 0.056300 0.035300 0.067100 0.177700 0.147000 0.072200 0.159100 0.172300 0.083200 0.088700 0.061800 0.083800 0.099800 0.123800 0.094600 0.094900
Sheep 0.000000 0.169900 0.035400 0.135500 0.045800 0.000000 0.015000 0.051500 0.035500 0.117700 0.020000 0.025100 0.025200 0.035600 0.045800 0.020000 0.067100 0.056500 0.009700 0.046000 0.020000 0.010000 0.105900 0.118200 0.025100 0.019400 0.015000 0.045900 0.015000 0.051100 0.117400 0.020200 0.072700 0.015000 0.020100 0.030200 0.009700 0.020000 0.020000 0.134800 0.100300 0.025100 0.111600 0.123800 0.035300 0.050800 0.014700 0.035600 0.056200 0.073000 0.045800 0.046000
MaxwellsDu 0.015000 0.176100 0.051200 0.153300 0.061900 0.015000 0.000000 0.067700 0.051200 0.135300 0.035400 0.040600 0.035500 0.040700 0.051300 0.025200 0.072600 0.072700 0.025300 0.062000 0.025200 0.025200 0.123100 0.135900 0.040800 0.035400 0.025200 0.061800 0.030300 0.067200 0.135000 0.025200 0.089200 0.025200 0.035500 0.045900 0.025200 0.035400 0.035500 0.152800 0.117400 0.040600 0.129000 0.141600 0.051200 0.056400 0.030400 0.040900 0.072300 0.089600 0.062000 0.062000
GazellaPrz 0.051500 0.195000 0.073100 0.171900 0.089900 0.051500 0.067700 0.000000 0.067700 0.154000 0.062000 0.067500 0.062300 0.090000 0.089700 0.062200 0.117900 0.106700 0.062400 0.084300 0.073100 0.051600 0.129800 0.154600 0.067700 0.062000 0.056900 0.095200 0.056800 0.089600 0.153700 0.073400 0.118200 0.056900 0.073000 0.084000 0.062200 0.062100 0.073200 0.160000 0.123900 0.067500 0.147500 0.160500 0.089500 0.095200 0.067800 0.073200 0.111800 0.113000 0.084300 0.084300
MountainNy 0.035500 0.200800 0.020100 0.177500 0.083600 0.035500 0.051200 0.067700 0.000000 0.112200 0.045800 0.061700 0.061800 0.072800 0.072700 0.045900 0.105700 0.094700 0.046000 0.020100 0.056500 0.045900 0.112200 0.124700 0.051200 0.045800 0.051200 0.029200 0.040700 0.025100 0.112000 0.056700 0.111700 0.051200 0.056400 0.067100 0.045900 0.056300 0.056500 0.141700 0.106500 0.051000 0.106200 0.130400 0.072500 0.072500 0.040800 0.062000 0.094100 0.089700 0.020200 0.019600
MuntiacusM 0.117700 0.265500 0.106400 0.208800 0.165700 0.117700 0.135300 0.154000 0.112200 0.000000 0.128800 0.135000 0.141200 0.147900 0.147600 0.117900 0.177800 0.166000 0.117600 0.106900 0.129600 0.129300 0.031100 0.063700 0.135500 0.117400 0.135300 0.118100 0.112100 0.112400 0.010200 0.141700 0.172100 0.135300 0.117900 0.141200 0.123500 0.134800 0.118300 0.069100 0.025800 0.123200 0.005000 0.080200 0.147100 0.141600 0.124100 0.141300 0.164600 0.161000 0.106900 0.106900
goat 0.020000 0.194100 0.045600 0.159000 0.066800 0.020000 0.035400 0.062000 0.045800 0.128800 0.000000 0.045500 0.045700 0.056500 0.066800 0.030100 0.088700 0.077900 0.030200 0.056400 0.040400 0.030200 0.116900 0.129400 0.025100 0.030100 0.035300 0.066900 0.025000 0.061600 0.128600 0.040700 0.094500 0.035300 0.040500 0.050800 0.030200 0.039700 0.040500 0.146100 0.111300 0.035200 0.122700 0.135000 0.056100 0.061300 0.033600 0.045900 0.077400 0.072800 0.056200 0.056400
AfricanBuf 0.025100 0.163900 0.051000 0.129700 0.072200 0.025100 0.040600 0.067500 0.061700 0.135000 0.045500 0.000000 0.051000 0.051300 0.072100 0.045600 0.083400 0.072600 0.035400 0.061800 0.045600 0.025100 0.122900 0.135500 0.050900 0.045500 0.040400 0.061700 0.040400 0.067100 0.134800 0.046000 0.072700 0.040400 0.045700 0.025100 0.035300 0.045500 0.035300 0.152500 0.105900 0.050800 0.128800 0.141300 0.030200 0.077300 0.040500 0.051200 0.082800 0.078400 0.061600 0.061800
Topi 0.025200 0.181800 0.051100 0.159000 0.061900 0.025200 0.035500 0.062300 0.061800 0.141200 0.045700 0.051000 0.000000 0.056600 0.072600 0.045900 0.083300 0.072600 0.035500 0.061900 0.045900 0.035500 0.128900 0.141800 0.051200 0.045700 0.010000 0.061700 0.040600 0.067100 0.140900 0.040800 0.089000 0.010000 0.045800 0.056400 0.035500 0.035400 0.045900 0.147000 0.123200 0.051000 0.134800 0.147500 0.061700 0.067100 0.040700 0.051200 0.083000 0.089500 0.061900 0.061900
CommonDuik 0.035600 0.195100 0.062100 0.153800 0.083800 0.035600 0.040700 0.090000 0.072800 0.147900 0.056500 0.051300 0.056600 0.000000 0.083800 0.056600 0.089300 0.078500 0.046200 0.073100 0.056600 0.046100 0.135400 0.142600 0.062100 0.056500 0.046000 0.072900 0.051300 0.078400 0.147600 0.025300 0.089500 0.046000 0.056600 0.056700 0.046100 0.056500 0.046200 0.165800 0.129600 0.051200 0.141500 0.148300 0.062000 0.089100 0.051400 0.073000 0.083500 0.101200 0.073100 0.073100
Suni 0.045800 0.201100 0.083200 0.177800 0.094300 0.045800 0.051300 0.089700 0.072700 0.147600 0.066800 0.072100 0.072600 0.083800 0.000000 0.052500 0.100100 0.100200 0.056400 0.083800 0.067000 0.056300 0.135100 0.148300 0.072400 0.066800 0.061600 0.083600 0.061600 0.089100 0.147200 0.067400 0.123100 0.061600 0.067100 0.077700 0.051000 0.066700 0.067000 0.165400 0.129300 0.072200 0.141100 0.154000 0.083100 0.099500 0.057300 0.072900 0.105200 0.112300 0.083200 0.083800
Springbuck 0.020000 0.181900 0.045700 0.147200 0.067000 0.020000 0.025200 0.062200 0.045900 0.117900 0.030100 0.045600 0.045900 0.056600 0.052500 0.000000 0.078000 0.078100 0.029600 0.056500 0.030200 0.030200 0.106100 0.118500 0.035400 0.020000 0.035300 0.067100 0.015000 0.061700 0.117700 0.040800 0.094600 0.035300 0.040600 0.050900 0.030200 0.040400 0.030300 0.135100 0.100500 0.025100 0.111800 0.124100 0.056200 0.072100 0.024200 0.035600 0.077600 0.083900 0.056400 0.056500
Okapi 0.067100 0.175900 0.083600 0.153100 0.117200 0.067100 0.072600 0.117900 0.105700 0.177800 0.088700 0.083400 0.083300 0.089300 0.100100 0.078000 0.000000 0.020000 0.078100 0.094800 0.088900 0.078000 0.164900 0.171400 0.094500 0.088700 0.083400 0.094600 0.083400 0.100200 0.177500 0.089300 0.122400 0.083400 0.088700 0.088900 0.067100 0.088700 0.078100 0.196100 0.159000 0.094200 0.171100 0.177400 0.094500 0.122400 0.083600 0.083700 0.127900 0.112400 0.094800 0.094800
Giraffe 0.056500 0.176100 0.072800 0.141500 0.106100 0.056500 0.072700 0.106700 0.094700 0.166000 0.077900 0.072600 0.072600 0.078500 0.100200 0.078100 0.020000 0.000000 0.067400 0.083900 0.078100 0.067300 0.153200 0.159700 0.083700 0.077900 0.072700 0.083700 0.072700 0.089300 0.165600 0.078400 0.111200 0.072700 0.078000 0.078100 0.056600 0.077900 0.067400 0.184100 0.147300 0.083400 0.159400 0.153100 0.083600 0.111200 0.072900 0.083800 0.116800 0.101200 0.083900 0.083900
TibetanAnt 0.010000 0.176300 0.045900 0.141700 0.056500 0.009700 0.025300 0.062400 0.046000 0.117600 0.030200 0.035400 0.035500 0.046200 0.056400 0.029600 0.078100 0.067400 0.000000 0.056700 0.030300 0.020100 0.117600 0.130200 0.035500 0.030200 0.025200 0.056600 0.025200 0.061900 0.129400 0.030500 0.083800 0.024200 0.030400 0.040600 0.014500 0.030200 0.029200 0.147000 0.111900 0.033200 0.123400 0.135900 0.045800 0.061600 0.025200 0.046100 0.067000 0.084200 0.056500 0.056700
Sitatunga 0.046000 0.188800 0.010000 0.171800 0.094900 0.046000 0.062000 0.084300 0.020100 0.106900 0.056400 0.061800 0.061900 0.073100 0.083800 0.056500 0.094800 0.083900 0.056700 0.000000 0.067300 0.056600 0.106900 0.113500 0.062000 0.056400 0.061900 0.009700 0.051200 0.004800 0.106700 0.067500 0.100600 0.061900 0.067200 0.067300 0.056600 0.067100 0.056700 0.136300 0.101300 0.061700 0.100900 0.119100 0.072700 0.083600 0.051400 0.062000 0.105500 0.073400 0.000000 0.000000
Oribi 0.020000 0.194200 0.056300 0.147300 0.067000 0.020000 0.025200 0.073100 0.056500 0.129600 0.040400 0.045600 0.045900 0.056600 0.067000 0.030200 0.088900 0.078100 0.030300 0.067300 0.000000 0.030200 0.117500 0.130200 0.045800 0.028600 0.035400 0.067100 0.024400 0.072500 0.129300 0.040800 0.094700 0.035400 0.040600 0.050900 0.030200 0.040400 0.030300 0.147000 0.111900 0.035300 0.123400 0.135900 0.056200 0.061500 0.020100 0.056600 0.077600 0.095100 0.067100 0.067300
BarbaryShe 0.009600 0.170100 0.045800 0.135600 0.056400 0.010000 0.025200 0.051600 0.045900 0.129300 0.030200 0.025100 0.035500 0.046100 0.056300 0.030200 0.078000 0.067300 0.020100 0.056600 0.030200 0.000000 0.117300 0.129900 0.035400 0.029500 0.024300 0.056500 0.025100 0.061800 0.129100 0.030500 0.078200 0.024100 0.030300 0.040500 0.020000 0.030100 0.030300 0.146700 0.100400 0.035300 0.123100 0.135600 0.045800 0.057300 0.024400 0.046100 0.066900 0.084000 0.056400 0.056600
Daviddeer 0.105900 0.245200 0.106400 0.189600 0.152900 0.105900 0.123100 0.129800 0.112200 0.031100 0.116900 0.122900 0.128900 0.135400 0.135100 0.106100 0.164900 0.153200 0.117600 0.106900 0.117500 0.117300 0.000000 0.052500 0.123300 0.105700 0.123100 0.118000 0.100400 0.112300 0.031000 0.129300 0.159200 0.123100 0.117200 0.128900 0.117300 0.122700 0.106400 0.047000 0.025600 0.111300 0.025700 0.068700 0.134700 0.135100 0.112100 0.129000 0.151900 0.148200 0.106900 0.106900
Reindeer 0.118200 0.232400 0.118800 0.202200 0.166400 0.118200 0.135900 0.154600 0.124700 0.063700 0.129400 0.135500 0.141800 0.142600 0.148300 0.118500 0.171400 0.159700 0.130200 0.113500 0.130200 0.129900 0.052500 0.000000 0.124500 0.117900 0.135900 0.124800 0.112600 0.119000 0.063600 0.142300 0.178700 0.135900 0.129800 0.141700 0.129800 0.135400 0.107400 0.069400 0.057900 0.123700 0.058100 0.015500 0.147700 0.148200 0.124600 0.130100 0.153200 0.149500 0.113500 0.113500
Ibex 0.025100 0.200600 0.051100 0.165400 0.072500 0.025100 0.040800 0.067700 0.051200 0.135500 0.025100 0.050900 0.051200 0.062100 0.072400 0.035400 0.094500 0.083700 0.035500 0.062000 0.045800 0.035400 0.123300 0.124500 0.000000 0.035300 0.040600 0.072600 0.030200 0.067200 0.135200 0.046100 0.100400 0.040600 0.045900 0.056300 0.035400 0.045700 0.035500 0.153100 0.117600 0.040500 0.129200 0.130100 0.061600 0.067000 0.040700 0.040800 0.072300 0.078700 0.061800 0.062000
GyrantGaze 0.020000 0.188000 0.045600 0.141300 0.066800 0.019400 0.035400 0.062000 0.045800 0.117400 0.030100 0.045500 0.045700 0.056500 0.066800 0.020000 0.088700 0.077900 0.030200 0.056400 0.028600 0.029500 0.105700 0.117900 0.035300 0.000000 0.035300 0.066900 0.014500 0.061600 0.117200 0.040700 0.088900 0.035300 0.040500 0.050800 0.030200 0.040300 0.030200 0.134500 0.100100 0.014500 0.111400 0.123500 0.050800 0.071900 0.025100 0.045900 0.077400 0.083700 0.052600 0.056400
Hartebeest 0.015000 0.175900 0.051000 0.153100 0.051100 0.015000 0.025200 0.056900 0.051200 0.135300 0.035300 0.040400 0.010000 0.046000 0.061600 0.035300 0.083400 0.072700 0.025200 0.061900 0.035400 0.024300 0.123100 0.135900 0.040600 0.035300 0.000000 0.061800 0.030200 0.067100 0.135000 0.030400 0.089100 0.000000 0.035400 0.045700 0.025100 0.024500 0.035400 0.152800 0.117400 0.040400 0.129000 0.141600 0.050900 0.055900 0.030300 0.051300 0.072200 0.089500 0.061700 0.061900
Bongo 0.045900 0.188400 0.020100 0.171400 0.083700 0.045900 0.061800 0.095200 0.029200 0.118100 0.066900 0.061700 0.061700 0.072900 0.083600 0.067100 0.094600 0.083700 0.056600 0.009700 0.067100 0.056500 0.118000 0.124800 0.072600 0.066900 0.061800 0.000000 0.061700 0.004800 0.117900 0.067400 0.100400 0.061800 0.067000 0.067100 0.056400 0.056300 0.056600 0.147800 0.112400 0.072300 0.112000 0.130500 0.072600 0.083400 0.051300 0.072700 0.105200 0.084200 0.010000 0.009700
Gerenuk 0.014500 0.188100 0.040500 0.141400 0.061600 0.015000 0.030300 0.056800 0.040700 0.112100 0.025000 0.040400 0.040600 0.051300 0.061600 0.015000 0.083400 0.072700 0.025200 0.051200 0.024400 0.025100 0.100400 0.112600 0.030200 0.014500 0.030200 0.061700 0.000000 0.056400 0.111900 0.035600 0.089100 0.030200 0.035400 0.045700 0.025100 0.035200 0.025100 0.129200 0.094900 0.020000 0.106100 0.118200 0.050900 0.066700 0.020100 0.040800 0.072200 0.078400 0.051100 0.051200
CommonElan 0.051100 0.194600 0.015000 0.177600 0.089200 0.051100 0.067200 0.089600 0.025100 0.112400 0.061600 0.067100 0.067100 0.078400 0.089100 0.061700 0.100200 0.089300 0.061900 0.004800 0.072500 0.061800 0.112300 0.119000 0.067200 0.061600 0.067100 0.004800 0.056400 0.000000 0.112200 0.072800 0.106000 0.067100 0.072400 0.072500 0.061800 0.061700 0.061900 0.141900 0.106700 0.066900 0.106400 0.124700 0.078000 0.088900 0.056600 0.067300 0.110900 0.078700 0.005000 0.004800
MuntiacusR 0.117400 0.271700 0.106200 0.214700 0.165400 0.117400 0.135000 0.153700 0.112000 0.010200 0.128600 0.134800 0.140900 0.147600 0.147200 0.117700 0.177500 0.165600 0.129400 0.106700 0.129300 0.129100 0.031000 0.063600 0.135200 0.117200 0.135000 0.117900 0.111900 0.112200 0.000000 0.141300 0.171700 0.135000 0.117600 0.140900 0.129000 0.134500 0.118000 0.068900 0.025800 0.122900 0.005100 0.080000 0.146800 0.141300 0.123800 0.141000 0.164300 0.160700 0.106700 0.106700
HarveysDui 0.020200 0.195400 0.056700 0.154000 0.067500 0.020200 0.025200 0.073400 0.056700 0.141700 0.040700 0.046000 0.040800 0.025300 0.067400 0.040800 0.089300 0.078400 0.030500 0.067500 0.040800 0.030500 0.129300 0.142300 0.046100 0.040700 0.030400 0.067400 0.035600 0.072800 0.141300 0.000000 0.089500 0.030400 0.040700 0.051300 0.030400 0.040700 0.040900 0.159300 0.123600 0.035500 0.135300 0.148000 0.056600 0.072600 0.035700 0.056800 0.077900 0.095500 0.067500 0.067500
Pronghorn 0.072700 0.193600 0.089300 0.164500 0.123200 0.072700 0.089200 0.118200 0.111700 0.172100 0.094500 0.072700 0.089000 0.089500 0.123100 0.094600 0.122400 0.111200 0.083800 0.100600 0.094700 0.078200 0.159200 0.178700 0.100400 0.088900 0.089100 0.100400 0.089100 0.106000 0.171700 0.089500 0.000000 0.089100 0.094500 0.083700 0.083600 0.094400 0.083800 0.202700 0.147300 0.094500 0.165400 0.184700 0.078000 0.117100 0.089400 0.089400 0.134000 0.118300 0.100700 0.100600
BlueWildeb 0.015000 0.175900 0.051000 0.153100 0.051100 0.015000 0.025200 0.056900 0.051200 0.135300 0.035300 0.040400 0.010000 0.046000 0.061600 0.035300 0.083400 0.072700 0.024200 0.061900 0.035400 0.024100 0.123100 0.135900 0.040600 0.035300 0.000000 0.061800 0.030200 0.067100 0.135000 0.030400 0.089100 0.000000 0.035400 0.045600 0.025100 0.023900 0.035400 0.152800 0.117400 0.040400 0.129000 0.141600 0.050900 0.056200 0.030300 0.051300 0.072200 0.089500 0.061700 0.061900
Gemsbok 0.020100 0.182000 0.056400 0.147300 0.067100 0.020100 0.035500 0.073000 0.056400 0.117900 0.040500 0.045700 0.045800 0.056600 0.067100 0.040600 0.088700 0.078000 0.030400 0.067200 0.040600 0.030300 0.117200 0.129800 0.045900 0.040500 0.035400 0.067000 0.035400 0.072400 0.117600 0.040700 0.094500 0.035400 0.000000 0.051000 0.030300 0.040500 0.040700 0.146600 0.111600 0.045700 0.111800 0.147100 0.056300 0.061600 0.035500 0.056500 0.077500 0.094900 0.067200 0.067200
Yak 0.030200 0.182200 0.056300 0.147400 0.077700 0.030200 0.045900 0.084000 0.067100 0.141200 0.050800 0.025100 0.056400 0.056700 0.077700 0.050900 0.088900 0.078100 0.040600 0.067300 0.050900 0.040500 0.128900 0.141700 0.056300 0.050800 0.045700 0.067100 0.045700 0.072500 0.140900 0.051300 0.083700 0.045600 0.051000 0.000000 0.040500 0.050800 0.040000 0.158700 0.123200 0.056100 0.134800 0.147500 0.004800 0.082800 0.045800 0.056600 0.088400 0.073200 0.067100 0.067300
BlueSheep 0.009700 0.169900 0.045800 0.135500 0.056300 0.009700 0.025200 0.062200 0.045900 0.123500 0.030200 0.035300 0.035500 0.046100 0.051000 0.030200 0.067100 0.056600 0.014500 0.056600 0.030200 0.020000 0.117300 0.129800 0.035400 0.030200 0.025100 0.056400 0.025100 0.061800 0.129000 0.030400 0.083600 0.025100 0.030300 0.040500 0.000000 0.030100 0.030200 0.146600 0.111600 0.035300 0.123100 0.135500 0.045700 0.061400 0.025200 0.046000 0.066800 0.084000 0.056400 0.056600
BohorReedb 0.020000 0.181700 0.056100 0.158800 0.035300 0.020000 0.035400 0.062100 0.056300 0.134800 0.039700 0.045500 0.035400 0.056500 0.066700 0.040400 0.088700 0.077900 0.030200 0.067100 0.040400 0.030100 0.122700 0.135400 0.045700 0.040300 0.024500 0.056300 0.035200 0.061700 0.134500 0.040700 0.094400 0.023900 0.040500 0.050800 0.030100 0.000000 0.040400 0.152200 0.117100 0.045500 0.128600 0.141100 0.056100 0.061300 0.034000 0.056400 0.072000 0.094800 0.066900 0.067100
KirksDik 0.020000 0.182200 0.045900 0.135700 0.067100 0.020000 0.035500 0.073200 0.056500 0.118300 0.040500 0.035300 0.045900 0.046200 0.067000 0.030300 0.078100 0.067400 0.029200 0.056700 0.030300 0.030300 0.106400 0.107400 0.035500 0.030200 0.035400 0.056600 0.025100 0.061900 0.118000 0.040900 0.083800 0.035400 0.040700 0.040000 0.030200 0.040400 0.000000 0.135600 0.100800 0.035300 0.112200 0.112900 0.045800 0.072200 0.025200 0.046100 0.056300 0.084200 0.056500 0.056700
RoeDeer 0.134800 0.278300 0.135600 0.233700 0.177700 0.134800 0.152800 0.160000 0.141700 0.069100 0.146100 0.152500 0.147000 0.165800 0.165400 0.135100 0.196100 0.184100 0.147000 0.136300 0.147000 0.146700 0.047000 0.069400 0.153100 0.134500 0.152800 0.147800 0.129200 0.141900 0.068900 0.159300 0.202700 0.152800 0.146600 0.158700 0.146600 0.152200 0.135600 0.000000 0.063100 0.140300 0.063400 0.085900 0.164800 0.165500 0.141400 0.158900 0.182600 0.166900 0.136300 0.136300
WhiteLippe 0.100300 0.238400 0.100800 0.183200 0.147000 0.100300 0.117400 0.123900 0.106500 0.025800 0.111300 0.105900 0.123200 0.129600 0.129300 0.100500 0.159000 0.147300 0.111900 0.101300 0.111900 0.100400 0.025600 0.057900 0.117600 0.100100 0.117400 0.112400 0.094900 0.106700 0.025800 0.123600 0.147300 0.117400 0.111600 0.123200 0.111600 0.117100 0.100800 0.063100 0.000000 0.105700 0.020500 0.063200 0.129000 0.140800 0.106500 0.123300 0.146100 0.142300 0.101300 0.101300
ThomsonGaz 0.025100 0.194400 0.050900 0.129800 0.072200 0.025100 0.040600 0.067500 0.051000 0.123200 0.035200 0.050800 0.051000 0.051200 0.072200 0.025100 0.094200 0.083400 0.033200 0.061700 0.035300 0.035300 0.111300 0.123700 0.040500 0.014500 0.040400 0.072300 0.020000 0.066900 0.122900 0.035500 0.094500 0.040400 0.045700 0.056100 0.035300 0.045500 0.035300 0.140300 0.105700 0.000000 0.117100 0.129400 0.056100 0.077300 0.030300 0.051200 0.082900 0.089200 0.061500 0.061700
MuntiacusC 0.111600 0.264600 0.100500 0.208100 0.159100 0.111600 0.129000 0.147500 0.106200 0.005000 0.122700 0.128800 0.134800 0.141500 0.141100 0.111800 0.171100 0.159400 0.123400 0.100900 0.123400 0.123100 0.025700 0.058100 0.129200 0.111400 0.129000 0.112000 0.106100 0.106400 0.005100 0.135300 0.165400 0.129000 0.111800 0.134800 0.123100 0.128600 0.112200 0.063400 0.020500 0.117100 0.000000 0.074400 0.140700 0.135200 0.117900 0.135000 0.158100 0.154400 0.100900 0.100900
WhiteTaile 0.123800 0.232400 0.124400 0.202200 0.172300 0.123800 0.141600 0.160500 0.130400 0.080200 0.135000 0.141300 0.147500 0.148300 0.154000 0.124100 0.177400 0.153100 0.135900 0.119100 0.135900 0.135600 0.068700 0.015500 0.130100 0.123500 0.141600 0.130500 0.118200 0.124700 0.080000 0.148000 0.184700 0.141600 0.147100 0.147500 0.135500 0.141100 0.112900 0.085900 0.063200 0.129400 0.074400 0.000000 0.153500 0.165800 0.130300 0.135800 0.159000 0.155300 0.119200 0.119100
Cattle 0.035300 0.181800 0.061600 0.141100 0.083200 0.035300 0.051200 0.089500 0.072500 0.147100 0.056100 0.030200 0.061700 0.062000 0.083100 0.056200 0.094500 0.083600 0.045800 0.072700 0.056200 0.045800 0.134700 0.147700 0.061600 0.050800 0.050900 0.072600 0.050900 0.078000 0.146800 0.056600 0.078000 0.050900 0.056300 0.004800 0.045700 0.056100 0.045800 0.164800 0.129000 0.056100 0.140700 0.153500 0.000000 0.088300 0.048000 0.061900 0.094000 0.078700 0.072500 0.072700
RoyalAntel 0.050800 0.193900 0.072300 0.195300 0.088700 0.050800 0.056400 0.095200 0.072500 0.141600 0.061300 0.077300 0.067100 0.089100 0.099500 0.072100 0.122400 0.111200 0.061600 0.083600 0.061500 0.057300 0.135100 0.148200 0.067000 0.071900 0.055900 0.083400 0.066700 0.088900 0.141300 0.072600 0.117100 0.056200 0.061600 0.082800 0.061400 0.061300 0.072200 0.165500 0.140800 0.077300 0.135200 0.165800 0.088300 0.000000 0.066900 0.088900 0.099500 0.117700 0.083300 0.083600
Steenbok 0.014600 0.188700 0.040700 0.141900 0.061800 0.014700 0.030400 0.067800 0.040800 0.124100 0.033600 0.040500 0.040700 0.051400 0.057300 0.024200 0.083600 0.072900 0.025200 0.051400 0.020100 0.024400 0.112100 0.124600 0.040700 0.025100 0.030300 0.051300 0.020100 0.056600 0.123800 0.035700 0.089400 0.030300 0.035500 0.045800 0.025200 0.034000 0.025200 0.141400 0.106500 0.030300 0.117900 0.130300 0.048000 0.066900 0.000000 0.051400 0.072400 0.089700 0.051200 0.051400
Impala 0.035600 0.182500 0.051300 0.160000 0.083800 0.035600 0.040900 0.073200 0.062000 0.141300 0.045900 0.051200 0.051200 0.073000 0.072900 0.035600 0.083700 0.083800 0.046100 0.062000 0.056600 0.046100 0.129000 0.130100 0.040800 0.045900 0.051300 0.072700 0.040800 0.067300 0.141000 0.056800 0.089400 0.051300 0.056500 0.056600 0.046000 0.056400 0.046100 0.158900 0.123300 0.051200 0.135000 0.135800 0.061900 0.088900 0.051400 0.000000 0.083300 0.078700 0.062000 0.062000
Klipspring 0.056200 0.237500 0.094100 0.176700 0.099800 0.056200 0.072300 0.111800 0.094100 0.164600 0.077400 0.082800 0.083000 0.083500 0.105200 0.077600 0.127900 0.116800 0.067000 0.105500 0.077600 0.066900 0.151900 0.153200 0.072300 0.077400 0.072200 0.105200 0.072200 0.110900 0.164300 0.077900 0.134000 0.072200 0.077500 0.088400 0.066800 0.072000 0.056300 0.182600 0.146100 0.082900 0.158100 0.159000 0.094000 0.099500 0.072400 0.083300 0.000000 0.128800 0.105500 0.105500
ForestMusk 0.073000 0.202400 0.078600 0.172900 0.123800 0.073000 0.089600 0.113000 0.089700 0.161000 0.072800 0.078400 0.089500 0.101200 0.112300 0.083900 0.112400 0.101200 0.084200 0.073400 0.095100 0.084000 0.148200 0.149500 0.078700 0.083700 0.089500 0.084200 0.078400 0.078700 0.160700 0.095500 0.118300 0.089500 0.094900 0.073200 0.084000 0.094800 0.084200 0.166900 0.142300 0.089200 0.154400 0.155300 0.078700 0.117700 0.089700 0.078700 0.128800 0.000000 0.073400 0.073400
Bushbuck 0.045800 0.188800 0.010000 0.171800 0.094600 0.045800 0.062000 0.084300 0.020200 0.106900 0.056200 0.061600 0.061900 0.073100 0.083200 0.056400 0.094800 0.083900 0.056500 0.000000 0.067100 0.056400 0.106900 0.113500 0.061800 0.052600 0.061700 0.010000 0.051100 0.005000 0.106700 0.067500 0.100700 0.061700 0.067200 0.067100 0.056400 0.066900 0.056500 0.136300 0.101300 0.061500 0.100900 0.119200 0.072500 0.083300 0.051200 0.062000 0.105500 0.073400 0.000000 0.000000
GreaterKud 0.046000 0.188800 0.010000 0.171800 0.094900 0.046000 0.062000 0.084300 0.019600 0.106900 0.056400 0.061800 0.061900 0.073100 0.083800 0.056500 0.094800 0.083900 0.056700 0.000000 0.067300 0.056600 0.106900 0.113500 0.062000 0.056400 0.061900 0.009700 0.051200 0.004800 0.106700 0.067500 0.100600 0.061900 0.067200 0.067300 0.056600 0.067100 0.056700 0.136300 0.101300 0.061700 0.100900 0.119100 0.072700 0.083600 0.051400 0.062000 0.105500 0.073400 0.000000 0.000000
