CODONML (in paml version 4.10.7, June 2023)  /home/rachel/ruminants_paml/6406-phy-tree/ENSBTAT00000021393.fasta.phy
Model: free dN/dS Ratios for branches,  kappa = 2.000 fixed

Codon frequency model: F3x4
ns =  54  ls = 100

Codon usage in sequences
--------------------------------------------------------------------------------------------------------------------------------------
Phe TTT   1   1   1   1   1   1 | Ser TCT   0   0   0   0   0   0 | Tyr TAT   2   3   2   2   3   4 | Cys TGT   2   0   2   2   2   2
    TTC   1   1   1   1   1   1 |     TCC   2   2   2   2   2   2 |     TAC   3   2   3   3   2   1 |     TGC   1   3   1   1   1   1
Leu TTA   0   0   0   0   0   0 |     TCA   0   1   1   0   2   2 | *** TAA   0   0   0   0   0   0 | *** TGA   0   0   0   0   0   0
    TTG   1   0   1   1   0   0 |     TCG   3   2   2   3   1   1 |     TAG   0   0   0   0   0   0 | Trp TGG   3   3   3   3   3   3
--------------------------------------------------------------------------------------------------------------------------------------
Leu CTT   0   0   0   0   0   0 | Pro CCT   0   0   0   0   0   0 | His CAT   0   0   0   0   1   0 | Arg CGT   0   0   0   0   0   0
    CTC   3   3   3   3   3   3 |     CCC   0   0   0   0   0   0 |     CAC   2   2   2   2   1   2 |     CGC   0   0   0   0   1   0
    CTA   0   0   0   0   0   0 |     CCA   3   2   3   2   2   3 | Gln CAA   1   1   1   1   1   1 |     CGA   1   1   1   1   0   1
    CTG   3   4   3   3   4   4 |     CCG   0   1   0   1   1   0 |     CAG   2   2   2   2   2   2 |     CGG   2   2   2   2   2   2
--------------------------------------------------------------------------------------------------------------------------------------
Ile ATT   3   3   3   2   3   3 | Thr ACT   0   0   0   0   0   0 | Asn AAT   5   3   5   5   4   4 | Ser AGT   2   1   2   2   1   1
    ATC   4   3   4   5   4   4 |     ACC   0   0   0   0   0   0 |     AAC   2   4   2   2   3   3 |     AGC   2   3   2   2   3   3
    ATA   0   1   0   0   0   0 |     ACA   1   1   1   1   2   1 | Lys AAA   2   2   2   2   2   2 | Arg AGA   1   1   1   1   0   1
Met ATG   1   1   1   1   1   1 |     ACG   1   1   1   1   0   1 |     AAG   2   2   2   2   2   2 |     AGG   1   1   1   1   2   1
--------------------------------------------------------------------------------------------------------------------------------------
Val GTT   1   0   1   1   2   2 | Ala GCT   4   3   4   5   4   4 | Asp GAT   7   5   7   7   8   7 | Gly GGT   1   1   1   1   1   1
    GTC   0   2   0   0   0   0 |     GCC   4   4   4   3   4   4 |     GAC   5   7   5   5   4   4 |     GGC   1   1   1   1   1   1
    GTA   2   1   2   2   1   1 |     GCA   2   1   2   2   2   2 | Glu GAA   4   3   4   4   3   4 |     GGA   0   0   0   0   0   0
    GTG   3   3   3   3   3   3 |     GCG   0   2   0   0   0   0 |     GAG   3   4   3   3   4   4 |     GGG   0   0   0   0   0   0
--------------------------------------------------------------------------------------------------------------------------------------

--------------------------------------------------------------------------------------------------------------------------------------
Phe TTT   1   1   1   1   1   1 | Ser TCT   0   0   0   0   0   0 | Tyr TAT   3   2   2   2   2   2 | Cys TGT   2   2   2   2   2   2
    TTC   1   1   1   1   1   1 |     TCC   2   2   2   2   2   2 |     TAC   2   3   3   3   3   3 |     TGC   1   1   1   1   1   1
Leu TTA   0   0   0   0   0   0 |     TCA   0   0   0   0   1   1 | *** TAA   0   0   0   0   0   0 | *** TGA   0   0   0   0   0   0
    TTG   1   1   1   1   1   0 |     TCG   3   3   3   3   2   3 |     TAG   0   0   0   0   0   0 | Trp TGG   3   3   3   3   3   3
--------------------------------------------------------------------------------------------------------------------------------------
Leu CTT   0   0   1   0   0   0 | Pro CCT   0   0   0   0   0   0 | His CAT   0   0   0   0   0   0 | Arg CGT   0   0   0   0   0   0
    CTC   3   3   2   3   3   3 |     CCC   0   0   0   0   0   0 |     CAC   2   2   2   2   2   2 |     CGC   0   0   0   0   0   0
    CTA   0   0   0   0   1   0 |     CCA   3   3   3   3   3   3 | Gln CAA   1   1   1   1   1   1 |     CGA   1   1   1   1   1   1
    CTG   3   3   3   3   2   4 |     CCG   0   0   0   0   0   0 |     CAG   2   2   2   2   2   2 |     CGG   2   2   2   2   2   2
--------------------------------------------------------------------------------------------------------------------------------------
Ile ATT   3   3   3   4   3   4 | Thr ACT   0   0   0   0   0   0 | Asn AAT   5   5   5   5   5   5 | Ser AGT   2   2   2   1   2   2
    ATC   4   4   4   3   4   3 |     ACC   0   0   0   0   0   0 |     AAC   2   2   2   2   2   2 |     AGC   2   2   2   3   2   2
    ATA   0   0   0   0   0   0 |     ACA   1   1   1   1   1   1 | Lys AAA   2   2   2   2   2   2 | Arg AGA   1   1   1   0   1   1
Met ATG   1   1   1   1   1   1 |     ACG   1   1   1   1   1   0 |     AAG   2   2   2   2   2   2 |     AGG   1   1   1   2   1   1
--------------------------------------------------------------------------------------------------------------------------------------
Val GTT   0   1   1   2   1   1 | Ala GCT   4   4   4   4   4   4 | Asp GAT   7   7   8   7   7   7 | Gly GGT   1   1   1   1   1   1
    GTC   1   0   0   0   0   0 |     GCC   4   4   4   4   4   4 |     GAC   5   5   4   5   5   5 |     GGC   1   1   1   1   1   1
    GTA   2   2   2   1   2   2 |     GCA   2   2   2   2   2   2 | Glu GAA   4   4   4   4   4   4 |     GGA   0   0   0   0   0   0
    GTG   3   3   3   3   3   3 |     GCG   0   0   0   0   0   0 |     GAG   3   3   3   3   3   3 |     GGG   0   0   0   0   0   0
--------------------------------------------------------------------------------------------------------------------------------------

--------------------------------------------------------------------------------------------------------------------------------------
Phe TTT   1   1   1   1   1   1 | Ser TCT   0   0   0   0   0   0 | Tyr TAT   2   2   2   2   2   2 | Cys TGT   2   2   2   2   2   2
    TTC   1   1   1   1   1   1 |     TCC   2   2   2   2   2   2 |     TAC   3   3   3   3   3   3 |     TGC   1   1   1   1   1   1
Leu TTA   0   0   0   0   0   0 |     TCA   0   1   0   0   1   0 | *** TAA   0   0   0   0   0   0 | *** TGA   0   0   0   0   0   0
    TTG   1   1   1   1   1   1 |     TCG   3   2   3   3   2   3 |     TAG   0   0   0   0   0   0 | Trp TGG   3   3   3   3   3   3
--------------------------------------------------------------------------------------------------------------------------------------
Leu CTT   0   0   0   0   0   0 | Pro CCT   0   0   0   0   0   0 | His CAT   0   0   0   0   0   0 | Arg CGT   0   0   0   0   0   0
    CTC   3   3   3   3   3   3 |     CCC   0   0   0   0   0   0 |     CAC   2   2   2   2   2   2 |     CGC   0   0   0   0   0   0
    CTA   0   0   0   0   0   0 |     CCA   3   3   3   3   3   3 | Gln CAA   1   1   1   1   1   1 |     CGA   1   1   1   1   1   1
    CTG   3   3   3   3   3   3 |     CCG   0   0   0   0   0   0 |     CAG   2   2   2   2   2   2 |     CGG   2   2   2   2   2   2
--------------------------------------------------------------------------------------------------------------------------------------
Ile ATT   3   3   3   3   3   4 | Thr ACT   0   0   0   0   0   0 | Asn AAT   5   5   5   5   5   5 | Ser AGT   2   1   1   2   2   2
    ATC   4   4   4   4   4   3 |     ACC   0   0   0   0   0   0 |     AAC   2   2   2   2   2   2 |     AGC   2   2   3   2   2   2
    ATA   0   0   0   0   0   0 |     ACA   1   2   1   1   1   1 | Lys AAA   2   2   2   2   2   2 | Arg AGA   1   1   1   1   1   1
Met ATG   1   1   1   1   1   1 |     ACG   1   0   1   1   1   1 |     AAG   2   2   2   2   2   2 |     AGG   1   1   1   1   1   1
--------------------------------------------------------------------------------------------------------------------------------------
Val GTT   1   1   1   1   1   1 | Ala GCT   4   4   3   4   5   4 | Asp GAT   7   7   7   7   6   7 | Gly GGT   1   2   1   1   1   1
    GTC   0   0   0   0   0   0 |     GCC   4   4   5   4   3   4 |     GAC   5   5   5   5   6   5 |     GGC   1   1   1   1   1   1
    GTA   2   2   2   2   2   2 |     GCA   2   2   2   2   2   2 | Glu GAA   4   4   4   4   4   4 |     GGA   0   0   0   0   0   0
    GTG   3   3   3   3   3   3 |     GCG   0   0   0   0   0   0 |     GAG   3   3   3   3   3   3 |     GGG   0   0   0   0   0   0
--------------------------------------------------------------------------------------------------------------------------------------

--------------------------------------------------------------------------------------------------------------------------------------
Phe TTT   1   1   1   1   1   1 | Ser TCT   0   0   0   0   0   0 | Tyr TAT   3   3   2   2   2   2 | Cys TGT   2   2   2   2   2   2
    TTC   1   1   1   1   1   1 |     TCC   3   2   2   2   2   2 |     TAC   2   2   3   3   3   3 |     TGC   1   1   1   1   1   1
Leu TTA   0   0   0   0   0   0 |     TCA   0   0   1   1   0   1 | *** TAA   0   0   0   0   0   0 | *** TGA   0   0   0   0   0   0
    TTG   0   0   1   1   1   1 |     TCG   2   3   2   2   3   2 |     TAG   0   0   0   0   0   0 | Trp TGG   3   3   3   3   3   3
--------------------------------------------------------------------------------------------------------------------------------------
Leu CTT   1   0   0   0   0   0 | Pro CCT   0   0   0   0   0   0 | His CAT   0   0   0   0   0   0 | Arg CGT   0   0   0   0   0   0
    CTC   2   3   3   3   3   3 |     CCC   0   0   0   0   0   0 |     CAC   2   2   2   2   2   2 |     CGC   0   0   0   0   0   0
    CTA   0   0   0   0   0   0 |     CCA   2   2   3   3   3   3 | Gln CAA   1   1   1   1   1   1 |     CGA   1   1   1   1   1   1
    CTG   4   4   3   3   3   3 |     CCG   1   1   0   0   0   0 |     CAG   2   2   2   2   2   2 |     CGG   2   2   2   2   2   2
--------------------------------------------------------------------------------------------------------------------------------------
Ile ATT   3   3   3   3   4   3 | Thr ACT   0   0   0   0   0   0 | Asn AAT   5   5   5   5   5   5 | Ser AGT   2   2   2   2   2   2
    ATC   4   4   4   4   3   4 |     ACC   0   0   0   0   0   0 |     AAC   2   2   2   2   2   2 |     AGC   2   2   2   2   2   2
    ATA   0   0   0   0   0   0 |     ACA   1   1   1   1   1   1 | Lys AAA   2   2   2   2   2   2 | Arg AGA   1   1   1   1   1   1
Met ATG   1   1   1   1   1   1 |     ACG   1   1   1   1   1   1 |     AAG   2   2   2   2   2   2 |     AGG   1   1   1   1   1   1
--------------------------------------------------------------------------------------------------------------------------------------
Val GTT   1   1   1   1   1   1 | Ala GCT   5   5   4   4   4   4 | Asp GAT   7   7   7   7   7   7 | Gly GGT   1   1   1   1   1   1
    GTC   0   0   0   0   0   0 |     GCC   3   3   4   4   4   4 |     GAC   5   5   5   5   5   5 |     GGC   1   1   1   1   1   1
    GTA   2   2   2   2   2   2 |     GCA   2   2   2   2   2   2 | Glu GAA   4   4   4   4   4   4 |     GGA   0   0   0   0   0   0
    GTG   3   3   3   3   3   3 |     GCG   0   0   0   0   0   0 |     GAG   3   3   3   3   3   3 |     GGG   0   0   0   0   0   0
--------------------------------------------------------------------------------------------------------------------------------------

--------------------------------------------------------------------------------------------------------------------------------------
Phe TTT   1   1   1   1   1   1 | Ser TCT   0   0   0   0   0   0 | Tyr TAT   2   2   2   2   2   2 | Cys TGT   2   2   2   2   2   2
    TTC   1   1   1   1   1   1 |     TCC   2   2   2   2   2   2 |     TAC   3   3   3   3   3   3 |     TGC   1   1   1   1   1   1
Leu TTA   0   0   0   0   0   0 |     TCA   1   1   0   0   0   1 | *** TAA   0   0   0   0   0   0 | *** TGA   0   0   0   0   0   0
    TTG   0   0   1   1   1   1 |     TCG   3   3   3   3   3   2 |     TAG   0   0   0   0   0   0 | Trp TGG   3   3   3   3   3   3
--------------------------------------------------------------------------------------------------------------------------------------
Leu CTT   0   0   1   0   0   0 | Pro CCT   0   0   0   0   0   0 | His CAT   0   0   0   0   0   0 | Arg CGT   0   0   0   0   0   0
    CTC   3   3   3   3   3   3 |     CCC   0   0   0   0   0   0 |     CAC   2   2   2   2   2   2 |     CGC   0   0   0   0   0   0
    CTA   0   0   0   0   0   1 |     CCA   2   2   3   3   3   3 | Gln CAA   1   2   1   1   1   1 |     CGA   1   1   1   1   1   1
    CTG   4   4   3   3   3   2 |     CCG   1   1   0   0   0   0 |     CAG   2   1   2   2   2   2 |     CGG   2   2   2   2   2   2
--------------------------------------------------------------------------------------------------------------------------------------
Ile ATT   4   5   2   4   3   3 | Thr ACT   0   0   0   0   0   0 | Asn AAT   5   5   5   5   5   5 | Ser AGT   1   2   2   2   1   2
    ATC   3   2   4   3   4   4 |     ACC   0   0   0   0   0   0 |     AAC   2   2   2   2   2   2 |     AGC   3   2   2   2   3   2
    ATA   0   0   0   0   0   0 |     ACA   1   1   2   1   1   1 | Lys AAA   2   2   2   2   2   2 | Arg AGA   1   1   1   1   1   1
Met ATG   1   1   1   1   1   1 |     ACG   0   0   0   1   1   1 |     AAG   2   2   2   2   2   2 |     AGG   1   1   1   1   1   1
--------------------------------------------------------------------------------------------------------------------------------------
Val GTT   1   1   1   1   1   1 | Ala GCT   5   4   4   4   3   4 | Asp GAT   7   7   7   7   7   7 | Gly GGT   1   1   1   1   1   1
    GTC   0   0   0   0   0   0 |     GCC   3   4   4   4   5   4 |     GAC   5   5   5   5   5   5 |     GGC   1   1   1   1   1   1
    GTA   2   2   2   2   2   2 |     GCA   2   2   2   1   2   2 | Glu GAA   4   4   4   4   4   4 |     GGA   0   0   0   0   0   0
    GTG   3   3   3   3   3   3 |     GCG   0   0   0   1   0   0 |     GAG   3   3   3   3   3   3 |     GGG   0   0   0   0   0   0
--------------------------------------------------------------------------------------------------------------------------------------

--------------------------------------------------------------------------------------------------------------------------------------
Phe TTT   1   1   1   1   1   1 | Ser TCT   0   0   0   0   0   0 | Tyr TAT   2   2   2   2   3   2 | Cys TGT   2   2   2   2   2   2
    TTC   1   1   1   1   1   1 |     TCC   2   2   2   2   2   2 |     TAC   3   3   3   3   2   3 |     TGC   1   1   1   1   1   1
Leu TTA   0   0   0   0   0   0 |     TCA   0   1   1   0   2   0 | *** TAA   0   0   0   0   0   0 | *** TGA   0   0   0   0   0   0
    TTG   1   1   0   1   0   1 |     TCG   3   2   3   3   1   3 |     TAG   0   0   0   0   0   0 | Trp TGG   3   3   3   3   3   3
--------------------------------------------------------------------------------------------------------------------------------------
Leu CTT   0   0   0   0   1   0 | Pro CCT   0   0   0   0   0   0 | His CAT   0   0   0   0   0   0 | Arg CGT   0   0   0   0   0   0
    CTC   3   3   3   3   3   3 |     CCC   0   0   0   0   0   0 |     CAC   2   2   2   2   2   2 |     CGC   0   0   0   0   0   0
    CTA   0   0   0   0   0   0 |     CCA   3   3   3   3   2   3 | Gln CAA   1   1   1   1   1   1 |     CGA   1   1   1   1   1   1
    CTG   3   3   4   3   3   3 |     CCG   0   0   0   0   1   0 |     CAG   2   2   2   2   2   2 |     CGG   2   2   2   2   2   2
--------------------------------------------------------------------------------------------------------------------------------------
Ile ATT   4   3   5   3   4   3 | Thr ACT   0   0   0   0   0   0 | Asn AAT   5   5   5   5   5   5 | Ser AGT   2   2   2   2   2   1
    ATC   3   4   2   4   3   4 |     ACC   0   0   0   0   0   0 |     AAC   2   2   2   2   2   2 |     AGC   2   2   2   2   2   3
    ATA   0   0   0   0   0   0 |     ACA   1   1   1   1   2   1 | Lys AAA   2   2   2   2   2   2 | Arg AGA   1   1   1   0   1   1
Met ATG   1   1   1   1   1   1 |     ACG   1   1   0   1   0   1 |     AAG   2   2   2   2   2   2 |     AGG   1   1   1   2   1   1
--------------------------------------------------------------------------------------------------------------------------------------
Val GTT   1   1   1   1   1   1 | Ala GCT   4   4   4   4   4   3 | Asp GAT   7   7   7   8   7   7 | Gly GGT   1   1   1   1   1   1
    GTC   0   0   0   0   0   0 |     GCC   4   4   4   4   4   5 |     GAC   5   5   5   4   5   5 |     GGC   1   1   1   1   1   1
    GTA   2   2   2   2   2   2 |     GCA   2   2   2   2   2   2 | Glu GAA   4   4   4   4   4   4 |     GGA   0   0   0   0   0   0
    GTG   3   3   3   3   3   3 |     GCG   0   0   0   0   0   0 |     GAG   3   3   3   3   3   3 |     GGG   0   0   0   0   0   0
--------------------------------------------------------------------------------------------------------------------------------------

--------------------------------------------------------------------------------------------------------------------------------------
Phe TTT   1   1   1   1   1   1 | Ser TCT   0   0   1   0   0   0 | Tyr TAT   2   2   2   3   2   2 | Cys TGT   2   2   2   2   2   2
    TTC   1   1   1   1   1   1 |     TCC   2   2   1   2   2   2 |     TAC   3   3   3   2   3   3 |     TGC   1   1   1   1   1   1
Leu TTA   0   0   0   0   0   0 |     TCA   1   1   0   0   1   1 | *** TAA   0   0   0   0   0   0 | *** TGA   0   0   0   0   0   0
    TTG   1   1   1   1   1   0 |     TCG   2   2   3   3   2   3 |     TAG   0   0   0   0   0   0 | Trp TGG   3   3   3   3   3   3
--------------------------------------------------------------------------------------------------------------------------------------
Leu CTT   0   0   0   0   0   0 | Pro CCT   0   0   0   0   0   0 | His CAT   0   0   0   0   0   0 | Arg CGT   0   0   0   0   0   0
    CTC   3   3   3   3   3   3 |     CCC   0   0   0   0   0   0 |     CAC   2   2   2   2   2   2 |     CGC   0   0   0   0   0   0
    CTA   0   0   0   0   0   0 |     CCA   3   3   3   3   3   2 | Gln CAA   1   1   1   1   1   1 |     CGA   1   1   1   1   1   1
    CTG   3   3   3   3   3   4 |     CCG   0   0   0   0   0   1 |     CAG   2   2   2   2   2   2 |     CGG   2   2   2   2   2   2
--------------------------------------------------------------------------------------------------------------------------------------
Ile ATT   3   3   3   3   4   4 | Thr ACT   0   0   0   0   0   0 | Asn AAT   5   5   5   5   5   5 | Ser AGT   1   2   2   2   2   2
    ATC   4   4   4   4   3   3 |     ACC   0   0   0   0   0   0 |     AAC   2   2   2   2   2   2 |     AGC   3   2   2   2   2   2
    ATA   0   0   0   0   0   0 |     ACA   2   1   1   1   1   1 | Lys AAA   2   2   2   2   2   2 | Arg AGA   1   1   1   1   1   1
Met ATG   1   1   1   1   1   1 |     ACG   0   1   1   1   1   0 |     AAG   2   2   2   2   2   2 |     AGG   1   1   1   1   1   1
--------------------------------------------------------------------------------------------------------------------------------------
Val GTT   1   1   1   0   1   1 | Ala GCT   3   4   4   4   4   4 | Asp GAT   7   7   7   7   7   7 | Gly GGT   1   1   1   1   1   1
    GTC   0   0   0   1   0   0 |     GCC   5   4   4   4   4   4 |     GAC   5   5   5   5   5   5 |     GGC   1   1   1   1   1   1
    GTA   3   2   2   2   2   2 |     GCA   2   2   2   2   2   2 | Glu GAA   4   4   4   4   4   4 |     GGA   0   0   0   0   0   0
    GTG   2   3   3   3   3   3 |     GCG   0   0   0   0   0   0 |     GAG   3   3   3   3   3   3 |     GGG   0   0   0   0   0   0
--------------------------------------------------------------------------------------------------------------------------------------

--------------------------------------------------------------------------------------------------------------------------------------
Phe TTT   1   1   1   1   1   1 | Ser TCT   0   0   0   0   0   0 | Tyr TAT   2   2   2   3   2   2 | Cys TGT   2   2   2   2   2   2
    TTC   1   1   1   1   1   1 |     TCC   2   2   2   2   2   2 |     TAC   3   3   3   2   3   3 |     TGC   1   1   1   1   1   1
Leu TTA   0   0   0   0   0   0 |     TCA   1   0   1   1   1   0 | *** TAA   0   0   0   0   0   0 | *** TGA   0   0   0   0   0   0
    TTG   0   1   0   0   1   1 |     TCG   3   3   3   3   2   3 |     TAG   0   0   0   0   0   0 | Trp TGG   3   3   3   3   3   3
--------------------------------------------------------------------------------------------------------------------------------------
Leu CTT   0   0   0   0   0   0 | Pro CCT   0   0   0   0   0   0 | His CAT   0   0   0   0   0   0 | Arg CGT   0   0   0   0   0   0
    CTC   3   3   3   3   3   3 |     CCC   0   0   0   0   0   0 |     CAC   2   2   2   2   2   2 |     CGC   0   0   0   0   0   0
    CTA   0   0   0   0   0   0 |     CCA   2   3   3   2   3   3 | Gln CAA   1   1   1   1   1   1 |     CGA   1   1   1   1   1   1
    CTG   4   3   4   4   3   3 |     CCG   1   0   0   1   0   0 |     CAG   2   2   2   2   2   2 |     CGG   2   2   2   2   2   2
--------------------------------------------------------------------------------------------------------------------------------------
Ile ATT   4   4   4   5   3   3 | Thr ACT   0   0   0   0   0   0 | Asn AAT   5   5   5   5   5   5 | Ser AGT   1   2   2   2   2   2
    ATC   3   3   3   2   4   4 |     ACC   0   0   0   0   0   0 |     AAC   2   2   2   2   2   2 |     AGC   3   2   2   2   2   2
    ATA   0   0   0   0   0   0 |     ACA   1   1   1   1   1   1 | Lys AAA   2   2   2   2   2   2 | Arg AGA   1   1   1   1   1   1
Met ATG   1   1   1   1   1   1 |     ACG   0   1   0   0   1   1 |     AAG   2   2   2   2   2   2 |     AGG   1   1   1   1   1   1
--------------------------------------------------------------------------------------------------------------------------------------
Val GTT   1   1   1   1   1   1 | Ala GCT   5   4   4   4   4   4 | Asp GAT   7   7   7   7   7   8 | Gly GGT   1   1   1   1   1   1
    GTC   0   0   0   0   0   0 |     GCC   3   4   4   4   4   4 |     GAC   5   5   5   5   5   4 |     GGC   1   1   1   1   1   1
    GTA   2   2   2   2   2   2 |     GCA   2   2   2   2   2   2 | Glu GAA   4   4   4   4   4   3 |     GGA   0   0   0   0   0   0
    GTG   3   3   3   3   3   3 |     GCG   0   0   0   0   0   0 |     GAG   3   3   3   3   3   4 |     GGG   0   0   0   0   0   0
--------------------------------------------------------------------------------------------------------------------------------------

--------------------------------------------------------------------------------------------------------------------------------------
Phe TTT   0   1   1   1   1   1 | Ser TCT   0   0   0   0   0   0 | Tyr TAT   2   2   2   2   2   2 | Cys TGT   2   2   2   2   2   2
    TTC   2   1   1   1   1   1 |     TCC   2   2   2   2   2   2 |     TAC   3   3   3   3   3   3 |     TGC   1   1   1   1   1   1
Leu TTA   0   0   0   0   0   0 |     TCA   1   0   0   0   1   1 | *** TAA   0   0   0   0   0   0 | *** TGA   0   0   0   0   0   0
    TTG   1   1   1   1   1   1 |     TCG   2   3   3   3   2   2 |     TAG   0   0   0   0   0   0 | Trp TGG   3   3   3   3   3   3
--------------------------------------------------------------------------------------------------------------------------------------
Leu CTT   0   1   0   0   0   0 | Pro CCT   0   0   0   0   0   0 | His CAT   0   0   0   0   0   0 | Arg CGT   0   0   0   0   0   0
    CTC   3   2   3   3   3   3 |     CCC   0   0   0   0   0   0 |     CAC   2   2   2   2   2   2 |     CGC   0   0   0   0   0   0
    CTA   0   0   0   0   0   0 |     CCA   3   3   3   2   3   3 | Gln CAA   1   1   1   1   1   1 |     CGA   1   1   1   1   1   1
    CTG   3   3   3   3   3   3 |     CCG   0   0   0   1   0   0 |     CAG   2   2   2   2   2   2 |     CGG   2   2   2   2   2   2
--------------------------------------------------------------------------------------------------------------------------------------
Ile ATT   4   3   3   2   3   3 | Thr ACT   0   0   0   0   0   0 | Asn AAT   4   5   4   5   5   5 | Ser AGT   2   2   1   2   2   2
    ATC   3   4   4   5   4   4 |     ACC   0   0   0   0   0   0 |     AAC   3   2   3   2   2   2 |     AGC   2   2   3   2   2   2
    ATA   0   0   1   0   0   0 |     ACA   1   1   1   1   1   1 | Lys AAA   2   2   1   2   2   2 | Arg AGA   1   1   2   1   1   1
Met ATG   1   1   1   1   1   1 |     ACG   1   1   1   1   1   1 |     AAG   2   2   3   2   2   2 |     AGG   1   1   0   1   1   1
--------------------------------------------------------------------------------------------------------------------------------------
Val GTT   1   1   0   1   1   1 | Ala GCT   4   5   4   5   4   4 | Asp GAT   7   7   5   7   6   7 | Gly GGT   1   1   1   1   1   1
    GTC   0   0   1   0   0   0 |     GCC   4   3   4   3   4   4 |     GAC   5   5   7   5   5   5 |     GGC   1   1   1   1   1   1
    GTA   2   2   1   2   2   2 |     GCA   2   2   2   2   2   2 | Glu GAA   4   4   4   4   5   4 |     GGA   0   0   0   0   0   0
    GTG   3   3   3   3   3   3 |     GCG   0   0   0   0   0   0 |     GAG   3   3   3   3   3   3 |     GGG   0   0   0   0   0   0
--------------------------------------------------------------------------------------------------------------------------------------

Codon position x base (3x4) table for each sequence.

#1: Argali         
position  1:    T:0.19000    C:0.17000    A:0.27000    G:0.37000
position  2:    T:0.23000    C:0.20000    A:0.40000    G:0.17000
position  3:    T:0.28000    C:0.30000    A:0.17000    G:0.25000
Average         T:0.23333    C:0.22333    A:0.28000    G:0.26333

#2: LesserMouseDeer
position  1:    T:0.18000    C:0.18000    A:0.27000    G:0.37000
position  2:    T:0.23000    C:0.20000    A:0.40000    G:0.17000
position  3:    T:0.20000    C:0.37000    A:0.15000    G:0.28000
Average         T:0.20333    C:0.25000    A:0.27333    G:0.27333

#3: LesserKudu     
position  1:    T:0.19000    C:0.17000    A:0.27000    G:0.37000
position  2:    T:0.23000    C:0.20000    A:0.40000    G:0.17000
position  3:    T:0.28000    C:0.30000    A:0.18000    G:0.24000
Average         T:0.23333    C:0.22333    A:0.28333    G:0.26000

#4: ForestMuskDeer2
position  1:    T:0.19000    C:0.17000    A:0.27000    G:0.37000
position  2:    T:0.23000    C:0.20000    A:0.40000    G:0.17000
position  3:    T:0.28000    C:0.30000    A:0.16000    G:0.26000
Average         T:0.23333    C:0.22333    A:0.27667    G:0.26667

#5: Camel          
position  1:    T:0.18000    C:0.18000    A:0.27000    G:0.37000
position  2:    T:0.23000    C:0.20000    A:0.40000    G:0.17000
position  3:    T:0.30000    C:0.30000    A:0.15000    G:0.25000
Average         T:0.23667    C:0.22667    A:0.27333    G:0.26333

#6: KillerWhale    
position  1:    T:0.18000    C:0.18000    A:0.27000    G:0.37000
position  2:    T:0.23000    C:0.20000    A:0.40000    G:0.17000
position  3:    T:0.29000    C:0.29000    A:0.18000    G:0.24000
Average         T:0.23333    C:0.22333    A:0.28333    G:0.26000

#7: DefassaWaterbuck
position  1:    T:0.19000    C:0.17000    A:0.27000    G:0.37000
position  2:    T:0.23000    C:0.20000    A:0.40000    G:0.17000
position  3:    T:0.28000    C:0.30000    A:0.17000    G:0.25000
Average         T:0.23333    C:0.22333    A:0.28000    G:0.26333

#8: Sheep          
position  1:    T:0.19000    C:0.17000    A:0.27000    G:0.37000
position  2:    T:0.23000    C:0.20000    A:0.40000    G:0.17000
position  3:    T:0.28000    C:0.30000    A:0.17000    G:0.25000
Average         T:0.23333    C:0.22333    A:0.28000    G:0.26333

#9: MaxwellsDuiker 
position  1:    T:0.19000    C:0.17000    A:0.27000    G:0.37000
position  2:    T:0.23000    C:0.20000    A:0.40000    G:0.17000
position  3:    T:0.30000    C:0.28000    A:0.17000    G:0.25000
Average         T:0.24000    C:0.21667    A:0.28000    G:0.26333

#10: GazellaPrzewalskyi
position  1:    T:0.19000    C:0.17000    A:0.27000    G:0.37000
position  2:    T:0.23000    C:0.20000    A:0.40000    G:0.17000
position  3:    T:0.29000    C:0.30000    A:0.15000    G:0.26000
Average         T:0.23667    C:0.22333    A:0.27333    G:0.26667

#11: MountainNyala  
position  1:    T:0.19000    C:0.17000    A:0.27000    G:0.37000
position  2:    T:0.23000    C:0.20000    A:0.40000    G:0.17000
position  3:    T:0.28000    C:0.30000    A:0.19000    G:0.23000
Average         T:0.23333    C:0.22333    A:0.28667    G:0.25667

#12: MuntiacusMuntjak
position  1:    T:0.19000    C:0.18000    A:0.26000    G:0.37000
position  2:    T:0.23000    C:0.20000    A:0.40000    G:0.17000
position  3:    T:0.29000    C:0.29000    A:0.18000    G:0.24000
Average         T:0.23667    C:0.22333    A:0.28000    G:0.26000

#13: goat           
position  1:    T:0.19000    C:0.17000    A:0.27000    G:0.37000
position  2:    T:0.23000    C:0.20000    A:0.40000    G:0.17000
position  3:    T:0.28000    C:0.30000    A:0.17000    G:0.25000
Average         T:0.23333    C:0.22333    A:0.28000    G:0.26333

#14: AfricanBuffalo 
position  1:    T:0.19000    C:0.17000    A:0.26000    G:0.38000
position  2:    T:0.23000    C:0.20000    A:0.40000    G:0.17000
position  3:    T:0.28000    C:0.30000    A:0.19000    G:0.23000
Average         T:0.23333    C:0.22333    A:0.28333    G:0.26000

#15: Topi           
position  1:    T:0.19000    C:0.17000    A:0.27000    G:0.37000
position  2:    T:0.23000    C:0.20000    A:0.40000    G:0.17000
position  3:    T:0.26000    C:0.32000    A:0.17000    G:0.25000
Average         T:0.22667    C:0.23000    A:0.28000    G:0.26333

#16: CommonDuiker   
position  1:    T:0.19000    C:0.17000    A:0.27000    G:0.37000
position  2:    T:0.23000    C:0.20000    A:0.40000    G:0.17000
position  3:    T:0.28000    C:0.30000    A:0.17000    G:0.25000
Average         T:0.23333    C:0.22333    A:0.28000    G:0.26333

#17: Suni           
position  1:    T:0.19000    C:0.17000    A:0.27000    G:0.37000
position  2:    T:0.23000    C:0.20000    A:0.40000    G:0.17000
position  3:    T:0.28000    C:0.30000    A:0.18000    G:0.24000
Average         T:0.23333    C:0.22333    A:0.28333    G:0.26000

#18: Springbuck     
position  1:    T:0.19000    C:0.17000    A:0.27000    G:0.37000
position  2:    T:0.23000    C:0.20000    A:0.40000    G:0.17000
position  3:    T:0.29000    C:0.29000    A:0.17000    G:0.25000
Average         T:0.23667    C:0.22000    A:0.28000    G:0.26333

#19: Okapi          
position  1:    T:0.18000    C:0.18000    A:0.27000    G:0.37000
position  2:    T:0.23000    C:0.20000    A:0.40000    G:0.17000
position  3:    T:0.31000    C:0.28000    A:0.16000    G:0.25000
Average         T:0.24000    C:0.22000    A:0.27667    G:0.26333

#20: Giraffe        
position  1:    T:0.18000    C:0.18000    A:0.27000    G:0.37000
position  2:    T:0.23000    C:0.20000    A:0.40000    G:0.17000
position  3:    T:0.30000    C:0.28000    A:0.16000    G:0.26000
Average         T:0.23667    C:0.22000    A:0.27667    G:0.26667

#21: TibetanAntelope
position  1:    T:0.19000    C:0.17000    A:0.27000    G:0.37000
position  2:    T:0.23000    C:0.20000    A:0.40000    G:0.17000
position  3:    T:0.28000    C:0.30000    A:0.18000    G:0.24000
Average         T:0.23333    C:0.22333    A:0.28333    G:0.26000

#22: Sitatunga      
position  1:    T:0.19000    C:0.17000    A:0.27000    G:0.37000
position  2:    T:0.23000    C:0.20000    A:0.40000    G:0.17000
position  3:    T:0.28000    C:0.30000    A:0.18000    G:0.24000
Average         T:0.23333    C:0.22333    A:0.28333    G:0.26000

#23: Oribi          
position  1:    T:0.19000    C:0.17000    A:0.27000    G:0.37000
position  2:    T:0.23000    C:0.20000    A:0.40000    G:0.17000
position  3:    T:0.29000    C:0.29000    A:0.17000    G:0.25000
Average         T:0.23667    C:0.22000    A:0.28000    G:0.26333

#24: BarbarySheep   
position  1:    T:0.19000    C:0.17000    A:0.27000    G:0.37000
position  2:    T:0.23000    C:0.20000    A:0.40000    G:0.17000
position  3:    T:0.28000    C:0.30000    A:0.18000    G:0.24000
Average         T:0.23333    C:0.22333    A:0.28333    G:0.26000

#25: Daviddeer      
position  1:    T:0.19000    C:0.18000    A:0.26000    G:0.37000
position  2:    T:0.23000    C:0.20000    A:0.40000    G:0.17000
position  3:    T:0.29000    C:0.29000    A:0.17000    G:0.25000
Average         T:0.23667    C:0.22333    A:0.27667    G:0.26333

#26: Reindeer       
position  1:    T:0.19000    C:0.18000    A:0.26000    G:0.37000
position  2:    T:0.23000    C:0.20000    A:0.40000    G:0.17000
position  3:    T:0.30000    C:0.28000    A:0.18000    G:0.24000
Average         T:0.24000    C:0.22000    A:0.28000    G:0.26000

#27: Ibex           
position  1:    T:0.19000    C:0.18000    A:0.26000    G:0.37000
position  2:    T:0.23000    C:0.20000    A:0.40000    G:0.17000
position  3:    T:0.28000    C:0.30000    A:0.18000    G:0.24000
Average         T:0.23333    C:0.22667    A:0.28000    G:0.26000

#28: GyrantGazelle  
position  1:    T:0.19000    C:0.17000    A:0.27000    G:0.37000
position  2:    T:0.23000    C:0.20000    A:0.40000    G:0.17000
position  3:    T:0.29000    C:0.29000    A:0.16000    G:0.26000
Average         T:0.23667    C:0.22000    A:0.27667    G:0.26667

#29: Hartebeest     
position  1:    T:0.19000    C:0.17000    A:0.27000    G:0.37000
position  2:    T:0.23000    C:0.20000    A:0.40000    G:0.17000
position  3:    T:0.26000    C:0.32000    A:0.17000    G:0.25000
Average         T:0.22667    C:0.23000    A:0.28000    G:0.26333

#30: Bongo          
position  1:    T:0.19000    C:0.17000    A:0.27000    G:0.37000
position  2:    T:0.23000    C:0.20000    A:0.40000    G:0.17000
position  3:    T:0.28000    C:0.30000    A:0.19000    G:0.23000
Average         T:0.23333    C:0.22333    A:0.28667    G:0.25667

#31: Gerenuk        
position  1:    T:0.19000    C:0.17000    A:0.27000    G:0.37000
position  2:    T:0.23000    C:0.20000    A:0.40000    G:0.17000
position  3:    T:0.29000    C:0.29000    A:0.17000    G:0.25000
Average         T:0.23667    C:0.22000    A:0.28000    G:0.26333

#32: CommonEland    
position  1:    T:0.19000    C:0.17000    A:0.27000    G:0.37000
position  2:    T:0.23000    C:0.20000    A:0.40000    G:0.17000
position  3:    T:0.28000    C:0.30000    A:0.18000    G:0.24000
Average         T:0.23333    C:0.22333    A:0.28333    G:0.26000

#33: MuntiacusReevesi
position  1:    T:0.19000    C:0.18000    A:0.26000    G:0.37000
position  2:    T:0.23000    C:0.20000    A:0.40000    G:0.17000
position  3:    T:0.30000    C:0.28000    A:0.18000    G:0.24000
Average         T:0.24000    C:0.22000    A:0.28000    G:0.26000

#34: HarveysDuiker  
position  1:    T:0.19000    C:0.17000    A:0.27000    G:0.37000
position  2:    T:0.23000    C:0.20000    A:0.40000    G:0.17000
position  3:    T:0.29000    C:0.29000    A:0.16000    G:0.26000
Average         T:0.23667    C:0.22000    A:0.27667    G:0.26667

#35: Pronghorn      
position  1:    T:0.18000    C:0.18000    A:0.27000    G:0.37000
position  2:    T:0.23000    C:0.20000    A:0.40000    G:0.17000
position  3:    T:0.31000    C:0.28000    A:0.19000    G:0.22000
Average         T:0.24000    C:0.22000    A:0.28667    G:0.25333

#36: BlueWildebeest 
position  1:    T:0.19000    C:0.17000    A:0.27000    G:0.37000
position  2:    T:0.23000    C:0.20000    A:0.40000    G:0.17000
position  3:    T:0.26000    C:0.32000    A:0.17000    G:0.25000
Average         T:0.22667    C:0.23000    A:0.28000    G:0.26333

#37: Gemsbok        
position  1:    T:0.19000    C:0.17000    A:0.27000    G:0.37000
position  2:    T:0.23000    C:0.20000    A:0.40000    G:0.17000
position  3:    T:0.26000    C:0.32000    A:0.20000    G:0.22000
Average         T:0.22667    C:0.23000    A:0.29000    G:0.25333

#38: Yak            
position  1:    T:0.19000    C:0.17000    A:0.27000    G:0.37000
position  2:    T:0.23000    C:0.20000    A:0.40000    G:0.17000
position  3:    T:0.28000    C:0.30000    A:0.18000    G:0.24000
Average         T:0.23333    C:0.22333    A:0.28333    G:0.26000

#39: BlueSheep      
position  1:    T:0.19000    C:0.17000    A:0.27000    G:0.37000
position  2:    T:0.23000    C:0.20000    A:0.40000    G:0.17000
position  3:    T:0.29000    C:0.29000    A:0.17000    G:0.25000
Average         T:0.23667    C:0.22000    A:0.28000    G:0.26333

#40: BohorReedbuck  
position  1:    T:0.19000    C:0.17000    A:0.27000    G:0.37000
position  2:    T:0.23000    C:0.20000    A:0.40000    G:0.17000
position  3:    T:0.28000    C:0.30000    A:0.17000    G:0.25000
Average         T:0.23333    C:0.22333    A:0.28000    G:0.26333

#41: KirksDik       
position  1:    T:0.19000    C:0.17000    A:0.27000    G:0.37000
position  2:    T:0.23000    C:0.20000    A:0.40000    G:0.17000
position  3:    T:0.29000    C:0.29000    A:0.18000    G:0.24000
Average         T:0.23667    C:0.22000    A:0.28333    G:0.26000

#42: RoeDeer        
position  1:    T:0.19000    C:0.18000    A:0.26000    G:0.37000
position  2:    T:0.23000    C:0.20000    A:0.40000    G:0.17000
position  3:    T:0.29000    C:0.29000    A:0.17000    G:0.25000
Average         T:0.23667    C:0.22333    A:0.27667    G:0.26333

#43: WhiteLippedDeer
position  1:    T:0.19000    C:0.18000    A:0.26000    G:0.37000
position  2:    T:0.23000    C:0.20000    A:0.40000    G:0.17000
position  3:    T:0.29000    C:0.29000    A:0.17000    G:0.25000
Average         T:0.23667    C:0.22333    A:0.27667    G:0.26333

#44: ThomsonGazelle 
position  1:    T:0.19000    C:0.17000    A:0.27000    G:0.37000
position  2:    T:0.23000    C:0.20000    A:0.40000    G:0.17000
position  3:    T:0.29000    C:0.29000    A:0.17000    G:0.25000
Average         T:0.23667    C:0.22000    A:0.28000    G:0.26333

#45: MuntiacusCrinifrons
position  1:    T:0.19000    C:0.18000    A:0.26000    G:0.37000
position  2:    T:0.23000    C:0.20000    A:0.40000    G:0.17000
position  3:    T:0.29000    C:0.29000    A:0.18000    G:0.24000
Average         T:0.23667    C:0.22333    A:0.28000    G:0.26000

#46: WhiteTailedDeer
position  1:    T:0.19000    C:0.18000    A:0.26000    G:0.37000
position  2:    T:0.23000    C:0.20000    A:0.40000    G:0.17000
position  3:    T:0.31000    C:0.27000    A:0.17000    G:0.25000
Average         T:0.24333    C:0.21667    A:0.27667    G:0.26333

#47: Cattle         
position  1:    T:0.19000    C:0.17000    A:0.27000    G:0.37000
position  2:    T:0.23000    C:0.20000    A:0.40000    G:0.17000
position  3:    T:0.28000    C:0.30000    A:0.18000    G:0.24000
Average         T:0.23333    C:0.22333    A:0.28333    G:0.26000

#48: RoyalAntelope  
position  1:    T:0.19000    C:0.17000    A:0.27000    G:0.37000
position  2:    T:0.23000    C:0.20000    A:0.40000    G:0.17000
position  3:    T:0.29000    C:0.29000    A:0.16000    G:0.26000
Average         T:0.23667    C:0.22000    A:0.27667    G:0.26667

#49: Steenbok       
position  1:    T:0.19000    C:0.17000    A:0.27000    G:0.37000
position  2:    T:0.23000    C:0.20000    A:0.40000    G:0.17000
position  3:    T:0.27000    C:0.31000    A:0.18000    G:0.24000
Average         T:0.23000    C:0.22667    A:0.28333    G:0.26000

#50: Impala         
position  1:    T:0.19000    C:0.17000    A:0.27000    G:0.37000
position  2:    T:0.23000    C:0.20000    A:0.40000    G:0.17000
position  3:    T:0.30000    C:0.28000    A:0.17000    G:0.25000
Average         T:0.24000    C:0.21667    A:0.28000    G:0.26333

#51: Klipspringer   
position  1:    T:0.19000    C:0.17000    A:0.28000    G:0.36000
position  2:    T:0.23000    C:0.20000    A:0.40000    G:0.17000
