CODONML (in paml version 4.10.7, June 2023)  /home/rachel/ruminants_paml/6406-phy-tree/ENSBTAT00000018050.fasta.phy
Model: free dN/dS Ratios for branches,  kappa = 2.000 fixed

Codon frequency model: F3x4
ns =  54  ls =  19

Codon usage in sequences
--------------------------------------------------------------------------------------------------------------------------------------
Phe TTT   0   0   0   0   0   0 | Ser TCT   0   1   0   0   0   0 | Tyr TAT   0   0   0   0   1   0 | Cys TGT   0   0   0   0   0   1
    TTC   0   0   0   0   0   0 |     TCC   0   0   0   0   0   0 |     TAC   0   1   0   0   0   0 |     TGC   1   0   1   1   0   0
Leu TTA   0   0   0   0   0   0 |     TCA   0   0   0   0   0   0 | *** TAA   0   0   0   0   0   0 | *** TGA   0   0   0   0   0   0
    TTG   0   0   0   0   0   0 |     TCG   0   0   0   0   0   0 |     TAG   0   0   0   0   0   0 | Trp TGG   0   0   0   0   0   0
--------------------------------------------------------------------------------------------------------------------------------------
Leu CTT   0   0   0   0   0   0 | Pro CCT   2   1   2   3   2   2 | His CAT   0   0   0   0   0   0 | Arg CGT   0   0   0   0   0   0
    CTC   2   2   2   2   2   2 |     CCC   1   1   1   0   1   0 |     CAC   0   1   0   0   1   1 |     CGC   0   0   0   0   0   1
    CTA   0   0   0   0   0   0 |     CCA   0   0   0   0   0   1 | Gln CAA   0   0   0   0   0   0 |     CGA   0   0   0   0   0   0
    CTG   0   0   0   0   0   0 |     CCG   1   1   1   1   1   0 |     CAG   0   0   0   0   0   0 |     CGG   0   0   0   0   0   0
--------------------------------------------------------------------------------------------------------------------------------------
Ile ATT   0   0   0   0   0   0 | Thr ACT   0   0   0   0   0   0 | Asn AAT   0   0   0   0   0   0 | Ser AGT   0   0   0   0   0   0
    ATC   0   0   0   0   0   0 |     ACC   0   1   0   0   0   1 |     AAC   1   1   1   1   1   1 |     AGC   1   0   1   1   0   0
    ATA   0   0   0   0   0   0 |     ACA   0   0   0   0   0   0 | Lys AAA   1   1   1   1   1   1 | Arg AGA   0   0   0   0   0   0
Met ATG   0   0   0   0   0   0 |     ACG   0   0   0   0   0   0 |     AAG   0   0   0   0   0   0 |     AGG   0   0   0   0   0   0
--------------------------------------------------------------------------------------------------------------------------------------
Val GTT   0   0   0   0   0   0 | Ala GCT   1   0   1   1   1   1 | Asp GAT   1   1   1   1   1   0 | Gly GGT   0   0   0   0   0   0
    GTC   1   0   1   1   1   0 |     GCC   0   0   0   0   1   0 |     GAC   0   0   0   0   0   2 |     GGC   1   0   1   1   1   0
    GTA   0   0   0   0   0   0 |     GCA   0   0   0   0   0   0 | Glu GAA   0   0   0   0   1   1 |     GGA   1   1   1   1   1   1
    GTG   0   1   0   0   0   0 |     GCG   0   1   0   0   0   0 |     GAG   2   2   2   2   1   1 |     GGG   2   2   2   2   1   2
--------------------------------------------------------------------------------------------------------------------------------------

--------------------------------------------------------------------------------------------------------------------------------------
Phe TTT   0   0   0   0   0   0 | Ser TCT   0   0   0   0   0   0 | Tyr TAT   0   0   0   0   0   0 | Cys TGT   0   0   0   0   0   0
    TTC   0   0   0   0   0   0 |     TCC   0   0   0   0   0   0 |     TAC   0   0   0   0   0   0 |     TGC   1   1   1   1   1   1
Leu TTA   0   0   0   0   0   0 |     TCA   0   0   0   0   0   0 | *** TAA   0   0   0   0   0   0 | *** TGA   0   0   0   0   0   0
    TTG   0   0   0   0   0   0 |     TCG   0   0   0   0   0   0 |     TAG   0   0   0   0   0   0 | Trp TGG   0   0   0   0   0   0
--------------------------------------------------------------------------------------------------------------------------------------
Leu CTT   0   0   0   0   0   0 | Pro CCT   2   2   2   3   2   2 | His CAT   0   0   0   0   0   0 | Arg CGT   0   0   0   0   0   0
    CTC   2   2   2   2   2   2 |     CCC   1   1   1   1   1   1 |     CAC   0   0   0   0   0   0 |     CGC   0   0   0   0   0   0
    CTA   0   0   0   0   0   0 |     CCA   0   0   0   0   0   0 | Gln CAA   0   0   0   0   0   0 |     CGA   0   0   0   0   0   0
    CTG   0   0   0   0   0   0 |     CCG   1   1   1   0   1   1 |     CAG   0   0   0   0   0   0 |     CGG   0   0   0   0   0   0
--------------------------------------------------------------------------------------------------------------------------------------
Ile ATT   0   0   0   0   0   0 | Thr ACT   0   0   0   0   0   0 | Asn AAT   0   0   0   0   0   0 | Ser AGT   0   0   0   0   0   0
    ATC   0   0   0   0   0   0 |     ACC   0   0   0   0   0   0 |     AAC   1   1   1   1   1   1 |     AGC   1   1   1   1   1   1
    ATA   0   0   0   0   0   0 |     ACA   0   0   0   0   0   0 | Lys AAA   1   1   1   1   1   1 | Arg AGA   0   0   0   0   0   0
Met ATG   0   0   0   0   0   0 |     ACG   0   0   0   0   0   0 |     AAG   0   0   0   0   1   0 |     AGG   0   0   0   0   0   0
--------------------------------------------------------------------------------------------------------------------------------------
Val GTT   0   0   0   0   0   0 | Ala GCT   1   1   1   1   1   1 | Asp GAT   1   1   1   1   1   1 | Gly GGT   0   0   0   0   0   0
    GTC   1   1   1   1   1   1 |     GCC   0   0   0   0   0   0 |     GAC   0   0   0   0   0   0 |     GGC   1   1   1   1   1   1
    GTA   0   0   0   0   0   0 |     GCA   0   0   0   0   0   0 | Glu GAA   0   0   0   0   0   0 |     GGA   2   1   1   1   1   1
    GTG   0   0   0   0   0   0 |     GCG   0   0   0   0   0   0 |     GAG   2   2   2   2   1   2 |     GGG   1   2   2   2   2   2
--------------------------------------------------------------------------------------------------------------------------------------

--------------------------------------------------------------------------------------------------------------------------------------
Phe TTT   0   0   0   0   0   0 | Ser TCT   0   0   0   0   0   0 | Tyr TAT   0   0   0   0   0   0 | Cys TGT   0   0   0   0   0   0
    TTC   0   0   0   0   0   0 |     TCC   0   0   0   0   0   0 |     TAC   0   0   0   0   0   0 |     TGC   1   1   1   1   1   1
Leu TTA   0   0   0   0   0   0 |     TCA   0   0   0   0   0   0 | *** TAA   0   0   0   0   0   0 | *** TGA   0   0   0   0   0   0
    TTG   0   0   0   0   0   0 |     TCG   0   0   0   0   0   0 |     TAG   0   0   0   0   0   0 | Trp TGG   0   0   0   0   0   0
--------------------------------------------------------------------------------------------------------------------------------------
Leu CTT   0   0   0   0   0   0 | Pro CCT   2   2   2   2   2   1 | His CAT   0   0   0   0   0   0 | Arg CGT   0   0   0   0   0   0
    CTC   2   2   2   2   2   2 |     CCC   1   1   1   1   1   2 |     CAC   0   0   0   0   0   0 |     CGC   0   0   0   0   0   0
    CTA   0   0   0   0   0   0 |     CCA   0   0   0   1   0   1 | Gln CAA   0   0   0   0   0   0 |     CGA   0   0   0   0   0   0
    CTG   0   0   0   0   0   0 |     CCG   1   1   1   0   1   0 |     CAG   0   0   0   0   0   0 |     CGG   0   0   0   0   0   0
--------------------------------------------------------------------------------------------------------------------------------------
Ile ATT   0   0   0   0   0   0 | Thr ACT   0   0   0   0   0   0 | Asn AAT   0   0   0   0   0   0 | Ser AGT   1   0   0   0   0   0
    ATC   0   0   0   0   0   0 |     ACC   0   0   0   0   0   0 |     AAC   1   1   1   1   1   1 |     AGC   0   1   1   1   1   1
    ATA   0   0   0   0   0   0 |     ACA   0   0   0   0   0   0 | Lys AAA   1   1   1   1   1   1 | Arg AGA   0   0   0   0   0   0
Met ATG   0   0   0   0   0   0 |     ACG   0   0   0   0   0   0 |     AAG   0   0   0   0   0   0 |     AGG   0   0   0   0   0   0
--------------------------------------------------------------------------------------------------------------------------------------
Val GTT   0   0   0   0   0   0 | Ala GCT   1   1   1   1   1   1 | Asp GAT   1   1   1   1   1   1 | Gly GGT   0   0   0   0   0   0
    GTC   1   1   1   1   1   1 |     GCC   0   0   0   0   0   0 |     GAC   0   0   0   0   0   0 |     GGC   1   1   2   1   1   1
    GTA   0   0   0   0   0   0 |     GCA   0   0   0   0   0   0 | Glu GAA   0   0   0   1   1   0 |     GGA   1   1   0   1   1   1
    GTG   0   0   0   0   0   0 |     GCG   0   0   0   0   0   0 |     GAG   2   2   2   1   1   2 |     GGG   2   2   2   2   2   2
--------------------------------------------------------------------------------------------------------------------------------------

--------------------------------------------------------------------------------------------------------------------------------------
Phe TTT   0   0   0   0   0   0 | Ser TCT   0   0   0   0   0   0 | Tyr TAT   0   0   0   0   0   0 | Cys TGT   0   0   0   0   0   0
    TTC   0   0   0   0   0   0 |     TCC   0   0   0   0   0   0 |     TAC   0   0   0   0   0   0 |     TGC   1   1   1   1   1   1
Leu TTA   0   0   0   0   0   0 |     TCA   0   0   0   0   0   0 | *** TAA   0   0   0   0   0   0 | *** TGA   0   0   0   0   0   0
    TTG   0   0   0   0   0   0 |     TCG   0   0   0   0   0   0 |     TAG   0   0   0   0   0   0 | Trp TGG   0   0   0   0   0   0
--------------------------------------------------------------------------------------------------------------------------------------
Leu CTT   0   0   0   0   0   0 | Pro CCT   2   2   2   2   2   2 | His CAT   0   0   0   0   0   0 | Arg CGT   0   0   0   0   0   0
    CTC   2   2   2   2   2   2 |     CCC   1   1   1   1   1   1 |     CAC   0   0   0   0   0   0 |     CGC   0   0   0   0   0   0
    CTA   0   0   0   0   0   0 |     CCA   0   0   0   0   1   0 | Gln CAA   0   0   0   0   0   0 |     CGA   0   0   0   0   0   0
    CTG   0   0   0   0   0   0 |     CCG   1   1   1   1   0   1 |     CAG   0   0   0   0   0   0 |     CGG   0   0   0   0   0   0
--------------------------------------------------------------------------------------------------------------------------------------
Ile ATT   0   0   0   0   0   0 | Thr ACT   0   0   0   0   0   0 | Asn AAT   0   1   0   0   0   0 | Ser AGT   0   0   0   0   1   0
    ATC   0   0   0   0   0   0 |     ACC   0   0   0   0   0   0 |     AAC   1   0   1   1   1   1 |     AGC   1   1   1   1   0   1
    ATA   0   0   0   0   0   0 |     ACA   0   0   0   0   0   0 | Lys AAA   1   1   1   1   1   1 | Arg AGA   0   0   0   0   0   0
Met ATG   0   0   0   0   0   0 |     ACG   0   0   0   0   0   0 |     AAG   0   0   0   0   0   0 |     AGG   0   0   0   0   0   0
--------------------------------------------------------------------------------------------------------------------------------------
Val GTT   0   0   0   0   0   0 | Ala GCT   1   1   1   1   1   1 | Asp GAT   1   1   1   1   1   1 | Gly GGT   0   0   0   0   0   0
    GTC   0   1   1   1   1   1 |     GCC   0   0   0   0   0   0 |     GAC   1   0   0   0   0   0 |     GGC   1   1   1   1   1   1
    GTA   0   0   0   0   0   0 |     GCA   0   0   0   0   0   0 | Glu GAA   0   0   0   0   0   0 |     GGA   1   1   1   1   1   1
    GTG   0   0   0   0   0   0 |     GCG   0   0   0   0   0   0 |     GAG   2   2   2   2   2   2 |     GGG   2   2   2   2   2   2
--------------------------------------------------------------------------------------------------------------------------------------

--------------------------------------------------------------------------------------------------------------------------------------
Phe TTT   0   0   0   0   0   0 | Ser TCT   0   0   0   0   0   0 | Tyr TAT   0   0   0   0   0   0 | Cys TGT   0   0   0   0   0   0
    TTC   0   0   0   0   0   0 |     TCC   0   0   0   0   0   0 |     TAC   0   0   0   0   0   0 |     TGC   1   1   1   1   1   1
Leu TTA   0   0   0   0   0   0 |     TCA   0   0   0   0   0   0 | *** TAA   0   0   0   0   0   0 | *** TGA   0   0   0   0   0   0
    TTG   0   0   0   0   0   0 |     TCG   0   0   0   0   0   0 |     TAG   0   0   0   0   0   0 | Trp TGG   0   0   0   0   0   0
--------------------------------------------------------------------------------------------------------------------------------------
Leu CTT   0   0   0   0   0   0 | Pro CCT   2   2   2   2   2   2 | His CAT   0   0   0   0   0   0 | Arg CGT   0   0   0   0   0   0
    CTC   2   2   2   2   2   2 |     CCC   1   1   1   1   1   1 |     CAC   0   0   0   0   0   0 |     CGC   0   0   0   0   0   0
    CTA   0   0   0   0   0   0 |     CCA   1   0   0   0   0   0 | Gln CAA   0   0   0   0   0   0 |     CGA   0   0   0   0   0   0
    CTG   0   0   0   0   0   0 |     CCG   0   1   1   1   1   1 |     CAG   0   0   0   0   0   0 |     CGG   0   0   0   0   0   0
--------------------------------------------------------------------------------------------------------------------------------------
Ile ATT   0   0   0   0   0   0 | Thr ACT   0   0   0   0   0   0 | Asn AAT   0   0   0   0   0   0 | Ser AGT   0   1   1   0   0   0
    ATC   0   0   0   0   0   0 |     ACC   0   0   0   0   0   0 |     AAC   1   0   1   1   1   1 |     AGC   1   0   0   1   1   1
    ATA   0   0   0   0   0   0 |     ACA   0   0   0   0   0   0 | Lys AAA   1   1   1   1   1   1 | Arg AGA   0   0   0   0   0   0
Met ATG   0   0   0   0   0   0 |     ACG   0   0   0   0   0   0 |     AAG   0   0   0   0   0   0 |     AGG   0   0   0   0   0   0
--------------------------------------------------------------------------------------------------------------------------------------
Val GTT   0   0   0   0   0   0 | Ala GCT   1   1   1   1   1   1 | Asp GAT   1   1   1   1   1   1 | Gly GGT   0   0   0   0   0   0
    GTC   1   1   1   1   1   1 |     GCC   0   0   0   0   0   0 |     GAC   0   1   0   0   0   0 |     GGC   1   1   1   1   2   1
    GTA   0   0   0   0   0   0 |     GCA   0   0   0   0   0   0 | Glu GAA   0   0   0   0   0   0 |     GGA   1   1   1   1   0   1
    GTG   0   0   0   0   0   0 |     GCG   0   0   0   0   0   0 |     GAG   2   2   2   2   2   2 |     GGG   2   2   2   2   2   2
--------------------------------------------------------------------------------------------------------------------------------------

--------------------------------------------------------------------------------------------------------------------------------------
Phe TTT   0   0   0   0   0   0 | Ser TCT   0   0   0   0   0   0 | Tyr TAT   0   0   0   0   0   0 | Cys TGT   0   0   0   0   0   0
    TTC   0   0   0   0   0   0 |     TCC   0   0   0   0   0   0 |     TAC   0   0   0   0   0   0 |     TGC   1   1   1   1   1   1
Leu TTA   0   0   0   0   0   0 |     TCA   0   0   0   0   0   0 | *** TAA   0   0   0   0   0   0 | *** TGA   0   0   0   0   0   0
    TTG   0   0   0   0   0   0 |     TCG   0   0   0   0   0   0 |     TAG   0   0   0   0   0   0 | Trp TGG   0   0   0   0   0   0
--------------------------------------------------------------------------------------------------------------------------------------
Leu CTT   0   0   0   0   0   0 | Pro CCT   2   2   2   2   2   2 | His CAT   0   0   0   0   0   0 | Arg CGT   0   0   0   0   0   0
    CTC   2   2   2   2   2   2 |     CCC   1   1   1   1   1   1 |     CAC   0   0   0   0   0   0 |     CGC   0   0   0   0   0   0
    CTA   0   0   0   0   0   0 |     CCA   1   0   0   0   1   0 | Gln CAA   0   0   0   0   0   0 |     CGA   0   0   0   0   0   0
    CTG   0   0   0   0   0   0 |     CCG   0   1   1   1   0   1 |     CAG   0   0   0   0   0   0 |     CGG   0   0   0   0   0   0
--------------------------------------------------------------------------------------------------------------------------------------
Ile ATT   0   0   0   0   0   0 | Thr ACT   0   0   0   0   0   0 | Asn AAT   0   0   0   0   0   0 | Ser AGT   0   0   0   0   0   0
    ATC   0   0   0   0   0   0 |     ACC   0   0   0   0   0   0 |     AAC   1   1   1   1   1   1 |     AGC   1   1   1   1   1   1
    ATA   0   0   0   0   0   0 |     ACA   0   0   0   0   0   0 | Lys AAA   1   1   1   1   1   1 | Arg AGA   0   0   0   0   0   0
Met ATG   0   0   0   0   0   0 |     ACG   0   0   0   0   0   0 |     AAG   0   0   0   0   0   0 |     AGG   0   0   0   0   0   0
--------------------------------------------------------------------------------------------------------------------------------------
Val GTT   0   0   0   0   0   0 | Ala GCT   1   1   1   1   1   1 | Asp GAT   1   1   1   1   1   1 | Gly GGT   0   0   0   0   0   0
    GTC   1   1   1   1   1   1 |     GCC   0   0   0   0   0   0 |     GAC   0   0   0   0   0   0 |     GGC   1   1   1   1   1   2
    GTA   0   0   0   0   0   0 |     GCA   0   0   0   0   0   0 | Glu GAA   0   0   0   0   0   0 |     GGA   1   1   1   1   1   0
    GTG   0   0   0   0   0   0 |     GCG   0   0   0   0   0   0 |     GAG   2   2   2   2   2   2 |     GGG   2   2   2   2   2   2
--------------------------------------------------------------------------------------------------------------------------------------

--------------------------------------------------------------------------------------------------------------------------------------
Phe TTT   0   0   0   0   0   0 | Ser TCT   0   0   0   0   0   0 | Tyr TAT   0   0   0   0   0   0 | Cys TGT   0   0   0   0   0   0
    TTC   0   0   0   0   0   0 |     TCC   0   0   0   0   0   0 |     TAC   0   0   0   0   0   0 |     TGC   1   1   1   1   1   1
Leu TTA   0   0   0   0   0   0 |     TCA   0   0   0   0   0   0 | *** TAA   0   0   0   0   0   0 | *** TGA   0   0   0   0   0   0
    TTG   0   0   0   0   0   0 |     TCG   0   0   0   0   0   0 |     TAG   0   0   0   0   0   0 | Trp TGG   0   0   0   0   0   0
--------------------------------------------------------------------------------------------------------------------------------------
Leu CTT   0   0   0   0   0   0 | Pro CCT   2   2   2   2   2   2 | His CAT   0   0   0   0   0   0 | Arg CGT   0   0   0   0   0   0
    CTC   2   2   2   2   2   2 |     CCC   1   1   1   1   1   1 |     CAC   0   0   0   0   0   0 |     CGC   0   0   0   0   0   0
    CTA   0   0   0   0   0   0 |     CCA   0   0   0   0   0   0 | Gln CAA   0   0   0   0   0   0 |     CGA   0   0   0   0   0   0
    CTG   0   0   0   0   0   0 |     CCG   1   1   1   1   1   1 |     CAG   0   0   0   0   0   0 |     CGG   0   0   0   0   0   0
--------------------------------------------------------------------------------------------------------------------------------------
Ile ATT   0   0   0   0   0   0 | Thr ACT   0   0   0   0   0   0 | Asn AAT   0   0   0   0   0   0 | Ser AGT   0   0   0   0   0   0
    ATC   0   0   0   0   0   0 |     ACC   0   0   0   0   0   0 |     AAC   1   1   1   1   1   1 |     AGC   1   1   1   1   1   1
    ATA   0   0   0   0   0   0 |     ACA   0   0   0   0   0   0 | Lys AAA   0   1   1   1   1   1 | Arg AGA   1   0   0   0   0   0
Met ATG   0   0   0   0   0   0 |     ACG   0   0   0   0   0   0 |     AAG   0   0   0   0   0   0 |     AGG   0   0   0   0   0   0
--------------------------------------------------------------------------------------------------------------------------------------
Val GTT   0   0   0   0   0   0 | Ala GCT   1   1   1   1   1   1 | Asp GAT   1   1   1   1   1   1 | Gly GGT   0   0   0   0   0   0
    GTC   1   1   1   1   1   1 |     GCC   0   0   0   0   0   0 |     GAC   0   0   0   0   0   0 |     GGC   1   1   1   1   1   1
    GTA   0   0   0   0   0   0 |     GCA   0   0   0   0   0   0 | Glu GAA   1   0   0   0   0   0 |     GGA   1   1   1   2   1   1
    GTG   0   0   0   0   0   0 |     GCG   0   0   0   0   0   0 |     GAG   1   2   2   2   2   2 |     GGG   2   2   2   1   2   2
--------------------------------------------------------------------------------------------------------------------------------------

--------------------------------------------------------------------------------------------------------------------------------------
Phe TTT   0   0   0   0   0   0 | Ser TCT   0   0   0   0   0   0 | Tyr TAT   0   0   0   0   0   0 | Cys TGT   0   0   0   0   0   0
    TTC   0   0   0   0   0   0 |     TCC   0   0   0   0   0   0 |     TAC   0   0   0   0   0   0 |     TGC   1   1   1   1   1   1
Leu TTA   0   0   0   0   0   0 |     TCA   0   0   0   0   0   0 | *** TAA   0   0   0   0   0   0 | *** TGA   0   0   0   0   0   0
    TTG   0   0   0   0   0   0 |     TCG   0   0   0   0   0   0 |     TAG   0   0   0   0   0   0 | Trp TGG   0   0   0   0   0   0
--------------------------------------------------------------------------------------------------------------------------------------
Leu CTT   0   0   0   0   0   0 | Pro CCT   2   2   2   2   2   2 | His CAT   0   0   0   0   0   0 | Arg CGT   0   0   0   0   0   0
    CTC   2   2   2   2   2   2 |     CCC   1   1   1   1   1   2 |     CAC   0   0   0   0   0   0 |     CGC   0   0   0   0   0   0
    CTA   0   0   0   0   0   0 |     CCA   1   0   0   0   0   0 | Gln CAA   0   0   0   0   0   0 |     CGA   0   0   0   0   0   0
    CTG   0   0   0   0   0   0 |     CCG   0   1   1   1   1   0 |     CAG   0   0   0   0   0   0 |     CGG   0   0   0   0   0   0
--------------------------------------------------------------------------------------------------------------------------------------
Ile ATT   0   0   0   0   0   0 | Thr ACT   0   0   0   0   0   0 | Asn AAT   0   0   0   0   0   0 | Ser AGT   0   0   0   0   0   0
    ATC   0   0   0   0   0   0 |     ACC   0   0   0   0   0   0 |     AAC   1   1   1   0   1   1 |     AGC   1   1   1   1   0   1
    ATA   0   0   0   0   0   0 |     ACA   0   0   0   0   0   0 | Lys AAA   1   1   1   1   1   1 | Arg AGA   0   0   0   0   0   0
Met ATG   0   0   0   0   0   0 |     ACG   0   0   0   0   0   0 |     AAG   0   0   0   0   0   0 |     AGG   0   0   0   0   0   0
--------------------------------------------------------------------------------------------------------------------------------------
Val GTT   0   0   0   0   0   0 | Ala GCT   1   1   1   1   1   1 | Asp GAT   1   1   1   1   1   1 | Gly GGT   0   0   0   0   0   0
    GTC   1   1   1   1   1   1 |     GCC   0   0   0   0   0   0 |     GAC   0   0   0   1   0   0 |     GGC   1   1   1   1   2   1
    GTA   0   0   0   0   0   0 |     GCA   0   0   0   0   0   0 | Glu GAA   0   0   0   0   0   0 |     GGA   1   1   1   1   1   1
    GTG   0   0   0   0   0   0 |     GCG   0   0   0   0   0   0 |     GAG   2   2   2   2   2   2 |     GGG   2   2   2   2   2   2
--------------------------------------------------------------------------------------------------------------------------------------

--------------------------------------------------------------------------------------------------------------------------------------
Phe TTT   0   0   0   0   0   0 | Ser TCT   0   0   0   0   0   0 | Tyr TAT   0   0   0   0   0   0 | Cys TGT   0   0   0   0   0   0
    TTC   0   0   0   0   0   0 |     TCC   0   0   0   0   0   0 |     TAC   0   0   0   0   0   0 |     TGC   1   1   1   1   1   1
Leu TTA   0   0   0   0   0   0 |     TCA   0   0   0   0   0   0 | *** TAA   0   0   0   0   0   0 | *** TGA   0   0   0   0   0   0
    TTG   0   0   0   0   0   0 |     TCG   0   0   0   0   0   0 |     TAG   0   0   0   0   0   0 | Trp TGG   0   0   0   0   0   0
--------------------------------------------------------------------------------------------------------------------------------------
Leu CTT   0   0   0   0   0   0 | Pro CCT   2   2   2   3   2   2 | His CAT   0   0   0   0   0   0 | Arg CGT   0   0   0   0   0   0
    CTC   2   2   2   2   2   2 |     CCC   1   1   1   0   1   1 |     CAC   0   0   0   0   0   0 |     CGC   0   0   0   0   0   0
    CTA   0   0   0   0   0   0 |     CCA   0   1   0   0   0   0 | Gln CAA   0   0   0   0   0   0 |     CGA   0   0   0   0   0   0
    CTG   0   0   0   0   0   0 |     CCG   1   0   1   1   1   1 |     CAG   0   0   0   0   0   0 |     CGG   0   0   0   0   0   0
--------------------------------------------------------------------------------------------------------------------------------------
Ile ATT   0   0   0   0   0   0 | Thr ACT   0   0   0   0   0   0 | Asn AAT   0   0   0   0   0   0 | Ser AGT   0   0   0   0   0   0
    ATC   0   0   0   0   0   0 |     ACC   0   0   0   0   0   0 |     AAC   1   1   1   1   1   1 |     AGC   2   1   1   1   1   1
    ATA   0   0   0   0   0   0 |     ACA   0   0   0   0   0   0 | Lys AAA   1   1   1   1   1   1 | Arg AGA   0   0   0   0   0   0
Met ATG   0   0   0   0   0   0 |     ACG   0   0   0   0   0   0 |     AAG   0   0   0   0   0   0 |     AGG   0   0   0   0   0   0
--------------------------------------------------------------------------------------------------------------------------------------
Val GTT   0   0   0   0   0   0 | Ala GCT   1   1   1   1   1   1 | Asp GAT   1   1   1   1   1   1 | Gly GGT   0   0   0   0   0   0
    GTC   1   1   1   1   1   1 |     GCC   0   0   0   0   0   0 |     GAC   0   0   0   0   0   0 |     GGC   0   1   1   1   1   1
    GTA   0   0   0   0   0   0 |     GCA   0   0   0   0   0   0 | Glu GAA   0   0   0   0   0   0 |     GGA   1   1   0   1   1   1
    GTG   0   0   0   0   0   0 |     GCG   0   0   0   0   0   0 |     GAG   2   2   2   2   2   2 |     GGG   2   2   3   2   2   2
--------------------------------------------------------------------------------------------------------------------------------------

Codon position x base (3x4) table for each sequence.

#1: Argali         
position  1:    T:0.05263    C:0.31579    A:0.15789    G:0.47368
position  2:    T:0.15789    C:0.26316    A:0.26316    G:0.31579
position  3:    T:0.21053    C:0.42105    A:0.10526    G:0.26316
Average         T:0.14035    C:0.33333    A:0.17544    G:0.35088

#2: LesserMouseDeer
position  1:    T:0.10526    C:0.31579    A:0.15789    G:0.42105
position  2:    T:0.15789    C:0.31579    A:0.36842    G:0.15789
position  3:    T:0.15789    C:0.36842    A:0.10526    G:0.36842
Average         T:0.14035    C:0.33333    A:0.21053    G:0.31579

#3: LesserKudu     
position  1:    T:0.05263    C:0.31579    A:0.15789    G:0.47368
position  2:    T:0.15789    C:0.26316    A:0.26316    G:0.31579
position  3:    T:0.21053    C:0.42105    A:0.10526    G:0.26316
Average         T:0.14035    C:0.33333    A:0.17544    G:0.35088

#4: ForestMuskDeer2
position  1:    T:0.05263    C:0.31579    A:0.15789    G:0.47368
position  2:    T:0.15789    C:0.26316    A:0.26316    G:0.31579
position  3:    T:0.26316    C:0.36842    A:0.10526    G:0.26316
Average         T:0.15789    C:0.31579    A:0.17544    G:0.35088

#5: Camel          
position  1:    T:0.05263    C:0.36842    A:0.10526    G:0.47368
position  2:    T:0.15789    C:0.31579    A:0.36842    G:0.15789
position  3:    T:0.26316    C:0.42105    A:0.15789    G:0.15789
Average         T:0.15789    C:0.36842    A:0.21053    G:0.26316

#6: KillerWhale    
position  1:    T:0.05263    C:0.36842    A:0.15789    G:0.42105
position  2:    T:0.10526    C:0.26316    A:0.36842    G:0.26316
position  3:    T:0.21053    C:0.42105    A:0.21053    G:0.15789
Average         T:0.12281    C:0.35088    A:0.24561    G:0.28070

#7: DefassaWaterbuck
position  1:    T:0.05263    C:0.31579    A:0.15789    G:0.47368
position  2:    T:0.15789    C:0.26316    A:0.26316    G:0.31579
position  3:    T:0.21053    C:0.42105    A:0.15789    G:0.21053
Average         T:0.14035    C:0.33333    A:0.19298    G:0.33333

#8: Sheep          
position  1:    T:0.05263    C:0.31579    A:0.15789    G:0.47368
position  2:    T:0.15789    C:0.26316    A:0.26316    G:0.31579
position  3:    T:0.21053    C:0.42105    A:0.10526    G:0.26316
Average         T:0.14035    C:0.33333    A:0.17544    G:0.35088

#9: MaxwellsDuiker 
position  1:    T:0.05263    C:0.31579    A:0.15789    G:0.47368
position  2:    T:0.15789    C:0.26316    A:0.26316    G:0.31579
position  3:    T:0.21053    C:0.42105    A:0.10526    G:0.26316
Average         T:0.14035    C:0.33333    A:0.17544    G:0.35088

#10: GazellaPrzewalskyi
position  1:    T:0.05263    C:0.31579    A:0.15789    G:0.47368
position  2:    T:0.15789    C:0.26316    A:0.26316    G:0.31579
position  3:    T:0.26316    C:0.42105    A:0.10526    G:0.21053
Average         T:0.15789    C:0.33333    A:0.17544    G:0.33333

#11: MountainNyala  
position  1:    T:0.05263    C:0.31579    A:0.21053    G:0.42105
position  2:    T:0.15789    C:0.26316    A:0.26316    G:0.31579
position  3:    T:0.21053    C:0.42105    A:0.10526    G:0.26316
Average         T:0.14035    C:0.33333    A:0.19298    G:0.33333

#12: MuntiacusMuntjak
position  1:    T:0.05263    C:0.31579    A:0.15789    G:0.47368
position  2:    T:0.15789    C:0.26316    A:0.26316    G:0.31579
position  3:    T:0.21053    C:0.42105    A:0.10526    G:0.26316
Average         T:0.14035    C:0.33333    A:0.17544    G:0.35088

#13: goat           
position  1:    T:0.05263    C:0.31579    A:0.15789    G:0.47368
position  2:    T:0.15789    C:0.26316    A:0.26316    G:0.31579
position  3:    T:0.26316    C:0.36842    A:0.10526    G:0.26316
Average         T:0.15789    C:0.31579    A:0.17544    G:0.35088

#14: AfricanBuffalo 
position  1:    T:0.05263    C:0.31579    A:0.15789    G:0.47368
position  2:    T:0.15789    C:0.26316    A:0.26316    G:0.31579
position  3:    T:0.21053    C:0.42105    A:0.10526    G:0.26316
Average         T:0.14035    C:0.33333    A:0.17544    G:0.35088

#15: Topi           
position  1:    T:0.05263    C:0.31579    A:0.15789    G:0.47368
position  2:    T:0.15789    C:0.26316    A:0.26316    G:0.31579
position  3:    T:0.21053    C:0.47368    A:0.05263    G:0.26316
Average         T:0.14035    C:0.35088    A:0.15789    G:0.35088

#16: CommonDuiker   
position  1:    T:0.05263    C:0.31579    A:0.15789    G:0.47368
position  2:    T:0.15789    C:0.26316    A:0.26316    G:0.31579
position  3:    T:0.21053    C:0.42105    A:0.21053    G:0.15789
Average         T:0.14035    C:0.33333    A:0.21053    G:0.31579

#17: Suni           
position  1:    T:0.05263    C:0.31579    A:0.15789    G:0.47368
position  2:    T:0.15789    C:0.26316    A:0.26316    G:0.31579
position  3:    T:0.21053    C:0.42105    A:0.15789    G:0.21053
Average         T:0.14035    C:0.33333    A:0.19298    G:0.33333

#18: Springbuck     
position  1:    T:0.05263    C:0.31579    A:0.15789    G:0.47368
position  2:    T:0.15789    C:0.26316    A:0.26316    G:0.31579
position  3:    T:0.15789    C:0.47368    A:0.15789    G:0.21053
Average         T:0.12281    C:0.35088    A:0.19298    G:0.33333

#19: Okapi          
position  1:    T:0.05263    C:0.31579    A:0.15789    G:0.47368
position  2:    T:0.10526    C:0.26316    A:0.31579    G:0.31579
position  3:    T:0.21053    C:0.42105    A:0.10526    G:0.26316
Average         T:0.12281    C:0.33333    A:0.19298    G:0.35088

#20: Giraffe        
position  1:    T:0.05263    C:0.31579    A:0.15789    G:0.47368
position  2:    T:0.15789    C:0.26316    A:0.26316    G:0.31579
position  3:    T:0.26316    C:0.36842    A:0.10526    G:0.26316
Average         T:0.15789    C:0.31579    A:0.17544    G:0.35088

#21: TibetanAntelope
position  1:    T:0.05263    C:0.31579    A:0.15789    G:0.47368
position  2:    T:0.15789    C:0.26316    A:0.26316    G:0.31579
position  3:    T:0.21053    C:0.42105    A:0.10526    G:0.26316
Average         T:0.14035    C:0.33333    A:0.17544    G:0.35088

#22: Sitatunga      
position  1:    T:0.05263    C:0.31579    A:0.15789    G:0.47368
position  2:    T:0.15789    C:0.26316    A:0.26316    G:0.31579
position  3:    T:0.21053    C:0.42105    A:0.10526    G:0.26316
Average         T:0.14035    C:0.33333    A:0.17544    G:0.35088

#23: Oribi          
position  1:    T:0.05263    C:0.31579    A:0.15789    G:0.47368
position  2:    T:0.15789    C:0.26316    A:0.26316    G:0.31579
position  3:    T:0.26316    C:0.36842    A:0.15789    G:0.21053
Average         T:0.15789    C:0.31579    A:0.19298    G:0.33333

#24: BarbarySheep   
position  1:    T:0.05263    C:0.31579    A:0.15789    G:0.47368
position  2:    T:0.15789    C:0.26316    A:0.26316    G:0.31579
position  3:    T:0.21053    C:0.42105    A:0.10526    G:0.26316
Average         T:0.14035    C:0.33333    A:0.17544    G:0.35088

#25: Daviddeer      
position  1:    T:0.05263    C:0.31579    A:0.15789    G:0.47368
position  2:    T:0.15789    C:0.26316    A:0.26316    G:0.31579
position  3:    T:0.21053    C:0.42105    A:0.15789    G:0.21053
Average         T:0.14035    C:0.33333    A:0.19298    G:0.33333

#26: Reindeer       
position  1:    T:0.05263    C:0.31579    A:0.10526    G:0.52632
position  2:    T:0.15789    C:0.26316    A:0.26316    G:0.31579
position  3:    T:0.26316    C:0.36842    A:0.10526    G:0.26316
Average         T:0.15789    C:0.31579    A:0.15789    G:0.36842

#27: Ibex           
position  1:    T:0.05263    C:0.31579    A:0.15789    G:0.47368
position  2:    T:0.15789    C:0.26316    A:0.26316    G:0.31579
position  3:    T:0.26316    C:0.36842    A:0.10526    G:0.26316
Average         T:0.15789    C:0.31579    A:0.17544    G:0.35088

#28: GyrantGazelle  
position  1:    T:0.05263    C:0.31579    A:0.15789    G:0.47368
position  2:    T:0.15789    C:0.26316    A:0.26316    G:0.31579
position  3:    T:0.21053    C:0.42105    A:0.10526    G:0.26316
Average         T:0.14035    C:0.33333    A:0.17544    G:0.35088

#29: Hartebeest     
position  1:    T:0.05263    C:0.31579    A:0.15789    G:0.47368
position  2:    T:0.15789    C:0.26316    A:0.26316    G:0.31579
position  3:    T:0.21053    C:0.47368    A:0.05263    G:0.26316
Average         T:0.14035    C:0.35088    A:0.15789    G:0.35088

#30: Bongo          
position  1:    T:0.05263    C:0.31579    A:0.15789    G:0.47368
position  2:    T:0.15789    C:0.26316    A:0.26316    G:0.31579
position  3:    T:0.21053    C:0.42105    A:0.10526    G:0.26316
Average         T:0.14035    C:0.33333    A:0.17544    G:0.35088

#31: Gerenuk        
position  1:    T:0.05263    C:0.31579    A:0.15789    G:0.47368
position  2:    T:0.15789    C:0.26316    A:0.26316    G:0.31579
position  3:    T:0.21053    C:0.42105    A:0.15789    G:0.21053
Average         T:0.14035    C:0.33333    A:0.19298    G:0.33333

#32: CommonEland    
position  1:    T:0.05263    C:0.31579    A:0.15789    G:0.47368
position  2:    T:0.15789    C:0.26316    A:0.26316    G:0.31579
position  3:    T:0.21053    C:0.42105    A:0.10526    G:0.26316
Average         T:0.14035    C:0.33333    A:0.17544    G:0.35088

#33: MuntiacusReevesi
position  1:    T:0.05263    C:0.31579    A:0.15789    G:0.47368
position  2:    T:0.15789    C:0.26316    A:0.26316    G:0.31579
position  3:    T:0.21053    C:0.42105    A:0.10526    G:0.26316
Average         T:0.14035    C:0.33333    A:0.17544    G:0.35088

#34: HarveysDuiker  
position  1:    T:0.05263    C:0.31579    A:0.15789    G:0.47368
position  2:    T:0.15789    C:0.26316    A:0.26316    G:0.31579
position  3:    T:0.21053    C:0.42105    A:0.10526    G:0.26316
Average         T:0.14035    C:0.33333    A:0.17544    G:0.35088

#35: Pronghorn      
position  1:    T:0.05263    C:0.31579    A:0.15789    G:0.47368
position  2:    T:0.15789    C:0.26316    A:0.26316    G:0.31579
position  3:    T:0.21053    C:0.42105    A:0.15789    G:0.21053
Average         T:0.14035    C:0.33333    A:0.19298    G:0.33333

#36: BlueWildebeest 
position  1:    T:0.05263    C:0.31579    A:0.15789    G:0.47368
position  2:    T:0.15789    C:0.26316    A:0.26316    G:0.31579
position  3:    T:0.21053    C:0.47368    A:0.05263    G:0.26316
Average         T:0.14035    C:0.35088    A:0.15789    G:0.35088

#37: Gemsbok        
position  1:    T:0.05263    C:0.31579    A:0.15789    G:0.47368
position  2:    T:0.15789    C:0.26316    A:0.21053    G:0.36842
position  3:    T:0.21053    C:0.42105    A:0.15789    G:0.21053
Average         T:0.14035    C:0.33333    A:0.17544    G:0.35088

#38: Yak            
position  1:    T:0.05263    C:0.31579    A:0.15789    G:0.47368
position  2:    T:0.15789    C:0.26316    A:0.26316    G:0.31579
position  3:    T:0.21053    C:0.42105    A:0.10526    G:0.26316
Average         T:0.14035    C:0.33333    A:0.17544    G:0.35088

#39: BlueSheep      
position  1:    T:0.05263    C:0.31579    A:0.15789    G:0.47368
position  2:    T:0.15789    C:0.26316    A:0.26316    G:0.31579
position  3:    T:0.21053    C:0.42105    A:0.10526    G:0.26316
Average         T:0.14035    C:0.33333    A:0.17544    G:0.35088

#40: BohorReedbuck  
position  1:    T:0.05263    C:0.31579    A:0.15789    G:0.47368
position  2:    T:0.15789    C:0.26316    A:0.26316    G:0.31579
position  3:    T:0.21053    C:0.42105    A:0.15789    G:0.21053
Average         T:0.14035    C:0.33333    A:0.19298    G:0.33333

#41: KirksDik       
position  1:    T:0.05263    C:0.31579    A:0.15789    G:0.47368
position  2:    T:0.15789    C:0.26316    A:0.26316    G:0.31579
position  3:    T:0.21053    C:0.42105    A:0.10526    G:0.26316
Average         T:0.14035    C:0.33333    A:0.17544    G:0.35088

#42: RoeDeer        
position  1:    T:0.05263    C:0.31579    A:0.15789    G:0.47368
position  2:    T:0.15789    C:0.26316    A:0.26316    G:0.31579
position  3:    T:0.21053    C:0.42105    A:0.10526    G:0.26316
Average         T:0.14035    C:0.33333    A:0.17544    G:0.35088

#43: WhiteLippedDeer
position  1:    T:0.05263    C:0.31579    A:0.15789    G:0.47368
position  2:    T:0.15789    C:0.26316    A:0.26316    G:0.31579
position  3:    T:0.21053    C:0.42105    A:0.15789    G:0.21053
Average         T:0.14035    C:0.33333    A:0.19298    G:0.33333

#44: ThomsonGazelle 
position  1:    T:0.05263    C:0.31579    A:0.15789    G:0.47368
position  2:    T:0.15789    C:0.26316    A:0.26316    G:0.31579
position  3:    T:0.21053    C:0.42105    A:0.10526    G:0.26316
Average         T:0.14035    C:0.33333    A:0.17544    G:0.35088

#45: MuntiacusCrinifrons
position  1:    T:0.05263    C:0.31579    A:0.15789    G:0.47368
position  2:    T:0.15789    C:0.26316    A:0.26316    G:0.31579
position  3:    T:0.21053    C:0.42105    A:0.10526    G:0.26316
Average         T:0.14035    C:0.33333    A:0.17544    G:0.35088

#46: WhiteTailedDeer
position  1:    T:0.05263    C:0.31579    A:0.10526    G:0.52632
position  2:    T:0.15789    C:0.26316    A:0.26316    G:0.31579
position  3:    T:0.21053    C:0.42105    A:0.10526    G:0.26316
Average         T:0.14035    C:0.33333    A:0.15789    G:0.36842

#47: Cattle         
position  1:    T:0.05263    C:0.31579    A:0.10526    G:0.52632
position  2:    T:0.15789    C:0.26316    A:0.26316    G:0.31579
position  3:    T:0.21053    C:0.42105    A:0.10526    G:0.26316
Average         T:0.14035    C:0.33333    A:0.15789    G:0.36842

#48: RoyalAntelope  
position  1:    T:0.05263    C:0.31579    A:0.15789    G:0.47368
position  2:    T:0.15789    C:0.26316    A:0.26316    G:0.31579
position  3:    T:0.21053    C:0.47368    A:0.10526    G:0.21053
Average         T:0.14035    C:0.35088    A:0.17544    G:0.33333

#49: Steenbok       
position  1:    T:0.05263    C:0.31579    A:0.21053    G:0.42105
position  2:    T:0.15789    C:0.26316    A:0.26316    G:0.31579
position  3:    T:0.21053    C:0.42105    A:0.10526    G:0.26316
Average         T:0.14035    C:0.33333    A:0.19298    G:0.33333

#50: Impala         
position  1:    T:0.05263    C:0.31579    A:0.15789    G:0.47368
position  2:    T:0.15789    C:0.26316    A:0.26316    G:0.31579
position  3:    T:0.21053    C:0.42105    A:0.15789    G:0.21053
Average         T:0.14035    C:0.33333    A:0.19298    G:0.33333

#51: Klipspringer   
position  1:    T:0.05263    C:0.31579    A:0.15789    G:0.47368
position  2:    T:0.15789    C:0.26316    A:0.26316    G:0.31579
