1
52 1
Argali 0.000000 0.112900 0.097100 0.156100 0.042000 0.010200 0.031400 0.021100 0.109100 0.076200 0.000000 0.063900 0.052800 0.010400 0.020800 0.021100 0.077000 0.076500 0.020800 0.109100 0.031700 0.020700 0.098800 0.087300 0.010300 0.031600 0.041900 0.108400 0.054100 0.108500 0.098200 0.010400 0.075900 0.041900 0.031600 0.075700 0.010300 0.042000 0.031300 0.086800 0.088400 0.031900 0.076200 0.087300 0.075300 0.010400 0.053100 0.086400 0.020800 0.031600 0.109700 0.096600
LesserMous 0.112900 0.000000 0.147300 0.211900 0.112100 0.124500 0.125000 0.114500 0.160600 0.125400 0.113200 0.111400 0.124400 0.101600 0.113100 0.114400 0.139100 0.125800 0.113000 0.160600 0.126200 0.136300 0.175100 0.137100 0.124600 0.126000 0.136700 0.159600 0.102500 0.159600 0.148600 0.101600 0.149800 0.136700 0.135700 0.149500 0.124900 0.112100 0.124400 0.136400 0.138800 0.127100 0.125400 0.137100 0.148900 0.101600 0.125400 0.188700 0.112800 0.100700 0.161400 0.146700
LesserKudu 0.097100 0.147300 0.000000 0.190700 0.097000 0.085300 0.097300 0.075500 0.010100 0.097200 0.097300 0.051900 0.108500 0.086200 0.097300 0.098100 0.134200 0.157500 0.074700 0.010100 0.109500 0.074200 0.120300 0.108400 0.108300 0.109300 0.096800 0.030500 0.122400 0.010100 0.096600 0.086200 0.097000 0.096800 0.108900 0.063200 0.108500 0.097000 0.085400 0.085300 0.109700 0.110300 0.097200 0.108400 0.063000 0.086200 0.085800 0.120500 0.097100 0.062900 0.010100 0.040700
KillerWhal 0.156100 0.211900 0.190700 0.000000 0.155800 0.167800 0.132100 0.158400 0.204400 0.169000 0.156600 0.179200 0.168000 0.144900 0.156500 0.158000 0.196500 0.195200 0.132200 0.204400 0.170000 0.155000 0.219400 0.180900 0.143800 0.169800 0.155500 0.203400 0.197200 0.178500 0.192500 0.144900 0.193800 0.155500 0.169200 0.193500 0.168300 0.155800 0.167900 0.180200 0.182900 0.171200 0.169000 0.180900 0.192700 0.144900 0.144400 0.207000 0.132200 0.143800 0.205400 0.190100
DefassaWat 0.042000 0.112100 0.097000 0.155800 0.000000 0.052600 0.052800 0.042500 0.109100 0.098900 0.042100 0.041900 0.074500 0.031400 0.042000 0.042500 0.065300 0.076000 0.041700 0.109100 0.052400 0.041600 0.098600 0.110200 0.030900 0.053000 0.063300 0.108400 0.053600 0.085800 0.098100 0.031400 0.075800 0.062900 0.053000 0.075500 0.052600 0.000000 0.052500 0.086600 0.111500 0.053600 0.098900 0.110200 0.075200 0.031400 0.074800 0.086200 0.020700 0.053200 0.109600 0.119500
Sheep 0.010200 0.124500 0.085300 0.167800 0.052600 0.000000 0.041900 0.010400 0.097100 0.075900 0.010300 0.052700 0.063600 0.020800 0.031300 0.031600 0.088200 0.087600 0.031300 0.097100 0.042300 0.031100 0.098400 0.087000 0.020700 0.042300 0.052500 0.096500 0.065000 0.096600 0.097900 0.020800 0.086900 0.052500 0.042100 0.064100 0.020700 0.052600 0.020600 0.086500 0.088000 0.042600 0.075900 0.087000 0.063900 0.020800 0.042000 0.097400 0.031300 0.042200 0.097600 0.084900
MaxwellsDu 0.031400 0.125000 0.097300 0.132100 0.052800 0.041900 0.000000 0.031800 0.109400 0.076300 0.031500 0.075000 0.052900 0.020900 0.031500 0.031800 0.088500 0.087900 0.020900 0.109400 0.042500 0.041800 0.098900 0.087400 0.042000 0.042400 0.042000 0.108700 0.065200 0.108800 0.098400 0.020900 0.076000 0.042000 0.042300 0.087000 0.042000 0.052800 0.041900 0.086900 0.088400 0.042800 0.076300 0.087400 0.086700 0.020900 0.053100 0.086500 0.031400 0.042400 0.109900 0.096800
GazellaPrz 0.021100 0.114500 0.075500 0.158400 0.042500 0.010400 0.031800 0.000000 0.087200 0.065900 0.021200 0.042600 0.053600 0.010600 0.021100 0.021400 0.078000 0.077500 0.021100 0.087200 0.032100 0.042400 0.088400 0.077000 0.031700 0.032100 0.042500 0.086700 0.054700 0.086700 0.088000 0.010600 0.076900 0.042500 0.032000 0.054000 0.031800 0.042500 0.010400 0.076500 0.077900 0.032300 0.065900 0.077000 0.053800 0.010600 0.031800 0.087600 0.021100 0.032100 0.087600 0.075100
MountainNy 0.109100 0.160600 0.010100 0.204400 0.109100 0.097100 0.109400 0.087200 0.000000 0.109300 0.109400 0.063000 0.120800 0.098200 0.109400 0.110300 0.147200 0.170900 0.086300 0.000000 0.121900 0.085700 0.132800 0.120600 0.120600 0.121700 0.108800 0.020200 0.135200 0.020300 0.108500 0.098200 0.109100 0.108800 0.121300 0.074500 0.120800 0.109100 0.097200 0.097000 0.122000 0.122800 0.109300 0.120600 0.074300 0.098200 0.097700 0.133100 0.109200 0.074300 0.000000 0.051400
MuntiacusM 0.076200 0.125400 0.097200 0.169000 0.098900 0.075900 0.076300 0.065900 0.109300 0.000000 0.076500 0.086500 0.064600 0.065300 0.076400 0.077200 0.088900 0.088400 0.053800 0.109300 0.088500 0.075600 0.042400 0.010300 0.087400 0.088400 0.075800 0.108500 0.089400 0.109000 0.020700 0.065300 0.064700 0.075800 0.088100 0.098700 0.087600 0.098900 0.075900 0.031300 0.031900 0.089100 0.000000 0.010300 0.098300 0.065300 0.076400 0.099200 0.076200 0.064500 0.110200 0.096700
goat 0.000000 0.113200 0.097300 0.156600 0.042100 0.010300 0.031500 0.021200 0.109400 0.076500 0.000000 0.064100 0.053100 0.010400 0.020900 0.021100 0.077200 0.076800 0.020800 0.109400 0.031300 0.020700 0.099100 0.087600 0.010300 0.031600 0.042300 0.108700 0.054100 0.108800 0.098500 0.010400 0.076100 0.042200 0.031700 0.075900 0.010300 0.042000 0.031000 0.087000 0.088600 0.032000 0.076500 0.087600 0.075600 0.010400 0.053100 0.086700 0.020800 0.031700 0.110000 0.096900
AfricanBuf 0.063900 0.111400 0.051900 0.179200 0.041900 0.052700 0.075000 0.042600 0.063000 0.086500 0.064100 0.000000 0.097600 0.053300 0.064100 0.064700 0.087700 0.098500 0.064000 0.063000 0.075700 0.063600 0.109300 0.097600 0.074800 0.075600 0.086000 0.062800 0.076300 0.062900 0.085800 0.053300 0.097800 0.086000 0.075400 0.031200 0.075000 0.041900 0.052700 0.074600 0.098700 0.076300 0.086500 0.097600 0.031100 0.053300 0.075100 0.109600 0.063900 0.031200 0.063400 0.073200
Topi 0.052800 0.124400 0.108500 0.168000 0.074500 0.063600 0.052900 0.053600 0.120800 0.064600 0.053100 0.097600 0.000000 0.042200 0.052800 0.053500 0.088100 0.087500 0.030900 0.120800 0.042100 0.052300 0.086900 0.053300 0.062400 0.064100 0.010200 0.120000 0.064800 0.120100 0.086400 0.041800 0.064400 0.010200 0.042300 0.098500 0.041800 0.074500 0.063400 0.052900 0.076500 0.064900 0.064600 0.053300 0.086500 0.042200 0.062900 0.074900 0.052700 0.064300 0.121300 0.085200
CommonDuik 0.010400 0.101600 0.086200 0.144900 0.031400 0.020800 0.020900 0.010600 0.098200 0.065300 0.010400 0.053300 0.042200 0.000000 0.010400 0.010500 0.066000 0.065600 0.010400 0.098200 0.021100 0.031300 0.087800 0.076400 0.020800 0.020900 0.031200 0.097500 0.043100 0.097600 0.087300 0.000000 0.065100 0.031400 0.021100 0.064800 0.020900 0.031400 0.020800 0.075900 0.077300 0.021300 0.065300 0.076400 0.064600 0.000000 0.042400 0.075600 0.010400 0.021100 0.098600 0.085800
Suni 0.020800 0.113100 0.097300 0.156500 0.042000 0.031300 0.031500 0.021100 0.109400 0.076400 0.020900 0.064100 0.052800 0.010400 0.000000 0.021100 0.077100 0.076600 0.020800 0.109400 0.031600 0.041200 0.099000 0.087500 0.031000 0.031600 0.041900 0.108700 0.053100 0.108800 0.098500 0.010400 0.076100 0.041800 0.031600 0.075800 0.031300 0.042000 0.031200 0.087000 0.088500 0.032000 0.076400 0.087500 0.075500 0.010400 0.053000 0.086600 0.020800 0.031700 0.109900 0.096900
Springbuck 0.021100 0.114400 0.098100 0.158000 0.042500 0.031600 0.031800 0.021400 0.110300 0.077200 0.021100 0.064700 0.053500 0.010500 0.021100 0.000000 0.078000 0.077500 0.021100 0.110300 0.010500 0.042300 0.100000 0.088400 0.031700 0.010500 0.042400 0.109600 0.032400 0.109700 0.099400 0.010500 0.076900 0.042400 0.032000 0.076500 0.031700 0.042500 0.031600 0.087800 0.089500 0.010600 0.077200 0.088400 0.076200 0.010500 0.053700 0.087500 0.021100 0.032000 0.110900 0.097600
Okapi 0.077000 0.139100 0.134200 0.196500 0.065300 0.088200 0.088500 0.078000 0.147200 0.088900 0.077200 0.087700 0.088100 0.066000 0.077100 0.078000 0.000000 0.032400 0.077100 0.147200 0.089400 0.076400 0.088600 0.100200 0.088200 0.089300 0.099700 0.146200 0.078300 0.146200 0.088100 0.066000 0.065700 0.099700 0.089000 0.112100 0.088400 0.065300 0.088100 0.076500 0.125800 0.090000 0.088900 0.100200 0.111600 0.066000 0.112400 0.100400 0.076900 0.088500 0.147900 0.157800
Giraffe 0.076500 0.125800 0.157500 0.195200 0.076000 0.087600 0.087900 0.077500 0.170900 0.088400 0.076800 0.098500 0.087500 0.065600 0.076600 0.077500 0.032400 0.000000 0.076600 0.170900 0.088800 0.098800 0.111300 0.099600 0.087700 0.088700 0.099100 0.169700 0.066300 0.169700 0.110700 0.065600 0.088000 0.099100 0.088500 0.135300 0.087900 0.076000 0.087500 0.099000 0.125000 0.089500 0.088400 0.099600 0.134700 0.065600 0.111700 0.123400 0.076500 0.087900 0.171700 0.156700
TibetanAnt 0.020800 0.113000 0.074700 0.132200 0.041700 0.031300 0.020900 0.021100 0.086300 0.053800 0.020800 0.064000 0.030900 0.010400 0.020800 0.021100 0.077100 0.076600 0.000000 0.086300 0.031600 0.020600 0.075900 0.064700 0.031300 0.031600 0.020700 0.085800 0.053900 0.085800 0.075500 0.010300 0.053600 0.020700 0.031600 0.075800 0.031300 0.041400 0.030900 0.064300 0.065500 0.032000 0.053800 0.064700 0.075500 0.010400 0.031400 0.064100 0.020700 0.031700 0.086700 0.074300
Sitatunga 0.109100 0.160600 0.010100 0.204400 0.109100 0.097100 0.109400 0.087200 0.000000 0.109300 0.109400 0.063000 0.120800 0.098200 0.109400 0.110300 0.147200 0.170900 0.086300 0.000000 0.121900 0.085700 0.132800 0.120600 0.120600 0.121700 0.108800 0.020000 0.135200 0.020300 0.108500 0.098200 0.109100 0.108800 0.121300 0.074500 0.120800 0.109100 0.097200 0.097000 0.121600 0.122800 0.109300 0.120600 0.074300 0.098200 0.097700 0.133100 0.109200 0.074300 0.000000 0.051400
Oribi 0.031700 0.126200 0.109500 0.170000 0.052400 0.042300 0.042500 0.032100 0.121900 0.088500 0.031300 0.075700 0.042100 0.021100 0.031600 0.010500 0.089400 0.088800 0.031600 0.121900 0.000000 0.052900 0.111400 0.076500 0.041800 0.021000 0.031400 0.121000 0.043100 0.121100 0.110800 0.020900 0.088100 0.031100 0.042700 0.076400 0.020700 0.053100 0.042200 0.076000 0.101000 0.021300 0.088500 0.076500 0.064700 0.021100 0.064500 0.075700 0.031600 0.042800 0.122500 0.085900
BarbaryShe 0.020700 0.136300 0.074200 0.155000 0.041600 0.031100 0.041800 0.042400 0.085700 0.075600 0.020700 0.063600 0.052300 0.031300 0.041200 0.042300 0.076400 0.098800 0.020600 0.085700 0.052900 0.000000 0.075300 0.086600 0.031000 0.052800 0.041500 0.085200 0.075800 0.085300 0.075000 0.031000 0.053200 0.041500 0.052800 0.075200 0.030900 0.041000 0.052200 0.063800 0.087600 0.053400 0.075600 0.086600 0.075000 0.031300 0.052500 0.063600 0.041700 0.053000 0.086100 0.096100
Daviddeer 0.098800 0.175100 0.120300 0.219400 0.098600 0.098400 0.098900 0.088400 0.132800 0.042400 0.099100 0.109300 0.086900 0.087800 0.099000 0.100000 0.088600 0.111300 0.075900 0.132800 0.111400 0.075300 0.000000 0.053000 0.110100 0.111300 0.098300 0.131900 0.112700 0.132500 0.041300 0.087800 0.064500 0.098300 0.111000 0.122100 0.110300 0.098600 0.098400 0.052800 0.053600 0.112300 0.042400 0.053100 0.121500 0.087800 0.099100 0.098800 0.098800 0.109900 0.133900 0.143200
Reindeer 0.087300 0.137100 0.108400 0.180900 0.110200 0.087000 0.087400 0.077000 0.120600 0.010300 0.087600 0.097600 0.053300 0.076400 0.087500 0.088400 0.100200 0.099600 0.064700 0.120600 0.076500 0.086600 0.053000 0.000000 0.098500 0.099600 0.064300 0.119800 0.100700 0.120300 0.031200 0.076400 0.075700 0.064300 0.099300 0.098400 0.075700 0.110200 0.087000 0.020600 0.042600 0.100500 0.010400 0.000000 0.086400 0.076400 0.087500 0.087200 0.087300 0.075400 0.121600 0.084600
Ibex 0.010300 0.124600 0.108300 0.143800 0.030900 0.020700 0.042000 0.031700 0.120600 0.087400 0.010300 0.074800 0.062400 0.020800 0.031000 0.031700 0.088200 0.087700 0.031300 0.120600 0.041800 0.031000 0.110100 0.098500 0.000000 0.042200 0.052400 0.119800 0.064800 0.096900 0.109500 0.020800 0.087000 0.052400 0.042200 0.086800 0.020600 0.031000 0.041700 0.098000 0.099700 0.042700 0.087400 0.098500 0.086400 0.020800 0.063700 0.097500 0.010300 0.042300 0.121100 0.107800
GyrantGaze 0.031600 0.126000 0.109300 0.169800 0.053000 0.042300 0.042400 0.032100 0.121700 0.088400 0.031600 0.075600 0.064100 0.020900 0.031600 0.010500 0.089300 0.088700 0.031600 0.121700 0.021000 0.052800 0.111300 0.099600 0.042200 0.000000 0.052400 0.120900 0.042400 0.121000 0.110700 0.021000 0.088000 0.053000 0.042700 0.087700 0.042300 0.053000 0.042100 0.099000 0.100800 0.000000 0.088400 0.099600 0.087300 0.021000 0.064400 0.098600 0.031600 0.042800 0.122300 0.108800
Hartebeest 0.041900 0.136700 0.096800 0.155500 0.063300 0.052500 0.042000 0.042500 0.108800 0.075800 0.042300 0.086000 0.010200 0.031200 0.041900 0.042400 0.099700 0.099100 0.020700 0.108800 0.031400 0.041500 0.098300 0.064300 0.052400 0.052400 0.000000 0.108100 0.076000 0.108200 0.097800 0.031100 0.075500 0.000000 0.031400 0.086800 0.030800 0.063300 0.052400 0.063900 0.087900 0.053600 0.075800 0.064300 0.075000 0.031400 0.052700 0.063600 0.041800 0.053100 0.109300 0.073900
Bongo 0.108400 0.159600 0.030500 0.203400 0.108400 0.096500 0.108700 0.086700 0.020200 0.108500 0.108700 0.062800 0.120000 0.097500 0.108700 0.109600 0.146200 0.169700 0.085800 0.020000 0.121000 0.085200 0.131900 0.119800 0.119800 0.120900 0.108100 0.000000 0.134100 0.041000 0.107800 0.097500 0.108300 0.108100 0.120400 0.074100 0.120000 0.108400 0.096600 0.096400 0.121100 0.122000 0.108500 0.119800 0.073800 0.097500 0.097000 0.132300 0.108500 0.073900 0.020400 0.030100
Gerenuk 0.054100 0.102500 0.122400 0.197200 0.053600 0.065000 0.065200 0.054700 0.135200 0.089400 0.054100 0.076300 0.064800 0.043100 0.053100 0.032400 0.078300 0.066300 0.053900 0.135200 0.043100 0.075800 0.112700 0.100700 0.064800 0.042400 0.076000 0.134100 0.000000 0.134300 0.111900 0.043100 0.065900 0.076000 0.065600 0.112400 0.064900 0.053600 0.064400 0.100000 0.102000 0.043600 0.089400 0.100700 0.111900 0.043100 0.088000 0.123600 0.054000 0.065700 0.135900 0.121700
CommonElan 0.108500 0.159600 0.010100 0.178500 0.085800 0.096600 0.108800 0.086700 0.020300 0.109000 0.108800 0.062900 0.120100 0.097600 0.108800 0.109700 0.146200 0.169700 0.085800 0.020300 0.121100 0.085300 0.132500 0.120300 0.096900 0.121000 0.108200 0.041000 0.134300 0.000000 0.108300 0.097600 0.108800 0.108200 0.120500 0.074400 0.120100 0.085800 0.096700 0.096900 0.121600 0.122000 0.109000 0.120300 0.074200 0.097600 0.097100 0.132300 0.085900 0.074200 0.020300 0.051400
MuntiacusR 0.098200 0.148600 0.096600 0.192500 0.098100 0.097900 0.098400 0.088000 0.108500 0.020700 0.098500 0.085800 0.086400 0.087300 0.098500 0.099400 0.088100 0.110700 0.075500 0.108500 0.110800 0.075000 0.041300 0.031200 0.109500 0.110700 0.097800 0.107800 0.111900 0.108300 0.000000 0.087300 0.064100 0.097800 0.110300 0.098000 0.109800 0.098100 0.098000 0.031000 0.053300 0.111700 0.020800 0.031100 0.097600 0.087300 0.098500 0.098300 0.098300 0.086300 0.109400 0.118900
HarveysDui 0.010400 0.101600 0.086200 0.144900 0.031400 0.020800 0.020900 0.010600 0.098200 0.065300 0.010400 0.053300 0.041800 0.000000 0.010400 0.010500 0.066000 0.065600 0.010300 0.098200 0.020900 0.031000 0.087800 0.076400 0.020800 0.021000 0.031100 0.097500 0.043100 0.097600 0.087300 0.000000 0.065100 0.031400 0.021100 0.064800 0.020900 0.031400 0.020800 0.075900 0.077300 0.021300 0.065300 0.076400 0.064600 0.000000 0.042200 0.075600 0.010400 0.021100 0.098600 0.085800
Pronghorn 0.075900 0.149800 0.097000 0.193800 0.075800 0.086900 0.076000 0.076900 0.109100 0.064700 0.076100 0.097800 0.064400 0.065100 0.076100 0.076900 0.065700 0.088000 0.053600 0.109100 0.088100 0.053200 0.064500 0.075700 0.087000 0.088000 0.075500 0.108300 0.065900 0.108800 0.064100 0.065100 0.000000 0.075500 0.087700 0.110300 0.087200 0.075800 0.086900 0.052300 0.099800 0.088800 0.064700 0.075700 0.109800 0.065100 0.064900 0.075900 0.075900 0.086900 0.110000 0.119400
BlueWildeb 0.041900 0.136700 0.096800 0.155500 0.062900 0.052500 0.042000 0.042500 0.108800 0.075800 0.042200 0.086000 0.010200 0.031400 0.041800 0.042400 0.099700 0.099100 0.020700 0.108800 0.031100 0.041500 0.098300 0.064300 0.052400 0.053000 0.000000 0.108100 0.076000 0.108200 0.097800 0.031400 0.075500 0.000000 0.031400 0.086800 0.031200 0.063300 0.052400 0.063900 0.087900 0.053600 0.075800 0.064300 0.075000 0.031400 0.052700 0.063600 0.041800 0.053100 0.109300 0.073900
Gemsbok 0.031600 0.135700 0.108900 0.169200 0.053000 0.042100 0.042300 0.032000 0.121300 0.088100 0.031700 0.075400 0.042300 0.021100 0.031600 0.032000 0.089000 0.088500 0.031600 0.121300 0.042700 0.052800 0.111000 0.099300 0.042200 0.042700 0.031400 0.120400 0.065600 0.120500 0.110300 0.021100 0.087700 0.031400 0.000000 0.087400 0.042300 0.053000 0.042100 0.098700 0.100500 0.043000 0.088100 0.099300 0.087000 0.021100 0.064400 0.098300 0.031600 0.042600 0.121800 0.108400
Yak 0.075700 0.149500 0.063200 0.193500 0.075500 0.064100 0.087000 0.054000 0.074500 0.098700 0.075900 0.031200 0.098500 0.064800 0.075800 0.076500 0.112100 0.135300 0.075800 0.074500 0.076400 0.075200 0.122100 0.098400 0.086800 0.087700 0.086800 0.074100 0.112400 0.074400 0.098000 0.064800 0.110300 0.086800 0.087400 0.000000 0.075600 0.075500 0.064100 0.075300 0.111300 0.088400 0.098700 0.098400 0.010100 0.064800 0.087100 0.110500 0.075700 0.042100 0.075100 0.073800
BlueSheep 0.010300 0.124900 0.108500 0.168300 0.052600 0.020700 0.042000 0.031800 0.120800 0.087600 0.010300 0.075000 0.041800 0.020900 0.031300 0.031700 0.088400 0.087900 0.031300 0.120800 0.020700 0.030900 0.110300 0.075700 0.020600 0.042300 0.030800 0.120000 0.064900 0.120100 0.109800 0.020900 0.087200 0.031200 0.042300 0.075600 0.000000 0.052000 0.041800 0.075300 0.099900 0.042800 0.087600 0.075700 0.064100 0.020900 0.063800 0.075000 0.031300 0.042400 0.121400 0.085200
BohorReedb 0.042000 0.112100 0.097000 0.155800 0.000000 0.052600 0.052800 0.042500 0.109100 0.098900 0.042000 0.041900 0.074500 0.031400 0.042000 0.042500 0.065300 0.076000 0.041400 0.109100 0.053100 0.041000 0.098600 0.110200 0.031000 0.053000 0.063300 0.108400 0.053600 0.085800 0.098100 0.031400 0.075800 0.063300 0.053000 0.075500 0.052000 0.000000 0.052500 0.086600 0.111500 0.053600 0.098900 0.110200 0.075200 0.031400 0.074800 0.086200 0.020700 0.053200 0.109600 0.119500
KirksDik 0.031300 0.124400 0.085400 0.167900 0.052500 0.020600 0.041900 0.010400 0.097200 0.075900 0.031000 0.052700 0.063400 0.020800 0.031200 0.031600 0.088100 0.087500 0.030900 0.097200 0.042200 0.052200 0.098400 0.087000 0.041700 0.042100 0.052400 0.096600 0.064400 0.096700 0.098000 0.020800 0.086900 0.052400 0.042100 0.064100 0.041800 0.052500 0.000000 0.086500 0.088000 0.042600 0.075900 0.087000 0.063900 0.020600 0.041900 0.097500 0.031200 0.042300 0.097600 0.085000
RoeDeer 0.086800 0.136400 0.085300 0.180200 0.086600 0.086500 0.086900 0.076500 0.097000 0.031300 0.087000 0.074600 0.052900 0.075900 0.087000 0.087800 0.076500 0.099000 0.064300 0.097000 0.076000 0.063800 0.052800 0.020600 0.098000 0.099000 0.063900 0.096400 0.100000 0.096900 0.031000 0.075900 0.052300 0.063900 0.098700 0.075300 0.075300 0.086600 0.086500 0.000000 0.064200 0.099900 0.031000 0.020500 0.063800 0.075900 0.087000 0.064300 0.086800 0.075000 0.097800 0.084700
WhiteLippe 0.088400 0.138800 0.109700 0.182900 0.111500 0.088000 0.088400 0.077900 0.122000 0.031900 0.088600 0.098700 0.076500 0.077300 0.088500 0.089500 0.125800 0.125000 0.065500 0.121600 0.101000 0.087600 0.053600 0.042600 0.099700 0.100800 0.087900 0.121100 0.102000 0.121600 0.053300 0.077300 0.099800 0.087900 0.100500 0.111300 0.099900 0.111500 0.088000 0.064200 0.000000 0.101700 0.031900 0.042600 0.110800 0.077300 0.088600 0.123400 0.088300 0.076300 0.123000 0.109000
ThomsonGaz 0.031900 0.127100 0.110300 0.171200 0.053600 0.042600 0.042800 0.032300 0.122800 0.089100 0.032000 0.076300 0.064900 0.021300 0.032000 0.010600 0.090000 0.089500 0.032000 0.122800 0.021300 0.053400 0.112300 0.100500 0.042700 0.000000 0.053600 0.122000 0.043600 0.122000 0.111700 0.021300 0.088800 0.053600 0.043000 0.088400 0.042800 0.053600 0.042600 0.099900 0.101700 0.000000 0.089100 0.100500 0.088100 0.021300 0.065200 0.099500 0.031900 0.043100 0.123400 0.109700
MuntiacusC 0.076200 0.125400 0.097200 0.169000 0.098900 0.075900 0.076300 0.065900 0.109300 0.000000 0.076500 0.086500 0.064600 0.065300 0.076400 0.077200 0.088900 0.088400 0.053800 0.109300 0.088500 0.075600 0.042400 0.010400 0.087400 0.088400 0.075800 0.108500 0.089400 0.109000 0.020800 0.065300 0.064700 0.075800 0.088100 0.098700 0.087600 0.098900 0.075900 0.031000 0.031900 0.089100 0.000000 0.010400 0.097800 0.065300 0.076400 0.099200 0.076200 0.064500 0.110200 0.096700
WhiteTaile 0.087300 0.137100 0.108400 0.180900 0.110200 0.087000 0.087400 0.077000 0.120600 0.010300 0.087600 0.097600 0.053300 0.076400 0.087500 0.088400 0.100200 0.099600 0.064700 0.120600 0.076500 0.086600 0.053100 0.000000 0.098500 0.099600 0.064300 0.119800 0.100700 0.120300 0.031100 0.076400 0.075700 0.064300 0.099300 0.098400 0.075700 0.110200 0.087000 0.020500 0.042600 0.100500 0.010400 0.000000 0.086400 0.076400 0.087500 0.087200 0.087300 0.075400 0.121600 0.085100
Cattle 0.075300 0.148900 0.063000 0.192700 0.075200 0.063900 0.086700 0.053800 0.074300 0.098300 0.075600 0.031100 0.086500 0.064600 0.075500 0.076200 0.111600 0.134700 0.075500 0.074300 0.064700 0.075000 0.121500 0.086400 0.086400 0.087300 0.075000 0.073800 0.111900 0.074200 0.097600 0.064600 0.109800 0.075000 0.087000 0.010100 0.064100 0.075200 0.063900 0.063800 0.110800 0.088100 0.097800 0.086400 0.000000 0.064600 0.086800 0.098300 0.075400 0.042000 0.074800 0.061900
RoyalAntel 0.010400 0.101600 0.086200 0.144900 0.031400 0.020800 0.020900 0.010600 0.098200 0.065300 0.010400 0.053300 0.042200 0.000000 0.010400 0.010500 0.066000 0.065600 0.010400 0.098200 0.021100 0.031300 0.087800 0.076400 0.020800 0.021000 0.031400 0.097500 0.043100 0.097600 0.087300 0.000000 0.065100 0.031400 0.021100 0.064800 0.020900 0.031400 0.020600 0.075900 0.077300 0.021300 0.065300 0.076400 0.064600 0.000000 0.042400 0.075600 0.010400 0.021100 0.098600 0.085800
Steenbok 0.053100 0.125400 0.085800 0.144400 0.074800 0.042000 0.053100 0.031800 0.097700 0.076400 0.053100 0.075100 0.062900 0.042400 0.053000 0.053700 0.112400 0.111700 0.031400 0.097700 0.064500 0.052500 0.099100 0.087500 0.063700 0.064400 0.052700 0.097000 0.088000 0.097100 0.098500 0.042200 0.064900 0.052700 0.064400 0.087100 0.063800 0.074800 0.041900 0.087000 0.088600 0.065200 0.076400 0.087500 0.086800 0.042400 0.000000 0.098000 0.052900 0.064600 0.098100 0.085400
Impala 0.086400 0.188700 0.120500 0.207000 0.086200 0.097400 0.086500 0.087600 0.133100 0.099200 0.086700 0.109600 0.074900 0.075600 0.086600 0.087500 0.100400 0.123400 0.064100 0.133100 0.075700 0.063600 0.098800 0.087200 0.097500 0.098600 0.063600 0.132300 0.123600 0.132300 0.098300 0.075600 0.075900 0.063600 0.098300 0.110500 0.075000 0.086200 0.097500 0.064300 0.123400 0.099500 0.099200 0.087200 0.098300 0.075600 0.098000 0.000000 0.086400 0.098600 0.133700 0.119700
Klipspring 0.020800 0.112800 0.097100 0.132200 0.020700 0.031300 0.031400 0.021100 0.109200 0.076200 0.020800 0.063900 0.052700 0.010400 0.020800 0.021100 0.076900 0.076500 0.020700 0.109200 0.031600 0.041700 0.098800 0.087300 0.010300 0.031600 0.041800 0.108500 0.054000 0.085900 0.098300 0.010400 0.075900 0.041800 0.031600 0.075700 0.031300 0.020700 0.031200 0.086800 0.088300 0.031900 0.076200 0.087300 0.075400 0.010400 0.052900 0.086400 0.000000 0.031600 0.109700 0.096700
ForestMusk 0.031600 0.100700 0.062900 0.143800 0.053200 0.042200 0.042400 0.032100 0.074300 0.064500 0.031700 0.031200 0.064300 0.021100 0.031700 0.032000 0.088500 0.087900 0.031700 0.074300 0.042800 0.053000 0.109900 0.075400 0.042300 0.042800 0.053100 0.073900 0.065700 0.074200 0.086300 0.021100 0.086900 0.053100 0.042600 0.042100 0.042400 0.053200 0.042300 0.075000 0.076300 0.043100 0.064500 0.075400 0.042000 0.021100 0.064600 0.098600 0.031600 0.000000 0.074900 0.062700
Bushbuck 0.109700 0.161400 0.010100 0.205400 0.109600 0.097600 0.109900 0.087600 0.000000 0.110200 0.110000 0.063400 0.121300 0.098600 0.109900 0.110900 0.147900 0.171700 0.086700 0.000000 0.122500 0.086100 0.133900 0.121600 0.121100 0.122300 0.109300 0.020400 0.135900 0.020300 0.109400 0.098600 0.110000 0.109300 0.121800 0.075100 0.121400 0.109600 0.097600 0.097800 0.123000 0.123400 0.110200 0.121600 0.074800 0.098600 0.098100 0.133700 0.109700 0.074900 0.000000 0.051700
GreaterKud 0.096600 0.146700 0.040700 0.190100 0.119500 0.084900 0.096800 0.075100 0.051400 0.096700 0.096900 0.073200 0.085200 0.085800 0.096900 0.097600 0.157800 0.156700 0.074300 0.051400 0.085900 0.096100 0.143200 0.084600 0.107800 0.108800 0.073900 0.030100 0.121700 0.051400 0.118900 0.085800 0.119400 0.073900 0.108400 0.073800 0.085200 0.119500 0.085000 0.084700 0.109000 0.109700 0.096700 0.085100 0.061900 0.085800 0.085400 0.119700 0.096700 0.062700 0.051700 0.000000
