1
52 1
Argali 0.000000 0.241600 0.131000 0.270600 0.122700 0.000000 0.103000 0.106600 0.115700 0.151700 0.038000 0.064500 0.065600 0.159800 0.146200 0.103800 0.146500 0.150800 0.063100 0.115700 0.065400 0.000000 0.136100 0.149000 0.037800 0.092800 0.052000 0.129800 0.078800 0.141700 0.200800 0.190000 0.137800 0.051500 0.058300 0.051100 0.000000 0.108100 0.135900 0.182000 0.135800 0.093100 0.151700 0.121900 0.063900 0.078500 0.117000 0.090400 0.091000 0.103600 0.115700 0.128900
LesserMous 0.241600 0.000000 0.270000 0.235700 0.338400 0.241600 0.269600 0.313000 0.250600 0.265600 0.258500 0.226600 0.198300 0.304300 0.321900 0.303700 0.253700 0.296600 0.287100 0.250600 0.224700 0.241300 0.281400 0.260500 0.292100 0.296500 0.213600 0.235300 0.278600 0.247600 0.287800 0.339200 0.216600 0.212000 0.259600 0.209800 0.241500 0.319500 0.314100 0.336800 0.280700 0.297600 0.265600 0.264700 0.208100 0.278700 0.319600 0.254600 0.291300 0.272500 0.250600 0.265700
LesserKudu 0.131000 0.270000 0.000000 0.319800 0.210600 0.131000 0.156700 0.176300 0.035700 0.178500 0.174500 0.117300 0.147900 0.216700 0.217500 0.186600 0.115500 0.177700 0.172000 0.035700 0.147400 0.130800 0.178400 0.191300 0.174500 0.146900 0.133100 0.048000 0.161600 0.047400 0.228600 0.247800 0.195400 0.132300 0.146100 0.089700 0.131000 0.194600 0.223200 0.226200 0.178100 0.147400 0.178500 0.163600 0.088900 0.104000 0.200500 0.172200 0.159400 0.102000 0.035700 0.035600
KillerWhal 0.270600 0.235700 0.319800 0.000000 0.297600 0.270600 0.333500 0.307200 0.334900 0.261500 0.253300 0.238600 0.260100 0.371000 0.357100 0.282200 0.304000 0.297000 0.283300 0.334900 0.257700 0.270300 0.243100 0.256200 0.285800 0.292100 0.275900 0.318900 0.258300 0.368100 0.285600 0.406600 0.243300 0.274000 0.255800 0.255900 0.270600 0.314100 0.308300 0.295800 0.242500 0.293100 0.261500 0.226600 0.271100 0.274400 0.313400 0.318200 0.323000 0.285400 0.334900 0.352500
DefassaWat 0.122700 0.338400 0.210600 0.297600 0.000000 0.122700 0.149100 0.123400 0.192600 0.187800 0.137400 0.108200 0.109700 0.210700 0.211600 0.149600 0.229100 0.234300 0.164500 0.192600 0.109900 0.123000 0.170900 0.184200 0.136800 0.137500 0.095000 0.208400 0.124200 0.220600 0.241000 0.226700 0.188700 0.094000 0.109000 0.122900 0.123100 0.013000 0.169800 0.220000 0.170500 0.137400 0.187800 0.155800 0.136600 0.123500 0.148400 0.165600 0.164700 0.134500 0.192600 0.206800
Sheep 0.000000 0.241600 0.131000 0.270600 0.122700 0.000000 0.103000 0.106600 0.115700 0.151700 0.038000 0.064500 0.065600 0.159800 0.146200 0.103800 0.146500 0.150800 0.063100 0.115700 0.065400 0.000000 0.136100 0.149000 0.037800 0.092800 0.052000 0.129800 0.078800 0.141700 0.200800 0.190000 0.137800 0.051500 0.064600 0.051100 0.000000 0.108100 0.135900 0.182000 0.135800 0.093100 0.151700 0.121900 0.063900 0.078500 0.117000 0.090400 0.091000 0.103600 0.115700 0.128900
MaxwellsDu 0.103000 0.269600 0.156700 0.333500 0.149100 0.103000 0.000000 0.132800 0.169600 0.209200 0.145500 0.117200 0.091400 0.074900 0.172300 0.101600 0.172500 0.208400 0.142800 0.169600 0.091100 0.103300 0.192600 0.175400 0.145200 0.118700 0.077700 0.184200 0.104500 0.139400 0.261000 0.101700 0.195300 0.076900 0.117400 0.103200 0.103400 0.134500 0.147600 0.208300 0.192300 0.119100 0.209200 0.177800 0.116200 0.103900 0.142800 0.143800 0.130500 0.128900 0.169600 0.154300
GazellaPrz 0.106600 0.313000 0.176300 0.307200 0.123400 0.106600 0.132800 0.000000 0.159700 0.152800 0.120300 0.092100 0.122800 0.192800 0.161900 0.104600 0.193400 0.199300 0.147500 0.159700 0.065900 0.106500 0.151000 0.163900 0.120400 0.079600 0.108100 0.174600 0.079400 0.186600 0.202200 0.223900 0.169200 0.107600 0.121600 0.091900 0.106500 0.108700 0.136900 0.197700 0.150600 0.079800 0.152800 0.136600 0.105700 0.093300 0.117800 0.119300 0.119100 0.118800 0.159700 0.173300
MountainNy 0.115700 0.250600 0.035700 0.334900 0.192600 0.115700 0.169600 0.159700 0.000000 0.161500 0.158000 0.102400 0.131900 0.230200 0.200100 0.170100 0.128300 0.160900 0.155800 0.000000 0.131400 0.115600 0.161600 0.174200 0.158000 0.131100 0.117600 0.011600 0.145300 0.034900 0.209800 0.261600 0.177900 0.116800 0.130300 0.075300 0.115700 0.177100 0.205000 0.207800 0.161300 0.131500 0.161500 0.147100 0.074600 0.116800 0.183700 0.156100 0.143500 0.114600 0.000000 0.023300
MuntiacusM 0.151700 0.265600 0.178500 0.261500 0.187800 0.151700 0.209200 0.152800 0.161500 0.000000 0.181900 0.122200 0.170200 0.275000 0.243000 0.193800 0.134300 0.138400 0.194600 0.161500 0.153900 0.151600 0.052500 0.065300 0.181600 0.153200 0.154300 0.176900 0.168700 0.189100 0.039600 0.308800 0.094900 0.153400 0.137900 0.108000 0.151700 0.203300 0.232700 0.094000 0.052400 0.153800 0.000000 0.039000 0.106900 0.138000 0.208100 0.164400 0.181400 0.134700 0.161500 0.175600
goat 0.038000 0.258500 0.174500 0.253300 0.137400 0.038000 0.145500 0.120300 0.158000 0.181900 0.000000 0.077600 0.079500 0.205400 0.190600 0.117200 0.191200 0.196900 0.103500 0.158000 0.078800 0.037900 0.165600 0.178600 0.025100 0.106400 0.093200 0.172800 0.092400 0.184900 0.233000 0.236300 0.167500 0.092500 0.078500 0.091400 0.038000 0.122500 0.149900 0.212900 0.165300 0.106800 0.181900 0.151100 0.104600 0.092300 0.130300 0.132000 0.133100 0.117400 0.158000 0.171600
AfricanBuf 0.064500 0.226600 0.117300 0.238600 0.108200 0.064500 0.117200 0.092100 0.102400 0.122200 0.077600 0.000000 0.079400 0.175100 0.161000 0.089900 0.132600 0.136400 0.103800 0.102400 0.051800 0.064400 0.107400 0.120100 0.077600 0.078600 0.065600 0.116300 0.065000 0.128400 0.169600 0.205000 0.108400 0.065100 0.078400 0.038100 0.064500 0.093800 0.120800 0.151500 0.107100 0.078900 0.122200 0.093400 0.050800 0.064900 0.102800 0.104000 0.104800 0.050400 0.102400 0.115500
Topi 0.065600 0.198300 0.147900 0.260100 0.109700 0.065600 0.091400 0.122800 0.131900 0.170200 0.079500 0.079400 0.000000 0.148400 0.119900 0.119800 0.164100 0.166000 0.105600 0.131900 0.080600 0.065600 0.154000 0.137100 0.107400 0.105800 0.012800 0.146600 0.094500 0.130300 0.221700 0.162400 0.155700 0.012800 0.079900 0.065500 0.065600 0.095000 0.138100 0.201400 0.153700 0.106500 0.170200 0.139300 0.078700 0.094400 0.118800 0.105800 0.101700 0.105800 0.131900 0.145500
CommonDuik 0.159800 0.304300 0.216700 0.371000 0.210700 0.159800 0.074900 0.192800 0.230200 0.275000 0.205400 0.175100 0.148400 0.000000 0.202700 0.157500 0.234000 0.274400 0.201600 0.230200 0.148000 0.160300 0.240700 0.206100 0.174900 0.177600 0.133800 0.245700 0.162100 0.196800 0.331400 0.024300 0.260800 0.132400 0.175400 0.159900 0.160400 0.195100 0.177700 0.274300 0.256300 0.178200 0.275000 0.241000 0.173500 0.161000 0.172100 0.203100 0.174400 0.186800 0.230200 0.213200
Suni 0.146200 0.321900 0.217500 0.357100 0.211600 0.146200 0.172300 0.161900 0.200100 0.243000 0.190600 0.161000 0.119900 0.202700 0.000000 0.202600 0.234900 0.241400 0.187700 0.200100 0.163200 0.146000 0.224300 0.175700 0.160800 0.160200 0.105600 0.215500 0.177700 0.197800 0.297800 0.201500 0.244300 0.104900 0.161700 0.117000 0.146100 0.195500 0.207600 0.238900 0.223900 0.160800 0.243000 0.209100 0.145200 0.131100 0.128900 0.129300 0.159000 0.158300 0.200100 0.214200
Springbuck 0.103800 0.303700 0.186600 0.282200 0.149600 0.103800 0.101600 0.104600 0.170100 0.193800 0.117200 0.089900 0.119800 0.157500 0.202600 0.000000 0.203300 0.209100 0.143800 0.170100 0.063900 0.103700 0.177800 0.190900 0.117200 0.091000 0.105500 0.184900 0.050200 0.197000 0.244500 0.186500 0.179800 0.104800 0.118400 0.103700 0.103800 0.134800 0.091100 0.192800 0.177500 0.091300 0.193800 0.163200 0.116700 0.104500 0.114900 0.116400 0.130900 0.129500 0.170100 0.183800
Okapi 0.146500 0.253700 0.115500 0.304000 0.229100 0.146500 0.172500 0.193400 0.128300 0.134300 0.191200 0.132600 0.164100 0.234000 0.234900 0.203300 0.000000 0.063400 0.188200 0.128300 0.163700 0.146300 0.134100 0.146900 0.191200 0.163000 0.148900 0.142500 0.178200 0.126600 0.181500 0.266000 0.150100 0.148000 0.162100 0.104200 0.146400 0.212600 0.241700 0.179300 0.133900 0.163600 0.134300 0.120000 0.089600 0.118900 0.217500 0.173500 0.175600 0.116500 0.128300 0.113900
Giraffe 0.150800 0.296600 0.177700 0.297000 0.234300 0.150800 0.208400 0.199300 0.160900 0.138400 0.196900 0.136400 0.166000 0.274400 0.241400 0.209100 0.063400 0.000000 0.193600 0.160900 0.168700 0.150600 0.138200 0.151200 0.196800 0.168000 0.150200 0.176100 0.183700 0.188500 0.187200 0.307900 0.154600 0.150300 0.166900 0.107200 0.150800 0.217100 0.248500 0.184600 0.137900 0.168600 0.138400 0.123600 0.092100 0.152500 0.223300 0.178300 0.180300 0.148700 0.160900 0.174900
TibetanAnt 0.063100 0.287100 0.172000 0.283300 0.164500 0.063100 0.142800 0.147500 0.155800 0.194600 0.103500 0.103800 0.105600 0.201600 0.187700 0.143800 0.188200 0.193600 0.000000 0.155800 0.105300 0.063200 0.178500 0.191300 0.103200 0.133400 0.091600 0.170400 0.119000 0.182500 0.245900 0.233100 0.180400 0.090600 0.104000 0.090000 0.063300 0.149500 0.177800 0.226100 0.178100 0.133900 0.194600 0.163800 0.102900 0.118400 0.128800 0.130000 0.131100 0.143600 0.155800 0.169300
Sitatunga 0.115700 0.250600 0.035700 0.334900 0.192600 0.115700 0.169600 0.159700 0.000000 0.161500 0.158000 0.102400 0.131900 0.230200 0.200100 0.170100 0.128300 0.160900 0.155800 0.000000 0.131400 0.115600 0.161600 0.174200 0.158000 0.131100 0.117600 0.011600 0.145300 0.034900 0.209800 0.261600 0.177900 0.116800 0.130300 0.075300 0.115700 0.177100 0.205000 0.207800 0.161300 0.131500 0.161500 0.147100 0.074600 0.116800 0.183700 0.156100 0.143500 0.114600 0.000000 0.023300
Oribi 0.065400 0.224700 0.147400 0.257700 0.109900 0.065400 0.091100 0.065900 0.131400 0.153900 0.078800 0.051800 0.080600 0.148000 0.163200 0.063900 0.163700 0.168700 0.105300 0.131400 0.000000 0.065300 0.138100 0.151100 0.078700 0.052400 0.066500 0.146000 0.038900 0.158100 0.204000 0.177500 0.139600 0.066100 0.079600 0.065300 0.065400 0.095200 0.094000 0.184400 0.137800 0.052600 0.153900 0.123600 0.078400 0.065900 0.077000 0.105600 0.106300 0.091300 0.131400 0.145000
BarbaryShe 0.000000 0.241300 0.130800 0.270300 0.123000 0.000000 0.103300 0.106500 0.115600 0.151600 0.037900 0.064400 0.065600 0.160300 0.146000 0.103700 0.146300 0.150600 0.063200 0.115600 0.065300 0.000000 0.135800 0.148900 0.037900 0.092700 0.052000 0.129600 0.078800 0.141600 0.200600 0.189800 0.137600 0.051600 0.064800 0.051000 0.000100 0.108400 0.135700 0.181800 0.135500 0.093000 0.151600 0.121800 0.063800 0.078700 0.116800 0.090300 0.090900 0.103900 0.115600 0.128700
Daviddeer 0.136100 0.281400 0.178400 0.243100 0.170900 0.136100 0.192600 0.151000 0.161600 0.052500 0.165600 0.107400 0.154000 0.240700 0.224300 0.177800 0.134100 0.138200 0.178500 0.161600 0.138100 0.135800 0.000000 0.038200 0.165300 0.152900 0.138400 0.177000 0.152700 0.189400 0.095500 0.272900 0.108700 0.137600 0.122600 0.092800 0.135900 0.186000 0.215000 0.065300 0.025400 0.153500 0.052500 0.012700 0.106800 0.137700 0.191700 0.178700 0.149000 0.134500 0.161600 0.175700
Reindeer 0.149000 0.260500 0.191300 0.256200 0.184200 0.149000 0.175400 0.163900 0.174200 0.065300 0.178600 0.120100 0.137100 0.206100 0.175700 0.190900 0.146900 0.151200 0.191300 0.174200 0.151100 0.148900 0.038200 0.000000 0.148500 0.166000 0.122100 0.189700 0.165600 0.172300 0.108500 0.236900 0.121600 0.121400 0.135400 0.105500 0.149000 0.199400 0.228300 0.078000 0.038100 0.166600 0.065300 0.025300 0.119500 0.150700 0.174500 0.191800 0.147400 0.147200 0.174200 0.188400
Ibex 0.037800 0.292100 0.174500 0.285800 0.136800 0.037800 0.145200 0.120400 0.158000 0.181600 0.025100 0.077600 0.107400 0.174900 0.160800 0.117200 0.191200 0.196800 0.103200 0.158000 0.078700 0.037900 0.165300 0.148500 0.000000 0.106400 0.093100 0.172700 0.092200 0.184800 0.232400 0.205900 0.167600 0.092200 0.078200 0.091400 0.038000 0.122000 0.150100 0.213000 0.165000 0.106800 0.181600 0.150800 0.104500 0.091800 0.102900 0.132100 0.118900 0.117000 0.158000 0.171600
GyrantGaze 0.092800 0.296500 0.146900 0.292100 0.137500 0.092800 0.118700 0.079600 0.131100 0.153200 0.106400 0.078600 0.105800 0.177600 0.160200 0.091000 0.163000 0.168000 0.133400 0.131100 0.052400 0.092700 0.152900 0.166000 0.106400 0.000000 0.090900 0.145600 0.065900 0.157600 0.203000 0.207700 0.169900 0.091700 0.093600 0.078900 0.092700 0.122300 0.122200 0.200200 0.152600 0.000000 0.153200 0.138300 0.078100 0.051300 0.103900 0.133700 0.120300 0.090800 0.131100 0.144500
Hartebeest 0.052000 0.213600 0.133100 0.275900 0.095000 0.052000 0.077700 0.108100 0.117600 0.154300 0.093200 0.065600 0.012800 0.133800 0.105600 0.105500 0.148900 0.150200 0.091600 0.117600 0.066500 0.052000 0.138400 0.122100 0.093100 0.090900 0.000000 0.131900 0.080200 0.116100 0.204400 0.147800 0.140100 0.000100 0.066000 0.051900 0.052000 0.080700 0.123200 0.185000 0.138100 0.091700 0.154300 0.123900 0.064900 0.080100 0.104700 0.091800 0.087000 0.091700 0.117600 0.131000
Bongo 0.129800 0.235300 0.048000 0.318900 0.208400 0.129800 0.184200 0.174600 0.011600 0.176900 0.172800 0.116300 0.146600 0.245700 0.215500 0.184900 0.142500 0.176100 0.170400 0.011600 0.146000 0.129600 0.177000 0.189700 0.172700 0.145600 0.131900 0.000000 0.160200 0.047000 0.195000 0.277500 0.193500 0.131000 0.144700 0.088600 0.129700 0.192600 0.220700 0.224000 0.176700 0.146100 0.176900 0.162200 0.087900 0.131100 0.198600 0.170600 0.158000 0.128500 0.011100 0.035200
Gerenuk 0.078800 0.278600 0.161600 0.258300 0.124200 0.078800 0.104500 0.079400 0.145300 0.168700 0.092400 0.065000 0.094500 0.162100 0.177700 0.050200 0.178200 0.183700 0.119000 0.145300 0.038900 0.078800 0.152700 0.165600 0.092200 0.065900 0.080200 0.160200 0.000000 0.172200 0.219600 0.191700 0.154200 0.079600 0.093300 0.078800 0.078800 0.109300 0.107800 0.199600 0.152400 0.066100 0.168700 0.138100 0.091900 0.079500 0.090300 0.119300 0.120200 0.104800 0.145300 0.159000
CommonElan 0.141700 0.247600 0.047400 0.368100 0.220600 0.141700 0.139400 0.186600 0.034900 0.189100 0.184900 0.128400 0.130300 0.196800 0.197800 0.197000 0.126600 0.188500 0.182500 0.034900 0.158100 0.141600 0.189400 0.172300 0.184800 0.157600 0.116100 0.047000 0.172200 0.000000 0.238800 0.226500 0.205900 0.115300 0.156700 0.099900 0.141700 0.204700 0.232800 0.236700 0.189100 0.158200 0.189100 0.174500 0.099700 0.115200 0.210700 0.182700 0.170300 0.113000 0.034900 0.011400
MuntiacusR 0.200800 0.287800 0.228600 0.285600 0.241000 0.200800 0.261000 0.202200 0.209800 0.039600 0.233000 0.169600 0.221700 0.331400 0.297800 0.244500 0.181500 0.187200 0.245900 0.209800 0.204000 0.200600 0.095500 0.108500 0.232400 0.203000 0.204400 0.195000 0.219600 0.238800 0.000000 0.367300 0.140900 0.203200 0.186500 0.154400 0.200800 0.257400 0.252600 0.139600 0.095300 0.203700 0.039600 0.081100 0.152700 0.186700 0.259600 0.213500 0.232300 0.181900 0.209800 0.224700
HarveysDui 0.190000 0.339200 0.247800 0.406600 0.226700 0.190000 0.101700 0.223900 0.261600 0.308800 0.236300 0.205000 0.162400 0.024300 0.201500 0.186500 0.266000 0.307900 0.233100 0.261600 0.177500 0.189800 0.272900 0.236900 0.205900 0.207700 0.147800 0.277500 0.191700 0.226500 0.367300 0.000000 0.294800 0.146900 0.206200 0.189200 0.189900 0.211000 0.147200 0.273800 0.289000 0.208400 0.308800 0.273300 0.203100 0.191400 0.171200 0.234000 0.204200 0.186500 0.261600 0.243600
Pronghorn 0.137800 0.216600 0.195400 0.243300 0.188700 0.137800 0.195300 0.169200 0.177900 0.094900 0.167500 0.108400 0.155700 0.260800 0.244300 0.179800 0.150100 0.154600 0.180400 0.177900 0.139600 0.137600 0.108700 0.121600 0.167600 0.169900 0.140100 0.193500 0.154200 0.205900 0.140900 0.294800 0.000000 0.139300 0.153800 0.108400 0.137800 0.172400 0.218200 0.153400 0.108400 0.170600 0.094900 0.094500 0.122100 0.154200 0.194200 0.150600 0.167600 0.150600 0.177900 0.192100
BlueWildeb 0.051500 0.212000 0.132300 0.274000 0.094000 0.051500 0.076900 0.107600 0.116800 0.153400 0.092500 0.065100 0.012800 0.132400 0.104900 0.104800 0.148000 0.150300 0.090600 0.116800 0.066100 0.051600 0.137600 0.121400 0.092200 0.091700 0.000100 0.131000 0.079600 0.115300 0.203200 0.146900 0.139300 0.000000 0.065300 0.051600 0.051700 0.079900 0.122400 0.183900 0.137300 0.091300 0.153400 0.123200 0.064500 0.079200 0.104000 0.091200 0.088400 0.090700 0.116800 0.130100
Gemsbok 0.058300 0.259600 0.146100 0.255800 0.109000 0.064600 0.117400 0.121600 0.130300 0.137900 0.078500 0.078400 0.079900 0.175400 0.161700 0.118400 0.162100 0.166900 0.104000 0.130300 0.079600 0.064800 0.122600 0.135400 0.078200 0.093600 0.066000 0.144700 0.093300 0.156700 0.186500 0.206200 0.153800 0.065300 0.000000 0.064800 0.064900 0.123300 0.151500 0.167800 0.122300 0.094000 0.137900 0.108400 0.077700 0.092900 0.131700 0.104700 0.105400 0.118200 0.130300 0.143700
Yak 0.051100 0.209800 0.089700 0.255900 0.122900 0.051100 0.103200 0.091900 0.075300 0.108000 0.091400 0.038100 0.065500 0.159900 0.117000 0.103700 0.104200 0.107200 0.090000 0.075300 0.065300 0.051000 0.092800 0.105500 0.091400 0.078900 0.051900 0.088600 0.078800 0.099900 0.154400 0.189200 0.108400 0.051600 0.064800 0.000000 0.051100 0.108200 0.135500 0.135900 0.092600 0.079200 0.108000 0.079100 0.025000 0.065200 0.116700 0.090200 0.076900 0.063700 0.075300 0.088000
BlueSheep 0.000000 0.241500 0.131000 0.270600 0.123100 0.000000 0.103400 0.106500 0.115700 0.151700 0.038000 0.064500 0.065600 0.160400 0.146100 0.103800 0.146400 0.150800 0.063300 0.115700 0.065400 0.000100 0.135900 0.149000 0.038000 0.092700 0.052000 0.129700 0.078800 0.141700 0.200800 0.189900 0.137800 0.051700 0.064900 0.051100 0.000000 0.108500 0.135800 0.181900 0.135600 0.093100 0.151700 0.121900 0.063900 0.078700 0.116900 0.090400 0.091000 0.104000 0.115700 0.128900
BohorReedb 0.108100 0.319500 0.194600 0.314100 0.013000 0.108100 0.134500 0.108700 0.177100 0.203300 0.122500 0.093800 0.095000 0.195100 0.195500 0.134800 0.212600 0.217100 0.149500 0.177100 0.095200 0.108400 0.186000 0.199400 0.122000 0.122300 0.080700 0.192600 0.109300 0.204700 0.257400 0.211000 0.172400 0.079900 0.123300 0.108200 0.108500 0.000000 0.154200 0.236200 0.185600 0.122100 0.203300 0.170800 0.121800 0.108700 0.133800 0.150500 0.149200 0.120000 0.177100 0.191100
KirksDik 0.135900 0.314100 0.223200 0.308300 0.169800 0.135900 0.147600 0.136900 0.205000 0.232700 0.149900 0.120800 0.138100 0.177700 0.207600 0.091100 0.241700 0.248500 0.177800 0.205000 0.094000 0.135700 0.215000 0.228300 0.150100 0.122200 0.123200 0.220700 0.107800 0.232800 0.252600 0.147200 0.218200 0.122400 0.151500 0.135500 0.135800 0.154200 0.000000 0.215600 0.214500 0.122700 0.232700 0.199600 0.149200 0.136700 0.117700 0.178300 0.162200 0.132700 0.205000 0.219200
RoeDeer 0.182000 0.336800 0.226200 0.295800 0.220000 0.182000 0.208300 0.197700 0.207800 0.094000 0.212900 0.151500 0.201400 0.274300 0.238900 0.192800 0.179300 0.184600 0.226100 0.207800 0.184400 0.181800 0.065300 0.078000 0.213000 0.200200 0.185000 0.224000 0.199600 0.236700 0.139600 0.273800 0.153400 0.183900 0.167800 0.135900 0.181900 0.236200 0.215600 0.000000 0.065200 0.200900 0.094000 0.052000 0.150600 0.184000 0.240100 0.192900 0.179500 0.179800 0.207800 0.222600
WhiteLippe 0.135800 0.280700 0.178100 0.242500 0.170500 0.135800 0.192300 0.150600 0.161300 0.052400 0.165300 0.107100 0.153700 0.256300 0.223900 0.177500 0.133900 0.137900 0.178100 0.161300 0.137800 0.135500 0.025400 0.038100 0.165000 0.152600 0.138100 0.176700 0.152400 0.189100 0.095300 0.289000 0.108400 0.137300 0.122300 0.092600 0.135600 0.185600 0.214500 0.065200 0.000000 0.153200 0.052400 0.012700 0.106600 0.137500 0.161100 0.178300 0.148800 0.134200 0.161300 0.175400
ThomsonGaz 0.093100 0.297600 0.147400 0.293100 0.137400 0.093100 0.119100 0.079800 0.131500 0.153800 0.106800 0.078900 0.106500 0.178200 0.160800 0.091300 0.163600 0.168600 0.133900 0.131500 0.052600 0.093000 0.153500 0.166600 0.106800 0.000000 0.091700 0.146100 0.066100 0.158200 0.203700 0.208400 0.170600 0.091300 0.094000 0.079200 0.093100 0.122100 0.122700 0.200900 0.153200 0.000000 0.153800 0.138800 0.078400 0.051500 0.104300 0.134200 0.120700 0.091200 0.131500 0.145000
MuntiacusC 0.151700 0.265600 0.178500 0.261500 0.187800 0.151700 0.209200 0.152800 0.161500 0.000000 0.181900 0.122200 0.170200 0.275000 0.243000 0.193800 0.134300 0.138400 0.194600 0.161500 0.153900 0.151600 0.052500 0.065300 0.181600 0.153200 0.154300 0.176900 0.168700 0.189100 0.039600 0.308800 0.094900 0.153400 0.137900 0.108000 0.151700 0.203300 0.232700 0.094000 0.052400 0.153800 0.000000 0.039000 0.106900 0.138000 0.208100 0.164400 0.181400 0.134700 0.161500 0.175600
WhiteTaile 0.121900 0.264700 0.163600 0.226600 0.155800 0.121900 0.177800 0.136600 0.147100 0.039000 0.151100 0.093400 0.139300 0.241000 0.209100 0.163200 0.120000 0.123600 0.163800 0.147100 0.123600 0.121800 0.012700 0.025300 0.150800 0.138300 0.123900 0.162200 0.138100 0.174500 0.081100 0.273300 0.094500 0.123200 0.108400 0.079100 0.121900 0.170800 0.199600 0.052000 0.012700 0.138800 0.039000 0.000000 0.092900 0.123300 0.177100 0.163900 0.134700 0.120300 0.147100 0.161000
Cattle 0.063900 0.208100 0.088900 0.271100 0.136600 0.063900 0.116200 0.105700 0.074600 0.106900 0.104600 0.050800 0.078700 0.173500 0.145200 0.116700 0.089600 0.092100 0.102900 0.074600 0.078400 0.063800 0.106800 0.119500 0.104500 0.078100 0.064900 0.087900 0.091900 0.099700 0.152700 0.203100 0.122100 0.064500 0.077700 0.025000 0.063900 0.121800 0.149200 0.150600 0.106600 0.078400 0.106900 0.092900 0.000000 0.064500 0.129800 0.103100 0.090300 0.063100 0.074600 0.087300
RoyalAntel 0.078500 0.278700 0.104000 0.274400 0.123500 0.078500 0.103900 0.093300 0.116800 0.138000 0.092300 0.064900 0.094400 0.161000 0.131100 0.104500 0.118900 0.152500 0.118400 0.116800 0.065900 0.078700 0.137700 0.150700 0.091800 0.051300 0.080100 0.131100 0.079500 0.115200 0.186700 0.191400 0.154200 0.079200 0.092900 0.065200 0.078700 0.108700 0.136700 0.184000 0.137500 0.051500 0.138000 0.123300 0.064500 0.000000 0.117600 0.119200 0.106000 0.050500 0.116800 0.102400
Steenbok 0.117000 0.319600 0.200500 0.313400 0.148400 0.117000 0.142800 0.117800 0.183700 0.208100 0.130300 0.102800 0.118800 0.172100 0.128900 0.114900 0.217500 0.223300 0.128800 0.183700 0.077000 0.116800 0.191700 0.174500 0.102900 0.103900 0.104700 0.198600 0.090300 0.210700 0.259600 0.171200 0.194200 0.104000 0.131700 0.116700 0.116900 0.133800 0.117700 0.240100 0.161100 0.104300 0.208100 0.177100 0.129800 0.117600 0.000000 0.157700 0.144400 0.114500 0.183700 0.197400
Impala 0.090400 0.254600 0.172200 0.318200 0.165600 0.090400 0.143800 0.119300 0.156100 0.164400 0.132000 0.104000 0.105800 0.203100 0.129300 0.116400 0.173500 0.178300 0.130000 0.156100 0.105600 0.090300 0.178700 0.191800 0.132100 0.133700 0.091800 0.170600 0.119300 0.182700 0.213500 0.234000 0.150600 0.091200 0.104700 0.090200 0.090400 0.150500 0.178300 0.192900 0.178300 0.134200 0.164400 0.163900 0.103100 0.119200 0.157700 0.000000 0.131500 0.144500 0.156100 0.169600
Klipspring 0.091000 0.291300 0.159400 0.323000 0.164700 0.091000 0.130500 0.119100 0.143500 0.181400 0.133100 0.104800 0.101700 0.174400 0.159000 0.130900 0.175600 0.180300 0.131100 0.143500 0.106300 0.090900 0.149000 0.147400 0.118900 0.120300 0.087000 0.158000 0.120200 0.170300 0.232300 0.204200 0.167600 0.088400 0.105400 0.076900 0.091000 0.149200 0.162200 0.179500 0.148800 0.120700 0.181400 0.134700 0.090300 0.106000 0.144400 0.131500 0.000000 0.131400 0.143500 0.157100
ForestMusk 0.103600 0.272500 0.102000 0.285400 0.134500 0.103600 0.128900 0.118800 0.114600 0.134700 0.117400 0.050400 0.105800 0.186800 0.158300 0.129500 0.116500 0.148700 0.143600 0.114600 0.091300 0.103900 0.134500 0.147200 0.117000 0.090800 0.091700 0.128500 0.104800 0.113000 0.181900 0.186500 0.150600 0.090700 0.118200 0.063700 0.104000 0.120000 0.132700 0.179800 0.134200 0.091200 0.134700 0.120300 0.063100 0.050500 0.114500 0.144500 0.131400 0.000000 0.114600 0.100500
Bushbuck 0.115700 0.250600 0.035700 0.334900 0.192600 0.115700 0.169600 0.159700 0.000000 0.161500 0.158000 0.102400 0.131900 0.230200 0.200100 0.170100 0.128300 0.160900 0.155800 0.000000 0.131400 0.115600 0.161600 0.174200 0.158000 0.131100 0.117600 0.011100 0.145300 0.034900 0.209800 0.261600 0.177900 0.116800 0.130300 0.075300 0.115700 0.177100 0.205000 0.207800 0.161300 0.131500 0.161500 0.147100 0.074600 0.116800 0.183700 0.156100 0.143500 0.114600 0.000000 0.023300
GreaterKud 0.128900 0.265700 0.035600 0.352500 0.206800 0.128900 0.154300 0.173300 0.023300 0.175600 0.171600 0.115500 0.145500 0.213200 0.214200 0.183800 0.113900 0.174900 0.169300 0.023300 0.145000 0.128700 0.175700 0.188400 0.171600 0.144500 0.131000 0.035200 0.159000 0.011400 0.224700 0.243600 0.192100 0.130100 0.143700 0.088000 0.128900 0.191100 0.219200 0.222600 0.175400 0.145000 0.175600 0.161000 0.087300 0.102400 0.197400 0.169600 0.157100 0.100500 0.023300 0.000000
