1
52 1
Argali 0.000000 0.094400 0.029800 0.062000 0.014800 0.000000 0.044900 0.029500 0.030000 0.034900 0.014700 0.024700 0.015700 0.034600 0.029900 0.029700 0.039800 0.029600 0.009700 0.030000 0.034600 0.029500 0.044800 0.040000 0.014700 0.029700 0.021000 0.030000 0.039700 0.040100 0.029800 0.034600 0.050200 0.020900 0.024800 0.024700 0.014700 0.014800 0.040000 0.032600 0.045000 0.029700 0.029900 0.029600 0.024700 0.024500 0.029600 0.082000 0.029700 0.029800 0.029800 0.030000
LesserMous 0.094400 0.000000 0.094600 0.106300 0.083300 0.094400 0.107700 0.100500 0.095000 0.100100 0.099800 0.088600 0.086600 0.096600 0.089600 0.095700 0.099900 0.088400 0.088400 0.095000 0.100700 0.102500 0.110600 0.111500 0.099800 0.095700 0.092500 0.095000 0.106700 0.100600 0.094400 0.096600 0.094400 0.092500 0.094300 0.088800 0.099900 0.083300 0.100600 0.103600 0.111100 0.095700 0.094900 0.105300 0.088800 0.094800 0.109400 0.127800 0.099900 0.100300 0.094600 0.095000
LesserKudu 0.029800 0.094600 0.000000 0.050800 0.019600 0.029800 0.052000 0.030000 0.000000 0.024500 0.034700 0.004800 0.025000 0.041400 0.029800 0.036100 0.029400 0.019400 0.019500 0.000000 0.040800 0.047000 0.049700 0.029800 0.034700 0.036100 0.030100 0.000000 0.046200 0.009800 0.019500 0.041400 0.055500 0.030100 0.029600 0.004900 0.034800 0.019600 0.040000 0.022300 0.049900 0.036100 0.019600 0.029700 0.004900 0.025100 0.040600 0.081100 0.029500 0.029600 0.000000 0.000000
KillerWhal 0.062000 0.106300 0.050800 0.000000 0.050900 0.062000 0.084800 0.062600 0.051000 0.056000 0.067000 0.045400 0.056700 0.073800 0.061800 0.067700 0.061200 0.050500 0.050500 0.051000 0.073000 0.079200 0.082800 0.072500 0.067000 0.067700 0.062100 0.051000 0.067700 0.061600 0.050700 0.073800 0.077700 0.062200 0.061400 0.045500 0.067100 0.050900 0.072300 0.063800 0.083100 0.067700 0.050900 0.072200 0.045500 0.056100 0.072800 0.104500 0.061300 0.061500 0.050800 0.051000
DefassaWat 0.014800 0.083300 0.019600 0.050900 0.000000 0.014800 0.047900 0.024300 0.019700 0.024500 0.019700 0.014600 0.020300 0.037300 0.024700 0.029700 0.029400 0.019400 0.004800 0.019700 0.034600 0.032400 0.044700 0.039900 0.019700 0.029700 0.025500 0.019700 0.039700 0.029700 0.019500 0.037300 0.045000 0.025300 0.009700 0.014600 0.019700 0.000000 0.034600 0.026700 0.045000 0.029700 0.019600 0.034700 0.014600 0.019400 0.034600 0.070700 0.024500 0.024600 0.019600 0.019700
Sheep 0.000000 0.094400 0.029800 0.062000 0.014800 0.000000 0.044900 0.029500 0.030000 0.034900 0.014700 0.024700 0.015700 0.034600 0.029900 0.029700 0.039800 0.029600 0.009700 0.030000 0.034600 0.029500 0.044800 0.040000 0.014700 0.029700 0.021000 0.030000 0.039700 0.040100 0.029800 0.034600 0.050200 0.020900 0.024800 0.024700 0.014700 0.014800 0.040000 0.032600 0.045000 0.029700 0.029900 0.029600 0.024700 0.024500 0.029600 0.082000 0.029700 0.029800 0.029800 0.030000
MaxwellsDu 0.044900 0.107700 0.052000 0.084800 0.047900 0.044900 0.000000 0.054700 0.052200 0.057500 0.049800 0.046400 0.034500 0.009700 0.055500 0.055100 0.056700 0.045800 0.044600 0.052200 0.060000 0.044600 0.062300 0.062800 0.049800 0.055100 0.039600 0.052200 0.065300 0.062900 0.051900 0.009700 0.051900 0.039700 0.058600 0.046600 0.049900 0.047900 0.055300 0.058400 0.062900 0.055100 0.052100 0.054900 0.046600 0.049600 0.054800 0.106800 0.044700 0.055300 0.052000 0.052200
GazellaPrz 0.029500 0.100500 0.030000 0.062600 0.024300 0.029500 0.054700 0.000000 0.030200 0.035100 0.034400 0.024800 0.025700 0.044400 0.024500 0.014500 0.040000 0.029800 0.019300 0.030200 0.019400 0.049400 0.050600 0.040600 0.034400 0.014500 0.030900 0.030200 0.026400 0.030100 0.029900 0.044400 0.061300 0.030900 0.034300 0.024900 0.034400 0.024300 0.019400 0.031900 0.051000 0.014500 0.030100 0.030100 0.024900 0.014400 0.019400 0.089900 0.029200 0.029900 0.030000 0.030200
MountainNy 0.030000 0.095000 0.000000 0.051000 0.019700 0.030000 0.052200 0.030200 0.000000 0.024600 0.034900 0.004900 0.025100 0.041600 0.029900 0.036700 0.029600 0.019500 0.019500 0.000000 0.041200 0.047700 0.050000 0.029900 0.034900 0.036700 0.030200 0.000000 0.046600 0.009800 0.019600 0.041600 0.055800 0.030200 0.029700 0.004900 0.034900 0.019700 0.040200 0.022000 0.050200 0.036700 0.019700 0.029800 0.004900 0.025100 0.040800 0.081500 0.029600 0.029700 0.000000 0.000000
MuntiacusM 0.034900 0.100100 0.024500 0.056000 0.024500 0.034900 0.057500 0.035100 0.024600 0.000000 0.039800 0.019500 0.030100 0.046900 0.034800 0.031200 0.024400 0.014500 0.024300 0.024600 0.035700 0.052800 0.034400 0.034500 0.039800 0.031200 0.035300 0.024600 0.041000 0.034600 0.004800 0.046900 0.050200 0.035300 0.024500 0.019500 0.039800 0.024500 0.034800 0.029300 0.034400 0.031200 0.004900 0.034400 0.019500 0.020100 0.035400 0.075700 0.024500 0.014600 0.024500 0.024600
goat 0.014700 0.099800 0.034700 0.067000 0.019700 0.014700 0.049800 0.034400 0.034900 0.039800 0.000000 0.029600 0.021100 0.039500 0.034900 0.034600 0.044700 0.034400 0.014600 0.034900 0.039500 0.034200 0.049700 0.044900 0.000000 0.034600 0.026400 0.034900 0.044700 0.045100 0.034700 0.039500 0.055200 0.026100 0.029500 0.029600 0.009700 0.019700 0.044900 0.038200 0.049900 0.034600 0.034800 0.034500 0.029600 0.029400 0.034400 0.087100 0.034600 0.034800 0.034700 0.034900
AfricanBuf 0.024700 0.088600 0.004800 0.045400 0.014600 0.024700 0.046400 0.024800 0.004900 0.019500 0.029600 0.000000 0.019800 0.035900 0.024700 0.030600 0.024400 0.014500 0.014500 0.004900 0.035400 0.041400 0.044400 0.024600 0.029600 0.030600 0.024900 0.004900 0.040600 0.014700 0.014500 0.035900 0.050100 0.024900 0.024500 0.000000 0.029600 0.014600 0.034700 0.016400 0.044600 0.030600 0.014600 0.024500 0.000000 0.019800 0.035200 0.075500 0.024400 0.024500 0.004800 0.004900
Topi 0.015700 0.086600 0.025000 0.056700 0.020300 0.015700 0.034500 0.025700 0.025100 0.030100 0.021100 0.019800 0.000000 0.024400 0.026000 0.026700 0.034900 0.024600 0.016100 0.025100 0.031100 0.029400 0.034300 0.035200 0.021100 0.026700 0.004800 0.025100 0.036400 0.035300 0.024900 0.024400 0.045500 0.004800 0.030700 0.019900 0.021100 0.020300 0.036600 0.028600 0.034500 0.026700 0.025000 0.026300 0.019900 0.020800 0.025500 0.088200 0.026000 0.025700 0.025000 0.025100
CommonDuik 0.034600 0.096600 0.041400 0.073800 0.037300 0.034600 0.009700 0.044400 0.041600 0.046900 0.039500 0.035900 0.024400 0.000000 0.045000 0.044700 0.046200 0.035500 0.034400 0.041600 0.049600 0.034400 0.051700 0.052100 0.039500 0.044700 0.029500 0.041600 0.054800 0.052200 0.041400 0.000000 0.041400 0.029500 0.048000 0.036100 0.039600 0.037300 0.044800 0.047800 0.052300 0.044700 0.041600 0.044600 0.036100 0.039300 0.044500 0.095500 0.044700 0.044900 0.041400 0.041600
Suni 0.029900 0.089600 0.029800 0.061800 0.024700 0.029900 0.055500 0.024500 0.029900 0.034800 0.034900 0.024700 0.026000 0.045000 0.000000 0.029900 0.039800 0.029500 0.019600 0.029900 0.034900 0.050000 0.050000 0.050500 0.034900 0.029900 0.031300 0.029900 0.040000 0.035000 0.029700 0.045000 0.061100 0.031200 0.034800 0.024700 0.034900 0.024700 0.034900 0.031900 0.050200 0.029900 0.029900 0.040000 0.024700 0.024500 0.034900 0.091200 0.029700 0.029800 0.029800 0.029900
Springbuck 0.029700 0.095700 0.036100 0.067700 0.029700 0.029700 0.055100 0.014500 0.036700 0.031200 0.034600 0.030600 0.026700 0.044700 0.029900 0.000000 0.046100 0.035400 0.024500 0.036700 0.004800 0.049800 0.035900 0.052400 0.034600 0.000000 0.032000 0.036700 0.009700 0.036300 0.025700 0.044700 0.062100 0.031600 0.029700 0.030800 0.034600 0.029700 0.014700 0.039600 0.036500 0.000000 0.025800 0.041500 0.030800 0.009700 0.009700 0.086300 0.024600 0.025200 0.036100 0.036700
Okapi 0.039800 0.099900 0.029400 0.061200 0.029400 0.039800 0.056700 0.040000 0.029600 0.024400 0.044700 0.024400 0.034900 0.046200 0.039800 0.046100 0.000000 0.009600 0.029200 0.029600 0.050800 0.051700 0.049500 0.039700 0.044700 0.046100 0.040100 0.029600 0.045800 0.039600 0.019500 0.046200 0.050100 0.040100 0.039500 0.024400 0.044700 0.029400 0.044900 0.032500 0.049700 0.046100 0.019500 0.039500 0.024400 0.035000 0.050600 0.086000 0.039400 0.029500 0.029400 0.029600
Giraffe 0.029600 0.088400 0.019400 0.050500 0.019400 0.029600 0.045800 0.029800 0.019500 0.014500 0.034400 0.014500 0.024600 0.035500 0.029500 0.035400 0.009600 0.000000 0.019300 0.019500 0.040500 0.040800 0.039300 0.029500 0.034400 0.035400 0.029700 0.019500 0.045800 0.029400 0.009600 0.035500 0.039700 0.029800 0.029300 0.014500 0.034500 0.019400 0.034600 0.021500 0.039400 0.035400 0.009700 0.029300 0.014500 0.024700 0.040200 0.075000 0.029300 0.019400 0.019400 0.019500
TibetanAnt 0.009700 0.088400 0.019500 0.050500 0.004800 0.009700 0.044600 0.019300 0.019500 0.024300 0.014600 0.014500 0.016100 0.034400 0.019600 0.024500 0.029200 0.019300 0.000000 0.019500 0.029400 0.029300 0.039300 0.039600 0.014600 0.024500 0.021400 0.019500 0.034400 0.029400 0.019400 0.034400 0.049900 0.021100 0.014600 0.014500 0.014600 0.004800 0.029400 0.022800 0.039500 0.024500 0.019500 0.029400 0.014500 0.014400 0.029300 0.070300 0.019400 0.019500 0.019500 0.019500
Sitatunga 0.030000 0.095000 0.000000 0.051000 0.019700 0.030000 0.052200 0.030200 0.000000 0.024600 0.034900 0.004900 0.025100 0.041600 0.029900 0.036700 0.029600 0.019500 0.019500 0.000000 0.041200 0.047700 0.050000 0.029900 0.034900 0.036700 0.030200 0.000000 0.046600 0.009800 0.019600 0.041600 0.055800 0.030200 0.029700 0.004900 0.034900 0.019700 0.040200 0.022000 0.050200 0.036700 0.019700 0.029800 0.004900 0.025100 0.040800 0.081500 0.029600 0.029700 0.000000 0.000000
Oribi 0.034600 0.100700 0.040800 0.073000 0.034600 0.034600 0.060000 0.019400 0.041200 0.035700 0.039500 0.035400 0.031100 0.049600 0.034900 0.004800 0.050800 0.040500 0.029400 0.041200 0.000000 0.054600 0.040500 0.046200 0.039500 0.004800 0.036300 0.041200 0.014500 0.041000 0.030400 0.049600 0.063600 0.036200 0.034600 0.035500 0.039500 0.034600 0.019600 0.030400 0.040900 0.004800 0.030600 0.035500 0.035500 0.014500 0.014500 0.090800 0.029500 0.030300 0.040800 0.041200
BarbaryShe 0.029500 0.102500 0.047000 0.079200 0.032400 0.029500 0.044600 0.049400 0.047700 0.052800 0.034200 0.041400 0.029400 0.034400 0.050000 0.049800 0.051700 0.040800 0.029300 0.047700 0.054600 0.000000 0.062700 0.058100 0.034200 0.049800 0.034400 0.047700 0.059900 0.057900 0.047000 0.034400 0.057400 0.024500 0.044500 0.041700 0.034200 0.032400 0.049900 0.053800 0.063600 0.049800 0.047200 0.049600 0.041700 0.044300 0.049500 0.090600 0.049700 0.049900 0.047000 0.047700
Daviddeer 0.044800 0.110600 0.049700 0.082800 0.044700 0.044800 0.062300 0.050600 0.050000 0.034400 0.049700 0.044400 0.034300 0.051700 0.050000 0.035900 0.049500 0.039300 0.039300 0.050000 0.040500 0.062700 0.000000 0.054700 0.049700 0.035900 0.029300 0.050000 0.045900 0.060200 0.029400 0.051700 0.060300 0.039500 0.044700 0.044500 0.049700 0.044700 0.050200 0.043600 0.000000 0.035900 0.029500 0.044300 0.044500 0.035300 0.045400 0.102600 0.039500 0.029500 0.049700 0.050000
Reindeer 0.040000 0.111500 0.029800 0.072500 0.039900 0.040000 0.062800 0.040600 0.029900 0.034500 0.044900 0.024600 0.035200 0.052100 0.050500 0.052400 0.039700 0.029500 0.039600 0.029900 0.046200 0.058100 0.054700 0.000000 0.044900 0.052400 0.040400 0.029900 0.062300 0.040100 0.029700 0.052100 0.053200 0.040400 0.050200 0.024700 0.044900 0.039900 0.061200 0.019700 0.054700 0.052400 0.029800 0.009700 0.024700 0.046200 0.051000 0.103600 0.050100 0.039900 0.029800 0.029900
Ibex 0.014700 0.099800 0.034700 0.067000 0.019700 0.014700 0.049800 0.034400 0.034900 0.039800 0.000000 0.029600 0.021100 0.039500 0.034900 0.034600 0.044700 0.034400 0.014600 0.034900 0.039500 0.034200 0.049700 0.044900 0.000000 0.034600 0.026400 0.034900 0.044700 0.045100 0.034700 0.039500 0.055200 0.026100 0.029500 0.029600 0.009700 0.019700 0.044900 0.038200 0.049900 0.034600 0.034800 0.034500 0.029600 0.029400 0.034400 0.087100 0.034600 0.034800 0.034700 0.034900
GyrantGaze 0.029700 0.095700 0.036100 0.067700 0.029700 0.029700 0.055100 0.014500 0.036700 0.031200 0.034600 0.030600 0.026700 0.044700 0.029900 0.000000 0.046100 0.035400 0.024500 0.036700 0.004800 0.049800 0.035900 0.052400 0.034600 0.000000 0.032000 0.036700 0.009700 0.036300 0.025700 0.044700 0.062100 0.031600 0.029700 0.030800 0.034600 0.029700 0.014700 0.039600 0.036500 0.000000 0.025800 0.041500 0.030800 0.009700 0.009700 0.086300 0.024600 0.025200 0.036100 0.036700
Hartebeest 0.021000 0.092500 0.030100 0.062100 0.025500 0.021000 0.039600 0.030900 0.030200 0.035300 0.026400 0.024900 0.004800 0.029500 0.031300 0.032000 0.040100 0.029700 0.021400 0.030200 0.036300 0.034400 0.029300 0.040400 0.026400 0.032000 0.000000 0.030200 0.041700 0.040500 0.030000 0.029500 0.050800 0.009700 0.036000 0.025000 0.026400 0.025500 0.041900 0.034200 0.029400 0.032000 0.030200 0.031500 0.025000 0.026000 0.030700 0.093900 0.031300 0.030900 0.030100 0.030200
Bongo 0.030000 0.095000 0.000000 0.051000 0.019700 0.030000 0.052200 0.030200 0.000000 0.024600 0.034900 0.004900 0.025100 0.041600 0.029900 0.036700 0.029600 0.019500 0.019500 0.000000 0.041200 0.047700 0.050000 0.029900 0.034900 0.036700 0.030200 0.000000 0.046600 0.009800 0.019600 0.041600 0.055800 0.030200 0.029700 0.004900 0.034900 0.019700 0.040200 0.022000 0.050200 0.036700 0.019700 0.029800 0.004900 0.025100 0.040800 0.081500 0.029600 0.029700 0.000000 0.000000
Gerenuk 0.039700 0.106700 0.046200 0.067700 0.039700 0.039700 0.065300 0.026400 0.046600 0.041000 0.044700 0.040600 0.036400 0.054800 0.040000 0.009700 0.045800 0.045800 0.034400 0.046600 0.014500 0.059900 0.045900 0.062300 0.044700 0.009700 0.041700 0.046600 0.000000 0.046400 0.035700 0.054800 0.072500 0.041600 0.039800 0.040800 0.044700 0.039700 0.024600 0.049100 0.046300 0.009700 0.036000 0.051300 0.040800 0.020500 0.019500 0.096600 0.034500 0.035500 0.046200 0.046600
CommonElan 0.040100 0.100600 0.009800 0.061600 0.029700 0.040100 0.062900 0.030100 0.009800 0.034600 0.045100 0.014700 0.035300 0.052200 0.035000 0.036300 0.039600 0.029400 0.029400 0.009800 0.041000 0.057900 0.060200 0.040100 0.045100 0.036300 0.040500 0.009800 0.046400 0.000000 0.029600 0.052200 0.060900 0.040600 0.039800 0.014700 0.045100 0.029700 0.040100 0.033000 0.060400 0.036300 0.029700 0.039900 0.014700 0.035500 0.040700 0.086100 0.039700 0.039800 0.009800 0.009800
MuntiacusR 0.029800 0.094400 0.019500 0.050700 0.019500 0.029800 0.051900 0.029900 0.019600 0.004800 0.034700 0.014500 0.024900 0.041400 0.029700 0.025700 0.019500 0.009600 0.019400 0.019600 0.030400 0.047000 0.029400 0.029700 0.034700 0.025700 0.030000 0.019600 0.035700 0.029600 0.000000 0.041400 0.045000 0.030100 0.019500 0.014600 0.034700 0.019500 0.029700 0.022900 0.029600 0.025700 0.000000 0.029500 0.014600 0.014900 0.030200 0.070400 0.019500 0.009700 0.019500 0.019600
HarveysDui 0.034600 0.096600 0.041400 0.073800 0.037300 0.034600 0.009700 0.044400 0.041600 0.046900 0.039500 0.035900 0.024400 0.000000 0.045000 0.044700 0.046200 0.035500 0.034400 0.041600 0.049600 0.034400 0.051700 0.052100 0.039500 0.044700 0.029500 0.041600 0.054800 0.052200 0.041400 0.000000 0.041400 0.029500 0.048000 0.036100 0.039600 0.037300 0.044800 0.047800 0.052300 0.044700 0.041600 0.044600 0.036100 0.039300 0.044500 0.095500 0.044700 0.044900 0.041400 0.041600
Pronghorn 0.050200 0.094400 0.055500 0.077700 0.045000 0.050200 0.051900 0.061300 0.055800 0.050200 0.055200 0.050100 0.045500 0.041400 0.061100 0.062100 0.050100 0.039700 0.049900 0.055800 0.063600 0.057400 0.060300 0.053200 0.055200 0.062100 0.050800 0.055800 0.072500 0.060900 0.045000 0.041400 0.000000 0.050800 0.055400 0.050200 0.055300 0.045000 0.061200 0.053700 0.060500 0.062100 0.045200 0.047600 0.050200 0.056300 0.061400 0.098200 0.060600 0.050400 0.055500 0.055800
BlueWildeb 0.020900 0.092500 0.030100 0.062200 0.025300 0.020900 0.039700 0.030900 0.030200 0.035300 0.026100 0.024900 0.004800 0.029500 0.031200 0.031600 0.040100 0.029800 0.021100 0.030200 0.036200 0.024500 0.039500 0.040400 0.026100 0.031600 0.009700 0.030200 0.041600 0.040600 0.030100 0.029500 0.050800 0.000000 0.035800 0.025000 0.026200 0.025300 0.041800 0.033700 0.039700 0.031600 0.030200 0.031300 0.025000 0.025900 0.030600 0.093800 0.031200 0.030900 0.030100 0.030200
Gemsbok 0.024800 0.094300 0.029600 0.061400 0.009700 0.024800 0.058600 0.034300 0.029700 0.024500 0.029500 0.024500 0.030700 0.048000 0.034800 0.029700 0.039500 0.029300 0.014600 0.029700 0.034600 0.044500 0.044700 0.050200 0.029500 0.029700 0.036000 0.029700 0.039800 0.039800 0.019500 0.048000 0.055400 0.035800 0.000000 0.024500 0.029500 0.009700 0.034600 0.037900 0.044900 0.029700 0.019600 0.044900 0.024500 0.019400 0.034600 0.070700 0.024500 0.024600 0.029600 0.029700
Yak 0.024700 0.088800 0.004900 0.045500 0.014600 0.024700 0.046600 0.024900 0.004900 0.019500 0.029600 0.000000 0.019900 0.036100 0.024700 0.030800 0.024400 0.014500 0.014500 0.004900 0.035500 0.041700 0.044500 0.024700 0.029600 0.030800 0.025000 0.004900 0.040800 0.014700 0.014600 0.036100 0.050200 0.025000 0.024500 0.000000 0.029600 0.014600 0.034800 0.016900 0.044600 0.030800 0.014600 0.024600 0.000000 0.020000 0.035300 0.075700 0.024400 0.024500 0.004900 0.004900
BlueSheep 0.014700 0.099900 0.034800 0.067100 0.019700 0.014700 0.049900 0.034400 0.034900 0.039800 0.009700 0.029600 0.021100 0.039600 0.034900 0.034600 0.044700 0.034500 0.014600 0.034900 0.039500 0.034200 0.049700 0.044900 0.009700 0.034600 0.026400 0.034900 0.044700 0.045100 0.034700 0.039600 0.055300 0.026200 0.029500 0.029600 0.000000 0.019700 0.044900 0.038200 0.050000 0.034600 0.034900 0.034500 0.029600 0.029400 0.034400 0.087200 0.034600 0.034800 0.034800 0.034900
BohorReedb 0.014800 0.083300 0.019600 0.050900 0.000000 0.014800 0.047900 0.024300 0.019700 0.024500 0.019700 0.014600 0.020300 0.037300 0.024700 0.029700 0.029400 0.019400 0.004800 0.019700 0.034600 0.032400 0.044700 0.039900 0.019700 0.029700 0.025500 0.019700 0.039700 0.029700 0.019500 0.037300 0.045000 0.025300 0.009700 0.014600 0.019700 0.000000 0.034600 0.026700 0.045000 0.029700 0.019600 0.034700 0.014600 0.019400 0.034600 0.070700 0.024500 0.024600 0.019600 0.019700
KirksDik 0.040000 0.100600 0.040000 0.072300 0.034600 0.040000 0.055300 0.019400 0.040200 0.034800 0.044900 0.034700 0.036600 0.044800 0.034900 0.014700 0.044900 0.034600 0.029400 0.040200 0.019600 0.049900 0.050200 0.061200 0.044900 0.014700 0.041900 0.040200 0.024600 0.040100 0.029700 0.044800 0.061200 0.041800 0.034600 0.034800 0.044900 0.034600 0.000000 0.042400 0.050500 0.014700 0.029900 0.050400 0.034800 0.014500 0.019600 0.080200 0.029500 0.029800 0.040000 0.040200
RoeDeer 0.032600 0.103600 0.022300 0.063800 0.026700 0.032600 0.058400 0.031900 0.022000 0.029300 0.038200 0.016400 0.028600 0.047800 0.031900 0.039600 0.032500 0.021500 0.022800 0.022000 0.030400 0.053800 0.043600 0.019700 0.038200 0.039600 0.034200 0.022000 0.049100 0.033000 0.022900 0.047800 0.053700 0.033700 0.037900 0.016900 0.038200 0.026700 0.042400 0.000000 0.044500 0.039600 0.023100 0.009700 0.016900 0.027600 0.042600 0.096500 0.031400 0.021200 0.022300 0.022000
WhiteLippe 0.045000 0.111100 0.049900 0.083100 0.045000 0.045000 0.062900 0.051000 0.050200 0.034400 0.049900 0.044600 0.034500 0.052300 0.050200 0.036500 0.049700 0.039400 0.039500 0.050200 0.040900 0.063600 0.000000 0.054700 0.049900 0.036500 0.029400 0.050200 0.046300 0.060400 0.029600 0.052300 0.060500 0.039700 0.044900 0.044600 0.050000 0.045000 0.050500 0.044500 0.000000 0.036500 0.029700 0.044300 0.044600 0.035700 0.045800 0.103400 0.039700 0.029700 0.049900 0.050200
ThomsonGaz 0.029700 0.095700 0.036100 0.067700 0.029700 0.029700 0.055100 0.014500 0.036700 0.031200 0.034600 0.030600 0.026700 0.044700 0.029900 0.000000 0.046100 0.035400 0.024500 0.036700 0.004800 0.049800 0.035900 0.052400 0.034600 0.000000 0.032000 0.036700 0.009700 0.036300 0.025700 0.044700 0.062100 0.031600 0.029700 0.030800 0.034600 0.029700 0.014700 0.039600 0.036500 0.000000 0.025800 0.041500 0.030800 0.009700 0.009700 0.086300 0.024600 0.025200 0.036100 0.036700
MuntiacusC 0.029900 0.094900 0.019600 0.050900 0.019600 0.029900 0.052100 0.030100 0.019700 0.004900 0.034800 0.014600 0.025000 0.041600 0.029900 0.025800 0.019500 0.009700 0.019500 0.019700 0.030600 0.047200 0.029500 0.029800 0.034800 0.025800 0.030200 0.019700 0.036000 0.029700 0.000000 0.041600 0.045200 0.030200 0.019600 0.014600 0.034900 0.019600 0.029900 0.023100 0.029700 0.025800 0.000000 0.029700 0.014600 0.015000 0.030300 0.070700 0.019600 0.009800 0.019600 0.019700
WhiteTaile 0.029600 0.105300 0.029700 0.072200 0.034700 0.029600 0.054900 0.030100 0.029800 0.034400 0.034500 0.024500 0.026300 0.044600 0.040000 0.041500 0.039500 0.029300 0.029400 0.029800 0.035500 0.049600 0.044300 0.009700 0.034500 0.041500 0.031500 0.029800 0.051300 0.039900 0.029500 0.044600 0.047600 0.031300 0.044900 0.024600 0.034500 0.034700 0.050400 0.009700 0.044300 0.041500 0.029700 0.000000 0.024600 0.035500 0.040300 0.103200 0.039600 0.029600 0.029700 0.029800
Cattle 0.024700 0.088800 0.004900 0.045500 0.014600 0.024700 0.046600 0.024900 0.004900 0.019500 0.029600 0.000000 0.019900 0.036100 0.024700 0.030800 0.024400 0.014500 0.014500 0.004900 0.035500 0.041700 0.044500 0.024700 0.029600 0.030800 0.025000 0.004900 0.040800 0.014700 0.014600 0.036100 0.050200 0.025000 0.024500 0.000000 0.029600 0.014600 0.034800 0.016900 0.044600 0.030800 0.014600 0.024600 0.000000 0.020000 0.035300 0.075700 0.024400 0.024500 0.004900 0.004900
RoyalAntel 0.024500 0.094800 0.025100 0.056100 0.019400 0.024500 0.049600 0.014400 0.025100 0.020100 0.029400 0.019800 0.020800 0.039300 0.024500 0.009700 0.035000 0.024700 0.014400 0.025100 0.014500 0.044300 0.035300 0.046200 0.029400 0.009700 0.026000 0.025100 0.020500 0.035500 0.014900 0.039300 0.056300 0.025900 0.019400 0.020000 0.029400 0.019400 0.014500 0.027600 0.035700 0.009700 0.015000 0.035500 0.020000 0.000000 0.014500 0.075100 0.014500 0.014800 0.025100 0.025100
Steenbok 0.029600 0.109400 0.040600 0.072800 0.034600 0.029600 0.054800 0.019400 0.040800 0.035400 0.034400 0.035200 0.025500 0.044500 0.034900 0.009700 0.050600 0.040200 0.029300 0.040800 0.014500 0.049500 0.045400 0.051000 0.034400 0.009700 0.030700 0.040800 0.019500 0.040700 0.030200 0.044500 0.061400 0.030600 0.034600 0.035300 0.034400 0.034600 0.019600 0.042600 0.045800 0.009700 0.030300 0.040300 0.035300 0.014500 0.000000 0.090500 0.029500 0.030200 0.040600 0.040800
Impala 0.082000 0.127800 0.081100 0.104500 0.070700 0.082000 0.106800 0.089900 0.081500 0.075700 0.087100 0.075500 0.088200 0.095500 0.091200 0.086300 0.086000 0.075000 0.070300 0.081500 0.090800 0.090600 0.102600 0.103600 0.087100 0.086300 0.093900 0.081500 0.096600 0.086100 0.070400 0.095500 0.098200 0.093800 0.070700 0.075700 0.087200 0.070700 0.080200 0.096500 0.103400 0.086300 0.070700 0.103200 0.075700 0.075100 0.090500 0.000000 0.080900 0.080900 0.081100 0.081500
Klipspring 0.029700 0.099900 0.029500 0.061300 0.024500 0.029700 0.044700 0.029200 0.029600 0.024500 0.034600 0.024400 0.026000 0.044700 0.029700 0.024600 0.039400 0.029300 0.019400 0.029600 0.029500 0.049700 0.039500 0.050100 0.034600 0.024600 0.031300 0.029600 0.034500 0.039700 0.019500 0.044700 0.060600 0.031200 0.024500 0.024400 0.034600 0.024500 0.029500 0.031400 0.039700 0.024600 0.019600 0.039600 0.024400 0.014500 0.029500 0.080900 0.000000 0.019500 0.029500 0.029600
ForestMusk 0.029800 0.100300 0.029600 0.061500 0.024600 0.029800 0.055300 0.029900 0.029700 0.014600 0.034800 0.024500 0.025700 0.044900 0.029800 0.025200 0.029500 0.019400 0.019500 0.029700 0.030300 0.049900 0.029500 0.039900 0.034800 0.025200 0.030900 0.029700 0.035500 0.039800 0.009700 0.044900 0.050400 0.030900 0.024600 0.024500 0.034800 0.024600 0.029800 0.021200 0.029700 0.025200 0.009800 0.029600 0.024500 0.014800 0.030200 0.080900 0.019500 0.000000 0.029600 0.029700
Bushbuck 0.029800 0.094600 0.000000 0.050800 0.019600 0.029800 0.052000 0.030000 0.000000 0.024500 0.034700 0.004800 0.025000 0.041400 0.029800 0.036100 0.029400 0.019400 0.019500 0.000000 0.040800 0.047000 0.049700 0.029800 0.034700 0.036100 0.030100 0.000000 0.046200 0.009800 0.019500 0.041400 0.055500 0.030100 0.029600 0.004900 0.034800 0.019600 0.040000 0.022300 0.049900 0.036100 0.019600 0.029700 0.004900 0.025100 0.040600 0.081100 0.029500 0.029600 0.000000 0.000000
GreaterKud 0.030000 0.095000 0.000000 0.051000 0.019700 0.030000 0.052200 0.030200 0.000000 0.024600 0.034900 0.004900 0.025100 0.041600 0.029900 0.036700 0.029600 0.019500 0.019500 0.000000 0.041200 0.047700 0.050000 0.029900 0.034900 0.036700 0.030200 0.000000 0.046600 0.009800 0.019600 0.041600 0.055800 0.030200 0.029700 0.004900 0.034900 0.019700 0.040200 0.022000 0.050200 0.036700 0.019700 0.029800 0.004900 0.025100 0.040800 0.081500 0.029600 0.029700 0.000000 0.000000
