CODONML (in paml version 4.10.7, June 2023)  /home/rachel/ruminants_paml/6406-phy-tree/ENSBTAT00000018680.fasta.phy
Model: free dN/dS Ratios for branches,  kappa = 2.000 fixed

Codon frequency model: F3x4
ns =  54  ls =  39

Codon usage in sequences
--------------------------------------------------------------------------------------------------------------------------------------
Phe TTT   0   1   1   0   1   1 | Ser TCT   2   2   2   2   2   2 | Tyr TAT   0   0   0   0   0   0 | Cys TGT   0   0   0   0   0   0
    TTC   1   0   0   1   0   0 |     TCC   0   0   0   0   1   0 |     TAC   2   2   2   2   2   2 |     TGC   0   0   0   0   0   0
Leu TTA   1   1   1   1   1   1 |     TCA   1   1   1   1   0   1 | *** TAA   0   0   0   0   0   0 | *** TGA   0   0   0   0   0   0
    TTG   0   0   0   0   0   0 |     TCG   0   0   0   0   0   0 |     TAG   0   0   0   0   0   0 | Trp TGG   0   0   0   0   0   0
--------------------------------------------------------------------------------------------------------------------------------------
Leu CTT   1   2   1   2   1   2 | Pro CCT   0   0   0   0   0   0 | His CAT   0   0   0   0   0   0 | Arg CGT   0   0   0   0   0   0
    CTC   1   1   1   1   1   1 |     CCC   0   0   0   0   0   0 |     CAC   0   0   0   0   0   0 |     CGC   0   0   0   0   0   0
    CTA   0   0   0   0   0   0 |     CCA   0   0   0   0   0   0 | Gln CAA   0   0   0   0   0   0 |     CGA   0   0   0   0   0   0
    CTG   2   1   2   1   2   1 |     CCG   0   0   0   0   0   0 |     CAG   1   1   1   1   1   1 |     CGG   0   0   0   0   0   0
--------------------------------------------------------------------------------------------------------------------------------------
Ile ATT   2   3   3   3   2   2 | Thr ACT   0   0   0   0   1   1 | Asn AAT   1   0   1   1   0   0 | Ser AGT   1   1   1   1   0   1
    ATC   2   1   1   1   1   1 |     ACC   1   1   1   1   1   1 |     AAC   0   1   0   0   1   1 |     AGC   0   0   0   0   1   0
    ATA   1   1   1   1   1   1 |     ACA   2   1   1   1   1   1 | Lys AAA   1   0   1   1   0   0 | Arg AGA   0   0   0   0   0   0
Met ATG   2   2   2   2   2   2 |     ACG   0   1   1   1   0   0 |     AAG   0   1   0   0   1   1 |     AGG   0   0   0   0   0   0
--------------------------------------------------------------------------------------------------------------------------------------
Val GTT   1   0   1   1   1   2 | Ala GCT   2   2   2   2   2   2 | Asp GAT   0   0   0   0   0   0 | Gly GGT   0   0   0   0   0   0
    GTC   2   3   2   2   3   2 |     GCC   1   1   1   1   0   0 |     GAC   1   1   1   1   1   1 |     GGC   1   1   1   1   1   1
    GTA   0   1   0   0   0   0 |     GCA   1   1   1   1   3   3 | Glu GAA   0   0   0   0   0   0 |     GGA   2   2   2   2   2   2
    GTG   2   1   2   2   2   2 |     GCG   1   1   1   1   0   0 |     GAG   0   0   0   0   0   0 |     GGG   0   0   0   0   0   0
--------------------------------------------------------------------------------------------------------------------------------------

--------------------------------------------------------------------------------------------------------------------------------------
Phe TTT   0   0   1   0   0   0 | Ser TCT   2   2   2   2   2   0 | Tyr TAT   0   0   0   0   0   0 | Cys TGT   0   0   0   0   0   0
    TTC   1   1   0   1   1   1 |     TCC   0   0   0   0   0   1 |     TAC   2   2   2   2   2   2 |     TGC   0   0   0   0   0   0
Leu TTA   1   1   1   1   1   1 |     TCA   1   1   1   1   1   1 | *** TAA   0   0   0   0   0   0 | *** TGA   0   0   0   0   0   0
    TTG   0   0   0   0   0   0 |     TCG   0   0   0   0   0   1 |     TAG   0   0   0   0   0   0 | Trp TGG   0   0   0   0   0   0
--------------------------------------------------------------------------------------------------------------------------------------
Leu CTT   1   1   1   1   1   1 | Pro CCT   0   0   0   0   0   0 | His CAT   0   0   0   0   0   0 | Arg CGT   0   0   0   0   0   0
    CTC   1   1   1   1   1   2 |     CCC   0   0   0   0   0   0 |     CAC   0   0   0   0   0   0 |     CGC   0   0   0   0   0   0
    CTA   0   0   0   0   0   0 |     CCA   0   0   0   0   0   0 | Gln CAA   0   0   0   0   0   0 |     CGA   0   0   0   0   0   0
    CTG   2   2   2   2   2   1 |     CCG   0   0   0   0   0   0 |     CAG   1   1   1   1   1   1 |     CGG   0   0   0   0   0   0
--------------------------------------------------------------------------------------------------------------------------------------
Ile ATT   2   2   2   2   3   2 | Thr ACT   0   0   0   0   0   0 | Asn AAT   1   1   0   1   1   0 | Ser AGT   1   1   1   1   1   0
    ATC   2   2   2   2   1   2 |     ACC   1   1   1   1   1   1 |     AAC   0   0   1   0   0   1 |     AGC   0   0   0   0   0   1
    ATA   1   1   1   1   1   1 |     ACA   1   2   1   1   1   1 | Lys AAA   1   1   1   1   1   1 | Arg AGA   0   0   0   0   0   0
Met ATG   2   2   2   2   2   2 |     ACG   1   0   1   1   1   1 |     AAG   0   0   0   0   0   0 |     AGG   0   0   0   0   0   0
--------------------------------------------------------------------------------------------------------------------------------------
Val GTT   1   1   1   1   1   1 | Ala GCT   2   2   2   2   2   2 | Asp GAT   0   0   0   0   0   0 | Gly GGT   0   0   0   0   0   0
    GTC   2   2   2   2   2   2 |     GCC   1   1   1   1   1   1 |     GAC   1   1   1   1   1   1 |     GGC   1   1   1   1   1   1
    GTA   0   0   0   0   0   0 |     GCA   1   1   1   1   1   1 | Glu GAA   0   0   0   0   0   0 |     GGA   2   2   2   2   2   2
    GTG   2   2   2   2   2   2 |     GCG   1   1   1   1   1   1 |     GAG   0   0   0   0   0   0 |     GGG   0   0   0   0   0   0
--------------------------------------------------------------------------------------------------------------------------------------

--------------------------------------------------------------------------------------------------------------------------------------
Phe TTT   0   0   0   1   0   0 | Ser TCT   2   2   2   2   2   2 | Tyr TAT   0   0   0   0   1   0 | Cys TGT   0   0   0   0   0   0
    TTC   1   1   1   0   1   1 |     TCC   0   0   0   0   0   0 |     TAC   2   2   2   2   1   2 |     TGC   0   0   0   0   0   0
Leu TTA   1   1   1   1   1   1 |     TCA   1   1   1   1   1   1 | *** TAA   0   0   0   0   0   0 | *** TGA   0   0   0   0   0   0
    TTG   0   0   0   0   0   0 |     TCG   0   0   0   0   0   0 |     TAG   0   0   0   0   0   0 | Trp TGG   0   0   0   0   0   0
--------------------------------------------------------------------------------------------------------------------------------------
Leu CTT   1   1   1   1   1   0 | Pro CCT   0   0   0   0   0   0 | His CAT   0   0   0   0   0   0 | Arg CGT   0   0   0   0   0   0
    CTC   1   1   1   1   1   2 |     CCC   0   0   0   0   0   0 |     CAC   0   0   0   0   0   0 |     CGC   0   0   0   0   0   0
    CTA   0   0   0   0   0   0 |     CCA   0   0   0   0   0   0 | Gln CAA   0   0   0   0   0   0 |     CGA   0   0   0   0   0   0
    CTG   2   2   2   2   2   2 |     CCG   0   0   0   0   0   0 |     CAG   1   1   1   1   1   1 |     CGG   0   0   0   0   0   0
--------------------------------------------------------------------------------------------------------------------------------------
Ile ATT   2   3   2   2   3   2 | Thr ACT   0   0   0   0   0   0 | Asn AAT   1   1   1   1   1   1 | Ser AGT   1   1   1   1   1   0
    ATC   2   1   2   2   1   2 |     ACC   1   1   1   1   1   1 |     AAC   0   0   0   0   0   0 |     AGC   0   0   0   0   0   1
    ATA   1   1   1   1   1   1 |     ACA   1   1   1   1   2   1 | Lys AAA   1   1   1   1   1   1 | Arg AGA   0   0   0   0   0   0
Met ATG   2   2   2   2   2   2 |     ACG   1   1   1   1   0   1 |     AAG   0   0   0   0   0   0 |     AGG   0   0   0   0   0   0
--------------------------------------------------------------------------------------------------------------------------------------
Val GTT   1   1   1   1   1   1 | Ala GCT   2   2   2   2   2   2 | Asp GAT   0   0   0   0   0   0 | Gly GGT   0   0   0   0   0   0
    GTC   2   2   2   2   2   2 |     GCC   1   0   1   1   1   1 |     GAC   1   1   1   1   1   1 |     GGC   1   1   1   1   1   1
    GTA   0   0   0   0   0   0 |     GCA   1   2   1   1   1   1 | Glu GAA   0   0   0   0   0   0 |     GGA   2   2   2   2   2   2
    GTG   2   2   2   2   2   2 |     GCG   1   1   1   1   1   1 |     GAG   0   0   0   0   0   0 |     GGG   0   0   0   0   0   0
--------------------------------------------------------------------------------------------------------------------------------------

--------------------------------------------------------------------------------------------------------------------------------------
Phe TTT   0   1   0   0   0   0 | Ser TCT   2   2   2   2   2   2 | Tyr TAT   0   0   0   0   0   0 | Cys TGT   0   0   0   0   0   0
    TTC   1   0   1   1   1   1 |     TCC   0   1   0   0   0   0 |     TAC   2   2   2   2   2   2 |     TGC   0   0   0   0   0   0
Leu TTA   1   1   1   1   1   1 |     TCA   1   0   1   1   1   1 | *** TAA   0   0   0   0   0   0 | *** TGA   0   0   0   0   0   0
    TTG   0   0   0   0   0   0 |     TCG   0   0   0   0   0   0 |     TAG   0   0   0   0   0   0 | Trp TGG   0   0   0   0   0   0
--------------------------------------------------------------------------------------------------------------------------------------
Leu CTT   1   2   1   1   0   1 | Pro CCT   0   0   0   0   0   0 | His CAT   0   0   0   0   0   0 | Arg CGT   0   0   0   0   0   0
    CTC   2   1   1   1   2   1 |     CCC   0   0   0   0   0   0 |     CAC   0   0   0   0   0   0 |     CGC   0   0   0   0   0   0
    CTA   0   0   0   0   0   0 |     CCA   0   0   0   0   0   0 | Gln CAA   0   0   0   0   0   0 |     CGA   0   0   0   0   0   0
    CTG   1   1   2   2   2   2 |     CCG   0   0   0   0   0   0 |     CAG   1   1   1   1   1   1 |     CGG   0   0   0   0   0   0
--------------------------------------------------------------------------------------------------------------------------------------
Ile ATT   3   3   2   3   2   1 | Thr ACT   0   0   0   0   0   0 | Asn AAT   1   1   1   1   1   1 | Ser AGT   1   1   1   1   1   1
    ATC   1   1   2   1   2   2 |     ACC   1   1   1   1   1   1 |     AAC   0   0   0   0   0   0 |     AGC   0   0   0   0   0   0
    ATA   1   1   1   1   1   1 |     ACA   2   2   1   1   1   1 | Lys AAA   1   1   1   1   1   1 | Arg AGA   0   0   0   0   0   0
Met ATG   2   2   2   2   2   2 |     ACG   0   0   1   1   1   1 |     AAG   0   0   0   0   0   0 |     AGG   0   0   0   0   0   0
--------------------------------------------------------------------------------------------------------------------------------------
Val GTT   0   1   1   1   1   2 | Ala GCT   2   2   2   2   2   2 | Asp GAT   0   0   0   0   0   0 | Gly GGT   0   0   0   0   0   0
    GTC   3   2   2   2   2   2 |     GCC   1   1   1   1   1   1 |     GAC   1   1   1   1   1   1 |     GGC   1   1   1   1   1   1
    GTA   0   0   0   0   0   0 |     GCA   1   1   1   1   1   1 | Glu GAA   0   0   0   0   0   0 |     GGA   2   2   2   2   2   2
    GTG   2   2   2   2   2   2 |     GCG   1   1   1   1   1   1 |     GAG   0   0   0   0   0   0 |     GGG   0   0   0   0   0   0
--------------------------------------------------------------------------------------------------------------------------------------

--------------------------------------------------------------------------------------------------------------------------------------
Phe TTT   0   0   0   0   0   0 | Ser TCT   1   2   2   2   2   2 | Tyr TAT   0   0   0   0   0   0 | Cys TGT   0   0   0   0   0   0
    TTC   1   1   1   1   1   1 |     TCC   1   0   0   0   0   0 |     TAC   2   2   2   2   2   2 |     TGC   0   0   0   0   0   0
Leu TTA   1   1   1   1   1   1 |     TCA   1   1   1   1   1   1 | *** TAA   0   0   0   0   0   0 | *** TGA   0   0   0   0   0   0
    TTG   0   0   0   0   0   0 |     TCG   0   0   0   0   0   0 |     TAG   0   0   0   0   0   0 | Trp TGG   0   0   0   0   0   0
--------------------------------------------------------------------------------------------------------------------------------------
Leu CTT   1   2   1   0   1   1 | Pro CCT   0   0   0   0   0   0 | His CAT   0   0   0   0   0   0 | Arg CGT   0   0   0   0   0   0
    CTC   2   1   1   2   1   1 |     CCC   0   0   0   0   0   0 |     CAC   0   0   0   0   0   0 |     CGC   0   0   0   0   0   0
    CTA   0   0   0   0   0   0 |     CCA   0   0   0   0   0   0 | Gln CAA   0   0   0   0   0   0 |     CGA   0   0   0   0   0   0
    CTG   1   1   2   2   2   2 |     CCG   0   0   0   0   0   0 |     CAG   1   1   1   1   1   1 |     CGG   0   0   0   0   0   0
--------------------------------------------------------------------------------------------------------------------------------------
Ile ATT   2   2   3   2   2   3 | Thr ACT   0   0   0   0   0   0 | Asn AAT   0   1   1   1   1   1 | Ser AGT   1   0   1   1   1   1
    ATC   1   1   1   2   2   1 |     ACC   1   1   1   1   1   1 |     AAC   1   0   0   0   0   0 |     AGC   0   1   0   0   0   0
    ATA   1   1   1   1   1   1 |     ACA   1   1   1   1   1   1 | Lys AAA   1   1   1   1   1   1 | Arg AGA   0   0   0   0   0   0
Met ATG   2   2   2   2   2   2 |     ACG   1   1   1   1   1   1 |     AAG   0   0   0   0   0   0 |     AGG   0   0   0   0   0   0
--------------------------------------------------------------------------------------------------------------------------------------
Val GTT   2   2   1   1   1   1 | Ala GCT   2   2   2   2   2   2 | Asp GAT   0   0   0   0   0   0 | Gly GGT   0   0   0   0   0   0
    GTC   2   2   2   2   2   2 |     GCC   1   1   1   1   1   1 |     GAC   1   1   1   1   1   1 |     GGC   1   1   1   1   1   1
    GTA   0   0   0   0   0   0 |     GCA   1   1   1   1   1   1 | Glu GAA   0   0   0   0   0   0 |     GGA   1   2   2   2   2   2
    GTG   2   2   2   2   2   2 |     GCG   1   1   1   1   1   1 |     GAG   0   0   0   0   0   0 |     GGG   1   0   0   0   0   0
--------------------------------------------------------------------------------------------------------------------------------------

--------------------------------------------------------------------------------------------------------------------------------------
Phe TTT   0   0   0   1   0   0 | Ser TCT   2   2   0   2   2   2 | Tyr TAT   0   0   0   0   0   0 | Cys TGT   0   0   0   0   0   0
    TTC   1   1   1   0   1   1 |     TCC   0   0   1   0   0   0 |     TAC   2   2   2   2   2   2 |     TGC   0   0   0   0   0   0
Leu TTA   1   1   1   1   1   1 |     TCA   1   1   1   1   0   1 | *** TAA   0   0   0   0   0   0 | *** TGA   0   0   0   0   0   0
    TTG   0   0   0   0   0   0 |     TCG   0   0   1   0   1   0 |     TAG   0   0   0   0   0   0 | Trp TGG   0   0   0   0   0   0
--------------------------------------------------------------------------------------------------------------------------------------
Leu CTT   1   1   1   1   2   1 | Pro CCT   0   0   0   0   0   0 | His CAT   0   0   0   0   0   0 | Arg CGT   0   0   0   0   0   0
    CTC   1   1   2   1   1   1 |     CCC   0   0   0   0   0   0 |     CAC   0   0   0   0   0   0 |     CGC   0   0   0   0   0   0
    CTA   0   0   0   0   0   0 |     CCA   0   0   0   0   0   0 | Gln CAA   0   0   0   0   0   0 |     CGA   0   0   0   0   0   0
    CTG   2   2   1   2   1   2 |     CCG   0   0   0   0   0   0 |     CAG   1   1   1   1   1   1 |     CGG   0   0   0   0   0   0
--------------------------------------------------------------------------------------------------------------------------------------
Ile ATT   2   3   2   2   0   2 | Thr ACT   0   0   0   0   0   0 | Asn AAT   1   1   0   1   0   1 | Ser AGT   1   1   0   1   1   1
    ATC   2   1   2   2   3   2 |     ACC   1   1   1   1   1   1 |     AAC   0   0   1   0   1   0 |     AGC   0   0   1   0   0   0
    ATA   1   1   1   1   1   1 |     ACA   1   1   1   1   0   1 | Lys AAA   1   1   1   1   1   1 | Arg AGA   0   0   0   0   0   0
Met ATG   2   2   2   2   2   2 |     ACG   1   1   1   1   2   1 |     AAG   0   0   0   0   0   0 |     AGG   0   0   0   0   0   0
--------------------------------------------------------------------------------------------------------------------------------------
Val GTT   1   1   1   1   1   1 | Ala GCT   2   2   2   2   1   2 | Asp GAT   0   0   0   0   0   0 | Gly GGT   0   0   0   0   0   0
    GTC   2   2   2   2   3   2 |     GCC   1   1   1   1   2   1 |     GAC   1   1   1   1   1   1 |     GGC   1   1   1   1   1   1
    GTA   0   0   0   0   0   0 |     GCA   1   1   1   2   1   1 | Glu GAA   0   0   0   0   0   0 |     GGA   2   2   2   2   2   2
    GTG   2   2   2   2   2   2 |     GCG   1   1   1   0   1   1 |     GAG   0   0   0   0   0   0 |     GGG   0   0   0   0   0   0
--------------------------------------------------------------------------------------------------------------------------------------

--------------------------------------------------------------------------------------------------------------------------------------
Phe TTT   0   1   0   0   1   0 | Ser TCT   2   2   2   2   2   1 | Tyr TAT   0   0   0   0   0   0 | Cys TGT   0   0   0   0   0   0
    TTC   1   0   1   1   0   1 |     TCC   0   0   0   0   0   0 |     TAC   2   2   2   2   2   2 |     TGC   0   0   0   0   0   0
Leu TTA   1   1   1   1   1   0 |     TCA   1   1   1   1   1   0 | *** TAA   0   0   0   0   0   0 | *** TGA   0   0   0   0   0   0
    TTG   0   0   0   0   0   0 |     TCG   0   0   0   0   0   2 |     TAG   0   0   0   0   0   0 | Trp TGG   0   0   0   0   0   0
--------------------------------------------------------------------------------------------------------------------------------------
Leu CTT   1   1   1   1   0   1 | Pro CCT   0   0   0   0   0   0 | His CAT   0   0   0   0   0   0 | Arg CGT   0   0   0   0   0   0
    CTC   1   1   1   1   2   1 |     CCC   0   0   0   0   0   0 |     CAC   0   0   0   0   0   0 |     CGC   0   0   0   0   0   0
    CTA   0   0   0   0   0   1 |     CCA   0   0   0   0   0   0 | Gln CAA   0   0   0   0   0   0 |     CGA   0   0   0   0   0   0
    CTG   2   2   2   2   2   2 |     CCG   0   0   0   0   0   0 |     CAG   1   1   1   1   1   1 |     CGG   0   0   0   0   0   0
--------------------------------------------------------------------------------------------------------------------------------------
Ile ATT   2   2   3   2   2   1 | Thr ACT   0   0   0   0   0   0 | Asn AAT   1   1   1   1   1   0 | Ser AGT   1   1   1   1   1   0
    ATC   2   1   1   2   2   3 |     ACC   1   1   1   1   1   1 |     AAC   0   0   0   0   0   1 |     AGC   0   0   0   0   0   1
    ATA   1   2   1   1   1   1 |     ACA   1   1   1   1   1   1 | Lys AAA   1   1   1   1   1   0 | Arg AGA   0   0   0   0   0   0
Met ATG   1   2   2   2   2   1 |     ACG   1   1   1   1   1   2 |     AAG   0   0   0   0   0   1 |     AGG   0   0   0   0   0   0
--------------------------------------------------------------------------------------------------------------------------------------
Val GTT   1   1   1   1   1   1 | Ala GCT   1   2   2   2   2   1 | Asp GAT   0   0   0   0   0   0 | Gly GGT   0   0   0   0   0   0
    GTC   2   2   2   2   2   2 |     GCC   2   1   1   1   1   2 |     GAC   1   1   1   1   1   1 |     GGC   1   1   1   1   1   1
    GTA   0   0   0   0   0   0 |     GCA   1   1   1   1   1   1 | Glu GAA   0   0   0   0   0   0 |     GGA   2   2   2   2   2   0
    GTG   3   2   2   2   2   2 |     GCG   1   1   1   1   1   1 |     GAG   0   0   0   0   0   0 |     GGG   0   0   0   0   0   2
--------------------------------------------------------------------------------------------------------------------------------------

--------------------------------------------------------------------------------------------------------------------------------------
Phe TTT   0   1   0   0   1   0 | Ser TCT   1   2   0   2   2   2 | Tyr TAT   0   0   0   0   0   0 | Cys TGT   0   0   0   0   0   0
    TTC   1   0   1   1   0   1 |     TCC   1   0   1   0   0   0 |     TAC   2   2   2   2   2   2 |     TGC   0   0   0   0   0   0
Leu TTA   1   1   1   1   1   1 |     TCA   1   1   1   1   1   1 | *** TAA   0   0   0   0   0   0 | *** TGA   0   0   0   0   0   0
    TTG   0   0   0   0   0   0 |     TCG   0   0   1   0   0   0 |     TAG   0   0   0   0   0   0 | Trp TGG   0   0   0   0   0   0
--------------------------------------------------------------------------------------------------------------------------------------
Leu CTT   1   0   1   2   1   1 | Pro CCT   0   0   0   0   0   0 | His CAT   0   0   0   0   0   0 | Arg CGT   0   0   0   0   0   0
    CTC   2   2   2   2   1   1 |     CCC   0   0   0   0   0   0 |     CAC   0   0   0   0   0   0 |     CGC   0   0   0   0   0   0
    CTA   0   0   0   0   0   0 |     CCA   0   0   0   0   0   0 | Gln CAA   0   0   0   0   0   0 |     CGA   0   0   0   0   0   0
    CTG   1   2   1   0   2   2 |     CCG   0   0   0   0   0   0 |     CAG   1   1   1   1   1   1 |     CGG   0   0   0   0   0   0
--------------------------------------------------------------------------------------------------------------------------------------
Ile ATT   2   2   3   0   2   2 | Thr ACT   0   0   0   0   0   0 | Asn AAT   0   1   0   0   1   1 | Ser AGT   1   1   0   0   1   1
    ATC   1   2   1   2   1   2 |     ACC   1   1   1   1   1   1 |     AAC   1   0   1   1   0   0 |     AGC   0   0   1   1   0   0
    ATA   1   1   1   1   1   1 |     ACA   1   1   1   1   1   2 | Lys AAA   1   1   1   1   1   1 | Arg AGA   0   0   0   0   0   0
Met ATG   2   2   2   2   2   2 |     ACG   1   1   1   1   1   0 |     AAG   0   0   0   0   0   0 |     AGG   0   0   0   0   0   0
--------------------------------------------------------------------------------------------------------------------------------------
Val GTT   2   1   1   3   1   1 | Ala GCT   2   2   2   2   2   2 | Asp GAT   0   0   0   0   0   0 | Gly GGT   0   0   0   0   0   0
    GTC   2   2   2   2   2   2 |     GCC   1   1   1   1   1   1 |     GAC   1   1   1   1   1   1 |     GGC   1   1   1   1   1   1
    GTA   0   0   0   0   1   0 |     GCA   1   1   1   1   1   1 | Glu GAA   0   0   0   0   0   0 |     GGA   1   2   2   2   2   2
    GTG   2   2   2   2   2   2 |     GCG   1   1   1   1   1   1 |     GAG   0   0   0   0   0   0 |     GGG   1   0   0   0   0   0
--------------------------------------------------------------------------------------------------------------------------------------

--------------------------------------------------------------------------------------------------------------------------------------
Phe TTT   1   0   0   0   0   0 | Ser TCT   2   2   2   2   2   2 | Tyr TAT   0   0   0   0   0   0 | Cys TGT   0   0   0   0   0   0
    TTC   0   1   1   1   1   1 |     TCC   0   0   0   0   0   0 |     TAC   2   2   2   2   2   2 |     TGC   0   0   0   0   0   0
Leu TTA   1   1   1   1   1   1 |     TCA   1   1   1   1   1   1 | *** TAA   0   0   0   0   0   0 | *** TGA   0   0   0   0   0   0
    TTG   0   0   0   0   0   0 |     TCG   0   0   0   0   0   0 |     TAG   0   0   0   0   0   0 | Trp TGG   0   0   0   0   0   0
--------------------------------------------------------------------------------------------------------------------------------------
Leu CTT   0   1   1   2   1   1 | Pro CCT   0   0   0   0   0   0 | His CAT   0   0   0   0   0   0 | Arg CGT   0   0   0   0   0   0
    CTC   2   1   1   1   1   1 |     CCC   0   0   0   0   0   0 |     CAC   0   0   0   0   0   0 |     CGC   0   0   0   0   0   0
    CTA   0   0   0   0   0   0 |     CCA   0   0   0   0   0   0 | Gln CAA   0   0   0   0   0   0 |     CGA   0   0   0   0   0   0
    CTG   2   2   2   1   2   2 |     CCG   0   0   0   0   0   0 |     CAG   1   1   1   1   1   1 |     CGG   0   0   0   0   0   0
--------------------------------------------------------------------------------------------------------------------------------------
Ile ATT   1   3   2   3   3   3 | Thr ACT   0   0   0   0   0   0 | Asn AAT   1   0   1   1   1   1 | Ser AGT   1   1   1   1   1   1
    ATC   3   1   2   1   1   1 |     ACC   1   1   0   1   1   1 |     AAC   0   1   0   0   0   0 |     AGC   0   0   0   0   0   0
    ATA   1   1   1   1   1   1 |     ACA   1   1   2   1   1   1 | Lys AAA   1   1   1   1   1   1 | Arg AGA   0   0   0   0   0   0
Met ATG   2   2   2   2   2   2 |     ACG   1   1   1   1   1   1 |     AAG   0   0   0   0   0   0 |     AGG   0   0   0   0   0   0
--------------------------------------------------------------------------------------------------------------------------------------
Val GTT   1   1   1   1   1   1 | Ala GCT   2   2   2   2   2   2 | Asp GAT   0   0   0   0   0   0 | Gly GGT   0   0   0   0   0   0
    GTC   2   2   2   2   2   2 |     GCC   1   1   1   1   1   1 |     GAC   1   1   1   1   1   1 |     GGC   1   1   1   1   1   1
    GTA   0   0   0   0   0   0 |     GCA   1   1   1   1   1   1 | Glu GAA   0   0   0   0   0   0 |     GGA   2   2   2   2   2   2
    GTG   2   2   2   2   2   2 |     GCG   1   1   1   1   1   1 |     GAG   0   0   0   0   0   0 |     GGG   0   0   0   0   0   0
--------------------------------------------------------------------------------------------------------------------------------------

Codon position x base (3x4) table for each sequence.

#1: Argali         
position  1:    T:0.17949    C:0.12821    A:0.33333    G:0.35897
position  2:    T:0.46154    C:0.28205    A:0.15385    G:0.10256
position  3:    T:0.25641    C:0.30769    A:0.23077    G:0.20513
Average         T:0.29915    C:0.23932    A:0.23932    G:0.22222

#2: LesserMouseDeer
position  1:    T:0.17949    C:0.12821    A:0.33333    G:0.35897
position  2:    T:0.46154    C:0.28205    A:0.15385    G:0.10256
position  3:    T:0.28205    C:0.30769    A:0.20513    G:0.20513
Average         T:0.30769    C:0.23932    A:0.23077    G:0.22222

#3: LesserKudu     
position  1:    T:0.17949    C:0.12821    A:0.33333    G:0.35897
position  2:    T:0.46154    C:0.28205    A:0.15385    G:0.10256
position  3:    T:0.30769    C:0.25641    A:0.20513    G:0.23077
Average         T:0.31624    C:0.22222    A:0.23077    G:0.23077

#4: ForestMuskDeer2
position  1:    T:0.17949    C:0.12821    A:0.33333    G:0.35897
position  2:    T:0.46154    C:0.28205    A:0.15385    G:0.10256
position  3:    T:0.30769    C:0.28205    A:0.20513    G:0.20513
Average         T:0.31624    C:0.23077    A:0.23077    G:0.22222

#5: Camel          
position  1:    T:0.17949    C:0.12821    A:0.30769    G:0.38462
position  2:    T:0.46154    C:0.28205    A:0.15385    G:0.10256
position  3:    T:0.25641    C:0.33333    A:0.20513    G:0.20513
Average         T:0.29915    C:0.24786    A:0.22222    G:0.23077

#6: KillerWhale    
position  1:    T:0.17949    C:0.12821    A:0.30769    G:0.38462
position  2:    T:0.46154    C:0.28205    A:0.15385    G:0.10256
position  3:    T:0.33333    C:0.25641    A:0.23077    G:0.17949
Average         T:0.32479    C:0.22222    A:0.23077    G:0.22222

#7: DefassaWaterbuck
position  1:    T:0.17949    C:0.12821    A:0.33333    G:0.35897
position  2:    T:0.46154    C:0.28205    A:0.15385    G:0.10256
position  3:    T:0.25641    C:0.30769    A:0.20513    G:0.23077
Average         T:0.29915    C:0.23932    A:0.23077    G:0.23077

#8: Sheep          
position  1:    T:0.17949    C:0.12821    A:0.33333    G:0.35897
position  2:    T:0.46154    C:0.28205    A:0.15385    G:0.10256
position  3:    T:0.25641    C:0.30769    A:0.23077    G:0.20513
Average         T:0.29915    C:0.23932    A:0.23932    G:0.22222

#9: MaxwellsDuiker 
position  1:    T:0.17949    C:0.12821    A:0.33333    G:0.35897
position  2:    T:0.46154    C:0.28205    A:0.15385    G:0.10256
position  3:    T:0.25641    C:0.30769    A:0.20513    G:0.23077
Average         T:0.29915    C:0.23932    A:0.23077    G:0.23077

#10: GazellaPrzewalskyi
position  1:    T:0.17949    C:0.12821    A:0.33333    G:0.35897
position  2:    T:0.46154    C:0.28205    A:0.15385    G:0.10256
position  3:    T:0.25641    C:0.30769    A:0.20513    G:0.23077
Average         T:0.29915    C:0.23932    A:0.23077    G:0.23077

#11: MountainNyala  
position  1:    T:0.17949    C:0.12821    A:0.33333    G:0.35897
position  2:    T:0.46154    C:0.28205    A:0.15385    G:0.10256
position  3:    T:0.28205    C:0.28205    A:0.20513    G:0.23077
Average         T:0.30769    C:0.23077    A:0.23077    G:0.23077

#12: MuntiacusMuntjak
position  1:    T:0.17949    C:0.12821    A:0.33333    G:0.35897
position  2:    T:0.46154    C:0.28205    A:0.15385    G:0.10256
position  3:    T:0.15385    C:0.41026    A:0.20513    G:0.23077
Average         T:0.26496    C:0.27350    A:0.23077    G:0.23077

#13: goat           
position  1:    T:0.17949    C:0.12821    A:0.33333    G:0.35897
position  2:    T:0.46154    C:0.28205    A:0.15385    G:0.10256
position  3:    T:0.25641    C:0.30769    A:0.20513    G:0.23077
Average         T:0.29915    C:0.23932    A:0.23077    G:0.23077

#14: AfricanBuffalo 
position  1:    T:0.17949    C:0.12821    A:0.33333    G:0.35897
position  2:    T:0.46154    C:0.28205    A:0.15385    G:0.10256
position  3:    T:0.28205    C:0.25641    A:0.23077    G:0.23077
Average         T:0.30769    C:0.22222    A:0.23932    G:0.23077

#15: Topi           
position  1:    T:0.17949    C:0.12821    A:0.33333    G:0.35897
position  2:    T:0.46154    C:0.28205    A:0.15385    G:0.10256
position  3:    T:0.25641    C:0.30769    A:0.20513    G:0.23077
Average         T:0.29915    C:0.23932    A:0.23077    G:0.23077

#16: CommonDuiker   
position  1:    T:0.17949    C:0.12821    A:0.33333    G:0.35897
position  2:    T:0.46154    C:0.28205    A:0.15385    G:0.10256
position  3:    T:0.28205    C:0.28205    A:0.20513    G:0.23077
Average         T:0.30769    C:0.23077    A:0.23077    G:0.23077

#17: Suni           
position  1:    T:0.17949    C:0.12821    A:0.33333    G:0.35897
position  2:    T:0.46154    C:0.28205    A:0.15385    G:0.10256
position  3:    T:0.30769    C:0.25641    A:0.23077    G:0.20513
Average         T:0.31624    C:0.22222    A:0.23932    G:0.22222

#18: Springbuck     
position  1:    T:0.17949    C:0.12821    A:0.33333    G:0.35897
position  2:    T:0.46154    C:0.28205    A:0.15385    G:0.10256
position  3:    T:0.20513    C:0.35897    A:0.20513    G:0.23077
Average         T:0.28205    C:0.25641    A:0.23077    G:0.23077

#19: Okapi          
position  1:    T:0.17949    C:0.12821    A:0.33333    G:0.35897
position  2:    T:0.46154    C:0.28205    A:0.15385    G:0.10256
position  3:    T:0.25641    C:0.33333    A:0.23077    G:0.17949
Average         T:0.29915    C:0.24786    A:0.23932    G:0.21368

#20: Giraffe        
position  1:    T:0.17949    C:0.12821    A:0.33333    G:0.35897
position  2:    T:0.46154    C:0.28205    A:0.15385    G:0.10256
position  3:    T:0.33333    C:0.28205    A:0.20513    G:0.17949
Average         T:0.32479    C:0.23077    A:0.23077    G:0.21368

#21: TibetanAntelope
position  1:    T:0.17949    C:0.12821    A:0.33333    G:0.35897
position  2:    T:0.46154    C:0.28205    A:0.15385    G:0.10256
position  3:    T:0.25641    C:0.30769    A:0.20513    G:0.23077
Average         T:0.29915    C:0.23932    A:0.23077    G:0.23077

#22: Sitatunga      
position  1:    T:0.17949    C:0.12821    A:0.33333    G:0.35897
position  2:    T:0.46154    C:0.28205    A:0.15385    G:0.10256
position  3:    T:0.28205    C:0.28205    A:0.20513    G:0.23077
Average         T:0.30769    C:0.23077    A:0.23077    G:0.23077

#23: Oribi          
position  1:    T:0.17949    C:0.12821    A:0.33333    G:0.35897
position  2:    T:0.46154    C:0.28205    A:0.15385    G:0.10256
position  3:    T:0.23077    C:0.33333    A:0.20513    G:0.23077
Average         T:0.29060    C:0.24786    A:0.23077    G:0.23077

#24: BarbarySheep   
position  1:    T:0.17949    C:0.12821    A:0.30769    G:0.38462
position  2:    T:0.46154    C:0.28205    A:0.15385    G:0.10256
position  3:    T:0.25641    C:0.30769    A:0.20513    G:0.23077
Average         T:0.29915    C:0.23932    A:0.22222    G:0.23932

#25: Daviddeer      
position  1:    T:0.17949    C:0.12821    A:0.30769    G:0.38462
position  2:    T:0.46154    C:0.28205    A:0.15385    G:0.10256
position  3:    T:0.23077    C:0.35897    A:0.17949    G:0.23077
Average         T:0.29060    C:0.25641    A:0.21368    G:0.23932

#26: Reindeer       
position  1:    T:0.17949    C:0.12821    A:0.30769    G:0.38462
position  2:    T:0.46154    C:0.28205    A:0.15385    G:0.10256
position  3:    T:0.28205    C:0.30769    A:0.20513    G:0.20513
Average         T:0.30769    C:0.23932    A:0.22222    G:0.23077

#27: Ibex           
position  1:    T:0.17949    C:0.12821    A:0.33333    G:0.35897
position  2:    T:0.46154    C:0.28205    A:0.15385    G:0.10256
position  3:    T:0.28205    C:0.28205    A:0.20513    G:0.23077
Average         T:0.30769    C:0.23077    A:0.23077    G:0.23077

#28: GyrantGazelle  
position  1:    T:0.17949    C:0.12821    A:0.33333    G:0.35897
position  2:    T:0.46154    C:0.28205    A:0.15385    G:0.10256
position  3:    T:0.23077    C:0.33333    A:0.20513    G:0.23077
Average         T:0.29060    C:0.24786    A:0.23077    G:0.23077

#29: Hartebeest     
position  1:    T:0.17949    C:0.12821    A:0.33333    G:0.35897
position  2:    T:0.46154    C:0.28205    A:0.15385    G:0.10256
position  3:    T:0.25641    C:0.30769    A:0.20513    G:0.23077
Average         T:0.29915    C:0.23932    A:0.23077    G:0.23077

#30: Bongo          
position  1:    T:0.17949    C:0.12821    A:0.33333    G:0.35897
position  2:    T:0.46154    C:0.28205    A:0.15385    G:0.10256
position  3:    T:0.28205    C:0.28205    A:0.20513    G:0.23077
Average         T:0.30769    C:0.23077    A:0.23077    G:0.23077

#31: Gerenuk        
position  1:    T:0.17949    C:0.12821    A:0.33333    G:0.35897
position  2:    T:0.46154    C:0.28205    A:0.15385    G:0.10256
position  3:    T:0.25641    C:0.30769    A:0.20513    G:0.23077
Average         T:0.29915    C:0.23932    A:0.23077    G:0.23077

#32: CommonEland    
position  1:    T:0.17949    C:0.12821    A:0.33333    G:0.35897
position  2:    T:0.46154    C:0.28205    A:0.15385    G:0.10256
position  3:    T:0.28205    C:0.28205    A:0.20513    G:0.23077
Average         T:0.30769    C:0.23077    A:0.23077    G:0.23077

#33: MuntiacusReevesi
position  1:    T:0.17949    C:0.12821    A:0.33333    G:0.35897
position  2:    T:0.46154    C:0.28205    A:0.15385    G:0.10256
position  3:    T:0.15385    C:0.41026    A:0.20513    G:0.23077
Average         T:0.26496    C:0.27350    A:0.23077    G:0.23077

#34: HarveysDuiker  
position  1:    T:0.17949    C:0.12821    A:0.33333    G:0.35897
position  2:    T:0.46154    C:0.28205    A:0.15385    G:0.10256
position  3:    T:0.28205    C:0.28205    A:0.23077    G:0.20513
Average         T:0.30769    C:0.23077    A:0.23932    G:0.22222

#35: Pronghorn      
position  1:    T:0.17949    C:0.12821    A:0.30769    G:0.38462
position  2:    T:0.46154    C:0.28205    A:0.15385    G:0.10256
position  3:    T:0.17949    C:0.41026    A:0.15385    G:0.25641
Average         T:0.27350    C:0.27350    A:0.20513    G:0.24786

#36: BlueWildebeest 
position  1:    T:0.17949    C:0.12821    A:0.33333    G:0.35897
position  2:    T:0.46154    C:0.28205    A:0.15385    G:0.10256
position  3:    T:0.25641    C:0.30769    A:0.20513    G:0.23077
Average         T:0.29915    C:0.23932    A:0.23077    G:0.23077

#37: Gemsbok        
position  1:    T:0.17949    C:0.12821    A:0.30769    G:0.38462
position  2:    T:0.46154    C:0.28205    A:0.15385    G:0.10256
position  3:    T:0.23077    C:0.33333    A:0.20513    G:0.23077
Average         T:0.29060    C:0.24786    A:0.22222    G:0.23932

#38: Yak            
position  1:    T:0.17949    C:0.12821    A:0.33333    G:0.35897
position  2:    T:0.46154    C:0.28205    A:0.15385    G:0.10256
position  3:    T:0.28205    C:0.25641    A:0.23077    G:0.23077
Average         T:0.30769    C:0.22222    A:0.23932    G:0.23077

#39: BlueSheep      
position  1:    T:0.17949    C:0.12821    A:0.33333    G:0.35897
position  2:    T:0.46154    C:0.28205    A:0.15385    G:0.10256
position  3:    T:0.28205    C:0.28205    A:0.20513    G:0.23077
Average         T:0.30769    C:0.23077    A:0.23077    G:0.23077

#40: BohorReedbuck  
position  1:    T:0.17949    C:0.12821    A:0.33333    G:0.35897
position  2:    T:0.46154    C:0.28205    A:0.15385    G:0.10256
position  3:    T:0.25641    C:0.30769    A:0.20513    G:0.23077
Average         T:0.29915    C:0.23932    A:0.23077    G:0.23077

#41: KirksDik       
position  1:    T:0.17949    C:0.12821    A:0.33333    G:0.35897
position  2:    T:0.46154    C:0.28205    A:0.15385    G:0.10256
position  3:    T:0.25641    C:0.30769    A:0.20513    G:0.23077
Average         T:0.29915    C:0.23932    A:0.23077    G:0.23077

#42: RoeDeer        
position  1:    T:0.15385    C:0.15385    A:0.33333    G:0.35897
position  2:    T:0.43590    C:0.30769    A:0.15385    G:0.10256
position  3:    T:0.12821    C:0.41026    A:0.10256    G:0.35897
Average         T:0.23932    C:0.29060    A:0.19658    G:0.27350

#43: WhiteLippedDeer
position  1:    T:0.17949    C:0.12821    A:0.30769    G:0.38462
position  2:    T:0.46154    C:0.28205    A:0.15385    G:0.10256
position  3:    T:0.23077    C:0.35897    A:0.17949    G:0.23077
Average         T:0.29060    C:0.25641    A:0.21368    G:0.23932

#44: ThomsonGazelle 
position  1:    T:0.17949    C:0.12821    A:0.33333    G:0.35897
position  2:    T:0.46154    C:0.28205    A:0.15385    G:0.10256
position  3:    T:0.25641    C:0.30769    A:0.20513    G:0.23077
Average         T:0.29915    C:0.23932    A:0.23077    G:0.23077

#45: MuntiacusCrinifrons
position  1:    T:0.17949    C:0.12821    A:0.33333    G:0.35897
position  2:    T:0.46154    C:0.28205    A:0.15385    G:0.10256
position  3:    T:0.17949    C:0.38462    A:0.20513    G:0.23077
Average         T:0.27350    C:0.26496    A:0.23077    G:0.23077

#46: WhiteTailedDeer
position  1:    T:0.17949    C:0.12821    A:0.28205    G:0.41026
position  2:    T:0.46154    C:0.28205    A:0.15385    G:0.10256
position  3:    T:0.23077    C:0.38462    A:0.20513    G:0.17949
Average         T:0.29060    C:0.26496    A:0.21368    G:0.23077

#47: Cattle         
position  1:    T:0.17949    C:0.12821    A:0.30769    G:0.38462
position  2:    T:0.46154    C:0.28205    A:0.15385    G:0.10256
position  3:    T:0.28205    C:0.25641    A:0.23077    G:0.23077
Average         T:0.30769    C:0.22222    A:0.23077    G:0.23932

#48: RoyalAntelope  
position  1:    T:0.17949    C:0.12821    A:0.33333    G:0.35897
position  2:    T:0.46154    C:0.28205    A:0.15385    G:0.10256
position  3:    T:0.25641    C:0.30769    A:0.23077    G:0.20513
Average         T:0.29915    C:0.23932    A:0.23932    G:0.22222

#49: Steenbok       
position  1:    T:0.17949    C:0.12821    A:0.33333    G:0.35897
position  2:    T:0.46154    C:0.28205    A:0.15385    G:0.10256
position  3:    T:0.23077    C:0.33333    A:0.20513    G:0.23077
Average         T:0.29060    C:0.24786    A:0.23077    G:0.23077

#50: Impala         
position  1:    T:0.17949    C:0.12821    A:0.33333    G:0.35897
position  2:    T:0.46154    C:0.28205    A:0.15385    G:0.10256
position  3:    T:0.25641    C:0.30769    A:0.20513    G:0.23077
Average         T:0.29915    C:0.23932    A:0.23077    G:0.23077

#51: Klipspringer   
position  1:    T:0.17949    C:0.12821    A:0.33333    G:0.35897
position  2:    T:0.46154    C:0.28205    A:0.15385    G:0.10256
