1
52 1
Argali 0.000000 0.266900 0.050100 0.221200 0.030700 0.006000 0.049900 0.043700 0.050000 0.103800 0.030500 0.043700 0.063000 0.050000 0.063100 0.037200 0.111500 0.090200 0.037200 0.076400 0.030500 0.030900 0.083300 0.077300 0.030800 0.076700 0.037100 0.063200 0.030600 0.056400 0.104300 0.043500 0.109800 0.043400 0.043700 0.056600 0.012200 0.030700 0.089300 0.102700 0.090200 0.070200 0.117800 0.090200 0.063200 0.030800 0.043400 0.077100 0.056900 0.070000 0.063400 0.056600
LesserMous 0.266900 0.000000 0.286300 0.217300 0.275600 0.276000 0.284800 0.243900 0.268600 0.253600 0.242600 0.241100 0.266100 0.259000 0.304400 0.275700 0.294700 0.258000 0.269200 0.267500 0.256200 0.279400 0.253500 0.248400 0.242900 0.288000 0.249800 0.269200 0.257000 0.276600 0.255000 0.267700 0.280900 0.257200 0.260400 0.249400 0.250800 0.274900 0.309900 0.277700 0.262600 0.298000 0.253200 0.262300 0.258000 0.258500 0.282700 0.305300 0.314400 0.251100 0.288200 0.277900
LesserKudu 0.050100 0.286300 0.000000 0.259100 0.043600 0.056600 0.050200 0.044000 0.024800 0.118400 0.043700 0.044000 0.089500 0.063400 0.050400 0.037400 0.126600 0.104700 0.037500 0.050500 0.043300 0.044100 0.097500 0.091500 0.043700 0.077200 0.063200 0.037600 0.030800 0.031100 0.119000 0.056800 0.124400 0.069700 0.043900 0.057000 0.037300 0.043500 0.089800 0.131200 0.104500 0.070700 0.132900 0.104600 0.063700 0.043700 0.043700 0.077600 0.057200 0.057100 0.037800 0.031200
KillerWhal 0.221200 0.217300 0.259100 0.000000 0.250200 0.230300 0.256800 0.215300 0.255100 0.248400 0.213600 0.212900 0.263200 0.267300 0.276400 0.248000 0.283700 0.247100 0.232200 0.292300 0.228100 0.233700 0.218300 0.224300 0.213700 0.269400 0.236800 0.274400 0.228400 0.263500 0.250400 0.267100 0.260800 0.244600 0.231800 0.235800 0.205100 0.249900 0.282100 0.259500 0.236300 0.253000 0.248500 0.229900 0.244900 0.239100 0.255300 0.277900 0.288200 0.260000 0.257600 0.265700
DefassaWat 0.030700 0.275600 0.043600 0.250200 0.000000 0.037000 0.043400 0.037300 0.043600 0.110700 0.037100 0.037300 0.068800 0.030900 0.056500 0.030800 0.118500 0.096900 0.030900 0.069600 0.024300 0.037400 0.090000 0.084000 0.037100 0.070000 0.043400 0.056600 0.024300 0.049900 0.111200 0.022200 0.116500 0.048400 0.037300 0.037300 0.030800 0.000100 0.082500 0.109500 0.097000 0.063500 0.124900 0.097000 0.043700 0.024500 0.037000 0.070200 0.050300 0.063300 0.056700 0.050100
Sheep 0.006000 0.276000 0.056600 0.230300 0.037000 0.000000 0.056400 0.050200 0.056600 0.110900 0.036900 0.050200 0.069700 0.056600 0.069800 0.043600 0.118800 0.097200 0.043600 0.083200 0.036800 0.037300 0.090200 0.084200 0.037100 0.083600 0.043500 0.069900 0.036900 0.063000 0.097500 0.050000 0.116900 0.049800 0.050200 0.063300 0.018300 0.037000 0.096200 0.109700 0.097200 0.077000 0.125100 0.097200 0.069900 0.037200 0.049900 0.084000 0.063500 0.076800 0.070100 0.063300
MaxwellsDu 0.049900 0.284800 0.050200 0.256800 0.043400 0.056400 0.000000 0.056800 0.050200 0.110800 0.056500 0.056700 0.089200 0.050100 0.063300 0.050100 0.140600 0.118300 0.050200 0.076600 0.043100 0.057000 0.097000 0.091000 0.056500 0.090500 0.063000 0.063400 0.043300 0.056600 0.111300 0.043600 0.138200 0.069400 0.056800 0.070000 0.050000 0.043400 0.103200 0.116600 0.104000 0.083800 0.125000 0.104000 0.076700 0.046200 0.056400 0.077300 0.070200 0.083600 0.063600 0.056800
GazellaPrz 0.043700 0.243900 0.044000 0.215300 0.037300 0.050200 0.056800 0.000000 0.044000 0.097600 0.024800 0.037600 0.082900 0.057000 0.057000 0.018400 0.119500 0.097800 0.031200 0.063700 0.024500 0.037800 0.077100 0.074500 0.024800 0.050500 0.056800 0.057100 0.024600 0.050300 0.098100 0.050400 0.117600 0.063200 0.024800 0.050600 0.031000 0.037200 0.056500 0.110400 0.084100 0.044100 0.111600 0.084100 0.057200 0.037400 0.037400 0.070900 0.064000 0.037600 0.057300 0.050500
MountainNy 0.050000 0.268600 0.024800 0.255100 0.043600 0.056600 0.050200 0.044000 0.000000 0.116700 0.043700 0.044000 0.089600 0.063400 0.063500 0.037400 0.112100 0.090700 0.037500 0.024800 0.043300 0.044100 0.095700 0.089400 0.043700 0.077200 0.063200 0.012300 0.030800 0.006100 0.117300 0.056700 0.110300 0.069600 0.043900 0.050400 0.037300 0.043500 0.089800 0.130800 0.102600 0.070600 0.131200 0.102700 0.057000 0.043700 0.043700 0.077500 0.070500 0.068400 0.012400 0.006100
MuntiacusM 0.103800 0.253600 0.118400 0.248400 0.110700 0.110900 0.110800 0.097600 0.116700 0.000000 0.111000 0.083100 0.147200 0.125400 0.129700 0.097100 0.153600 0.130600 0.104500 0.123600 0.109800 0.104800 0.043500 0.050200 0.111000 0.133300 0.118100 0.109600 0.096400 0.123600 0.018300 0.118100 0.136900 0.124800 0.097600 0.109000 0.090200 0.110500 0.161400 0.062300 0.043400 0.126400 0.012000 0.037100 0.116200 0.110800 0.110800 0.149000 0.140900 0.140900 0.131900 0.124700
goat 0.030500 0.242600 0.043700 0.213600 0.037100 0.036900 0.056500 0.024800 0.043700 0.111000 0.000000 0.037400 0.082800 0.056600 0.056700 0.030900 0.118900 0.097300 0.030900 0.069900 0.024400 0.024600 0.090300 0.084300 0.000000 0.070200 0.056500 0.056800 0.024500 0.050100 0.111500 0.050100 0.116900 0.062800 0.037400 0.050300 0.018400 0.037100 0.069500 0.123800 0.097300 0.063700 0.125200 0.097300 0.056800 0.037200 0.037200 0.070500 0.063600 0.050500 0.057000 0.050300
AfricanBuf 0.043700 0.241100 0.044000 0.212900 0.037300 0.050200 0.056700 0.037600 0.044000 0.083100 0.037400 0.000000 0.082300 0.056900 0.057000 0.031100 0.091000 0.083900 0.031200 0.070300 0.037000 0.037700 0.063200 0.057200 0.037400 0.070700 0.056800 0.057100 0.027100 0.050400 0.083500 0.050300 0.103400 0.063200 0.037600 0.024700 0.031000 0.037200 0.083200 0.095700 0.069900 0.064100 0.096800 0.069900 0.031000 0.037400 0.037400 0.070900 0.064000 0.063800 0.057300 0.050600
Topi 0.063000 0.266100 0.089500 0.263200 0.068800 0.069700 0.089200 0.082900 0.089600 0.147200 0.082800 0.082300 0.000000 0.075900 0.103500 0.075500 0.155400 0.132700 0.076400 0.117300 0.068100 0.083500 0.125400 0.119500 0.082700 0.103900 0.024700 0.103400 0.071700 0.096000 0.147900 0.082600 0.152900 0.043500 0.083000 0.082200 0.063100 0.069000 0.130900 0.145400 0.132800 0.111300 0.147100 0.132800 0.089200 0.055200 0.082400 0.104200 0.096500 0.096400 0.103900 0.096300
CommonDuik 0.050000 0.259000 0.063400 0.267300 0.030900 0.056600 0.050100 0.057000 0.063400 0.125400 0.056600 0.056900 0.075900 0.000000 0.076800 0.050200 0.140900 0.118600 0.050400 0.090300 0.043200 0.057200 0.111300 0.105400 0.056600 0.077100 0.063200 0.076900 0.043400 0.069900 0.126000 0.018500 0.138500 0.069600 0.056900 0.056900 0.050100 0.030800 0.103400 0.117200 0.118500 0.084100 0.139900 0.118600 0.063500 0.046600 0.056600 0.091200 0.070400 0.070300 0.077100 0.070100
Suni 0.063100 0.304400 0.050400 0.276400 0.056500 0.069800 0.063300 0.057000 0.063500 0.129700 0.056700 0.057000 0.103500 0.076800 0.000000 0.050300 0.126700 0.104800 0.050500 0.090500 0.056100 0.057200 0.111400 0.101900 0.056700 0.090900 0.076500 0.077000 0.043500 0.070000 0.130300 0.070000 0.138800 0.069700 0.057000 0.070300 0.050200 0.056500 0.090000 0.145700 0.115200 0.084200 0.144600 0.115400 0.077100 0.056700 0.056700 0.050900 0.057200 0.083800 0.077300 0.070300
Springbuck 0.037200 0.275700 0.037400 0.248000 0.030800 0.043600 0.050100 0.018400 0.037400 0.097100 0.030900 0.031100 0.075500 0.050200 0.050300 0.000000 0.111900 0.090500 0.024800 0.050200 0.030600 0.018600 0.083600 0.070800 0.030900 0.056900 0.050100 0.037400 0.018300 0.043700 0.097600 0.043700 0.110100 0.056400 0.031100 0.043900 0.024600 0.030800 0.062700 0.116900 0.083600 0.050500 0.111100 0.083600 0.050400 0.030900 0.030900 0.063900 0.057100 0.043800 0.050500 0.043800
Okapi 0.111500 0.294700 0.126600 0.283700 0.118500 0.118800 0.140600 0.119500 0.112100 0.153600 0.118900 0.091000 0.155400 0.140900 0.126700 0.111900 0.000000 0.057400 0.112300 0.141200 0.117500 0.120000 0.131500 0.140200 0.118900 0.156600 0.125900 0.126700 0.103900 0.118900 0.154400 0.133400 0.117800 0.118500 0.119400 0.112300 0.097700 0.118300 0.155200 0.168000 0.124100 0.147100 0.168800 0.138800 0.119400 0.118800 0.118600 0.142600 0.141600 0.147300 0.127100 0.119400
Giraffe 0.090200 0.258000 0.104700 0.247100 0.096900 0.097200 0.118300 0.097800 0.090700 0.130600 0.097300 0.083900 0.132700 0.118600 0.104800 0.090500 0.057400 0.000000 0.090900 0.118800 0.096200 0.098200 0.109100 0.117400 0.097300 0.139600 0.104100 0.104800 0.083000 0.097500 0.131200 0.111300 0.096400 0.097000 0.097800 0.102600 0.076900 0.096800 0.132300 0.145000 0.116200 0.126700 0.145300 0.116300 0.109800 0.097300 0.094800 0.120000 0.126600 0.124200 0.105200 0.097800
TibetanAnt 0.037200 0.269200 0.037500 0.232200 0.030900 0.043600 0.050200 0.031200 0.037500 0.104500 0.030900 0.031200 0.076400 0.050400 0.050500 0.024800 0.112300 0.090900 0.000000 0.063600 0.030700 0.031200 0.070400 0.077800 0.031000 0.063900 0.050200 0.050500 0.018300 0.043800 0.105000 0.043800 0.096700 0.056600 0.024800 0.044000 0.024700 0.030900 0.076500 0.117300 0.090800 0.057400 0.118700 0.090800 0.050500 0.031000 0.031000 0.064200 0.057300 0.057200 0.050700 0.044000
Sitatunga 0.076400 0.267500 0.050500 0.292300 0.069600 0.083200 0.076600 0.063700 0.024800 0.123600 0.069900 0.070300 0.117300 0.090300 0.090500 0.050200 0.141200 0.118800 0.063600 0.000000 0.069200 0.057200 0.109500 0.096100 0.069900 0.104800 0.090100 0.012300 0.056300 0.031100 0.124200 0.083400 0.138800 0.096700 0.070300 0.077100 0.063300 0.069600 0.117600 0.145400 0.109300 0.098000 0.138300 0.109400 0.083900 0.069900 0.069800 0.105300 0.097900 0.095700 0.037700 0.031200
Oribi 0.030500 0.256200 0.043300 0.228100 0.024300 0.036800 0.043100 0.024500 0.043300 0.109800 0.024400 0.037000 0.068100 0.043200 0.056100 0.030600 0.117500 0.096200 0.030700 0.069200 0.000000 0.037200 0.089300 0.086700 0.024400 0.069500 0.043100 0.056200 0.024200 0.049600 0.110400 0.036900 0.115700 0.049400 0.037000 0.049800 0.030600 0.024300 0.068800 0.108700 0.096200 0.063100 0.123900 0.096300 0.056300 0.024300 0.036800 0.069800 0.049900 0.049900 0.056400 0.049800
BarbaryShe 0.030900 0.279400 0.044100 0.233700 0.037400 0.037300 0.057000 0.037800 0.044100 0.104800 0.024600 0.037700 0.083500 0.057200 0.057200 0.018600 0.120000 0.098200 0.031200 0.057200 0.037200 0.000000 0.091000 0.078100 0.024800 0.070900 0.057000 0.044200 0.024700 0.050500 0.105300 0.050500 0.118000 0.063400 0.037700 0.050700 0.018500 0.037400 0.083500 0.124800 0.091100 0.064300 0.119000 0.091100 0.057400 0.037500 0.037500 0.064400 0.064200 0.064100 0.057500 0.050700
Daviddeer 0.083300 0.253500 0.097500 0.218300 0.090000 0.090200 0.097000 0.077100 0.095700 0.043500 0.090300 0.063200 0.125400 0.111300 0.111400 0.083600 0.131500 0.109100 0.070400 0.109500 0.089300 0.091000 0.000000 0.044000 0.090300 0.111900 0.097200 0.095800 0.076200 0.102400 0.056600 0.104200 0.101600 0.103800 0.077100 0.088200 0.070000 0.089900 0.139400 0.055900 0.018400 0.105100 0.056500 0.030900 0.095200 0.090200 0.090100 0.126900 0.119200 0.119200 0.110500 0.103500
Reindeer 0.077300 0.248400 0.091500 0.224300 0.084000 0.084200 0.091000 0.074500 0.089400 0.050200 0.084300 0.057200 0.119500 0.105400 0.101900 0.070800 0.140200 0.117400 0.077800 0.096100 0.086700 0.078100 0.044000 0.000000 0.084300 0.109900 0.091200 0.082400 0.073000 0.096200 0.057000 0.098200 0.138300 0.097900 0.071000 0.082000 0.064000 0.083900 0.133500 0.062900 0.043800 0.103100 0.063300 0.029900 0.089000 0.084200 0.087800 0.120900 0.113300 0.113200 0.104200 0.097300
Ibex 0.030800 0.242900 0.043700 0.213700 0.037100 0.037100 0.056500 0.024800 0.043700 0.111000 0.000000 0.037400 0.082700 0.056600 0.056700 0.030900 0.118900 0.097300 0.031000 0.069900 0.024400 0.024800 0.090300 0.084300 0.000000 0.070300 0.056500 0.056800 0.024500 0.050100 0.111600 0.050100 0.117000 0.062800 0.037400 0.050300 0.018400 0.037100 0.069600 0.123800 0.097300 0.063700 0.125200 0.097300 0.056800 0.037200 0.037200 0.070500 0.063600 0.050500 0.057000 0.050300
GyrantGaze 0.076700 0.288000 0.077200 0.269400 0.070000 0.083600 0.090500 0.050500 0.077200 0.133300 0.070200 0.070700 0.103900 0.077100 0.090900 0.056900 0.156600 0.139600 0.063900 0.104800 0.069500 0.070900 0.111900 0.109900 0.070300 0.000000 0.090500 0.091000 0.056600 0.083800 0.134000 0.083800 0.154200 0.097100 0.057200 0.070600 0.063600 0.069900 0.110700 0.131700 0.119200 0.018700 0.148100 0.105000 0.063900 0.070200 0.056900 0.105800 0.098400 0.063700 0.091400 0.084200
Hartebeest 0.037100 0.249800 0.063200 0.236800 0.043400 0.043500 0.063000 0.056800 0.063200 0.118100 0.056500 0.056800 0.024700 0.063200 0.076500 0.050100 0.125900 0.104100 0.050200 0.090100 0.043100 0.057000 0.097200 0.091200 0.056500 0.090500 0.000000 0.076600 0.043300 0.069700 0.118700 0.056600 0.123900 0.018300 0.056800 0.070000 0.037200 0.043400 0.103100 0.116800 0.104200 0.083900 0.118000 0.104200 0.076700 0.030800 0.056400 0.077200 0.070200 0.083600 0.076900 0.069900
Bongo 0.063200 0.269200 0.037600 0.274400 0.056600 0.069900 0.063400 0.057100 0.012300 0.109600 0.056800 0.057100 0.103400 0.076900 0.077000 0.037400 0.126700 0.104800 0.050500 0.012300 0.056200 0.044200 0.095800 0.082400 0.056800 0.091000 0.076600 0.000000 0.043500 0.018500 0.110100 0.070100 0.124600 0.083200 0.057100 0.063800 0.050300 0.056500 0.103700 0.131100 0.095500 0.084400 0.124000 0.095600 0.070500 0.056800 0.056800 0.091500 0.084200 0.081800 0.025000 0.018600
Gerenuk 0.030600 0.257000 0.030800 0.228400 0.024300 0.036900 0.043300 0.024600 0.030800 0.096400 0.024500 0.027100 0.071700 0.043400 0.043500 0.018300 0.103900 0.083000 0.018300 0.056300 0.024200 0.024700 0.076200 0.073000 0.024500 0.056600 0.043300 0.043500 0.000000 0.037000 0.096900 0.037000 0.102300 0.049500 0.024500 0.040000 0.018300 0.024300 0.069000 0.109000 0.083000 0.050200 0.110300 0.083000 0.046600 0.024400 0.024400 0.056800 0.050100 0.050000 0.043700 0.037100
CommonElan 0.056400 0.276600 0.031100 0.263500 0.049900 0.063000 0.056600 0.050300 0.006100 0.123600 0.050100 0.050400 0.096000 0.069900 0.070000 0.043700 0.118900 0.097500 0.043800 0.031100 0.049600 0.050500 0.102400 0.096200 0.050100 0.083800 0.069700 0.018500 0.037000 0.000000 0.124200 0.063200 0.117100 0.076100 0.050300 0.056900 0.043600 0.049900 0.096400 0.137800 0.109300 0.077200 0.138200 0.109500 0.063600 0.050100 0.050000 0.084200 0.077100 0.074600 0.018600 0.012300
MuntiacusR 0.104300 0.255000 0.119000 0.250400 0.111200 0.097500 0.111300 0.098100 0.117300 0.018300 0.111500 0.083500 0.147900 0.126000 0.130300 0.097600 0.154400 0.131200 0.105000 0.124200 0.110400 0.105300 0.056600 0.057000 0.111600 0.134000 0.118700 0.110100 0.096900 0.124200 0.000000 0.118700 0.152200 0.125500 0.098000 0.109600 0.090600 0.111100 0.162200 0.075600 0.050000 0.127100 0.030700 0.056500 0.116800 0.111400 0.111400 0.149800 0.141700 0.141600 0.132600 0.125400
HarveysDui 0.043500 0.267700 0.056800 0.267100 0.022200 0.050000 0.043600 0.050400 0.056700 0.118100 0.050100 0.050300 0.082600 0.018500 0.070000 0.043700 0.133400 0.111300 0.043800 0.083400 0.036900 0.050500 0.104200 0.098200 0.050100 0.083800 0.056600 0.070100 0.037000 0.063200 0.118700 0.000000 0.131200 0.049900 0.050300 0.063400 0.043600 0.024500 0.096400 0.123900 0.111300 0.077200 0.132400 0.111300 0.070100 0.039800 0.050000 0.084100 0.061700 0.076900 0.070300 0.063400
Pronghorn 0.109800 0.280900 0.124400 0.260800 0.116500 0.116900 0.138200 0.117600 0.110300 0.136900 0.116900 0.103400 0.152900 0.138500 0.138800 0.110100 0.117800 0.096400 0.096700 0.138800 0.115700 0.118000 0.101600 0.138300 0.117000 0.154200 0.123900 0.124600 0.102300 0.117100 0.152200 0.131200 0.000000 0.130700 0.117500 0.124600 0.096300 0.116400 0.167200 0.151200 0.122700 0.147100 0.151700 0.122700 0.131900 0.116900 0.102900 0.154900 0.146900 0.130400 0.125000 0.117500
BlueWildeb 0.043400 0.257200 0.069700 0.244600 0.048400 0.049800 0.069400 0.063200 0.069600 0.124800 0.062800 0.063200 0.043500 0.069600 0.069700 0.056400 0.118500 0.097000 0.056600 0.096700 0.049400 0.063400 0.103800 0.097900 0.062800 0.097100 0.018300 0.083200 0.049500 0.076100 0.125500 0.049900 0.130700 0.000000 0.063200 0.076400 0.043500 0.049700 0.096100 0.123500 0.110900 0.090400 0.124800 0.110900 0.083200 0.037100 0.062800 0.070300 0.075200 0.090200 0.083400 0.076400
Gemsbok 0.043700 0.260400 0.043900 0.231800 0.037300 0.050200 0.056800 0.024800 0.043900 0.097600 0.037400 0.037600 0.083000 0.056900 0.057000 0.031100 0.119400 0.097800 0.024800 0.070300 0.037000 0.037700 0.077100 0.071000 0.037400 0.057200 0.056800 0.057100 0.024500 0.050300 0.098000 0.050300 0.117500 0.063200 0.000000 0.050500 0.031000 0.037200 0.083200 0.110300 0.084000 0.050800 0.111600 0.084000 0.057100 0.037400 0.037300 0.070900 0.063900 0.063900 0.057300 0.050500
Yak 0.056600 0.249400 0.057000 0.235800 0.037300 0.063300 0.070000 0.050600 0.050400 0.109000 0.050300 0.024700 0.082200 0.056900 0.070300 0.043900 0.112300 0.102600 0.044000 0.077100 0.049800 0.050700 0.088200 0.082000 0.050300 0.070600 0.070000 0.063800 0.040000 0.056900 0.109600 0.063400 0.124600 0.076400 0.050500 0.000000 0.043800 0.037300 0.096900 0.123100 0.095100 0.077500 0.123300 0.095200 0.006100 0.050300 0.050200 0.084500 0.077400 0.061400 0.064000 0.057100
BlueSheep 0.012200 0.250800 0.037300 0.205100 0.030800 0.018300 0.050000 0.031000 0.037300 0.090200 0.018400 0.031000 0.063100 0.050100 0.050200 0.024600 0.097700 0.076900 0.024700 0.063300 0.030600 0.018500 0.070000 0.064000 0.018400 0.063600 0.037200 0.050300 0.018300 0.043600 0.090600 0.043600 0.096300 0.043500 0.031000 0.043800 0.000000 0.030700 0.076100 0.102800 0.076800 0.057100 0.104000 0.076800 0.050300 0.030900 0.030800 0.063900 0.057000 0.056900 0.050500 0.043800
BohorReedb 0.030700 0.274900 0.043500 0.249900 0.000100 0.037000 0.043400 0.037200 0.043500 0.110500 0.037100 0.037200 0.069000 0.030800 0.056500 0.030800 0.118300 0.096800 0.030900 0.069600 0.024300 0.037400 0.089900 0.083900 0.037100 0.069900 0.043400 0.056500 0.024300 0.049900 0.111100 0.024500 0.116400 0.049700 0.037200 0.037300 0.030700 0.000000 0.082400 0.109400 0.096800 0.063400 0.124700 0.096800 0.043700 0.024500 0.037000 0.070200 0.050200 0.063200 0.056700 0.050000
KirksDik 0.089300 0.309900 0.089800 0.282100 0.082500 0.096200 0.103200 0.056500 0.089800 0.161400 0.069500 0.083200 0.130900 0.103400 0.090000 0.062700 0.155200 0.132300 0.076500 0.117600 0.068800 0.083500 0.139400 0.133500 0.069600 0.110700 0.103100 0.103700 0.069000 0.096400 0.162200 0.096400 0.167200 0.096100 0.083200 0.096900 0.076100 0.082400 0.000000 0.174400 0.146900 0.103900 0.176500 0.146800 0.103800 0.069500 0.069400 0.104600 0.111000 0.083200 0.104000 0.096800
RoeDeer 0.102700 0.277700 0.131200 0.259500 0.109500 0.109700 0.116600 0.110400 0.130800 0.062300 0.123800 0.095700 0.145400 0.117200 0.145700 0.116900 0.168000 0.145000 0.117300 0.145400 0.108700 0.124800 0.055900 0.062900 0.123800 0.131700 0.116800 0.131100 0.109000 0.137800 0.075600 0.123900 0.151200 0.123500 0.110300 0.123100 0.102800 0.109400 0.174400 0.000000 0.062400 0.124900 0.075400 0.036800 0.116000 0.109800 0.109500 0.162000 0.139300 0.138900 0.146100 0.138600
WhiteLippe 0.090200 0.262600 0.104500 0.236300 0.097000 0.097200 0.104000 0.084100 0.102600 0.043400 0.097300 0.069900 0.132800 0.118500 0.115200 0.083600 0.124100 0.116200 0.090800 0.109300 0.096200 0.091100 0.018400 0.043800 0.097300 0.119200 0.104200 0.095500 0.083000 0.109300 0.050000 0.111300 0.122700 0.110900 0.084000 0.095100 0.076800 0.096800 0.146900 0.062400 0.000000 0.112300 0.056300 0.030800 0.102100 0.097100 0.097100 0.134400 0.126600 0.126600 0.117500 0.110600
ThomsonGaz 0.070200 0.298000 0.070700 0.253000 0.063500 0.077000 0.083800 0.044100 0.070600 0.126400 0.063700 0.064100 0.111300 0.084100 0.084200 0.050500 0.147100 0.126700 0.057400 0.098000 0.063100 0.064300 0.105100 0.103100 0.063700 0.018700 0.083900 0.084400 0.050200 0.077200 0.127100 0.077200 0.147100 0.090400 0.050800 0.077500 0.057100 0.063400 0.103900 0.124900 0.112300 0.000000 0.141000 0.098200 0.070700 0.063700 0.050500 0.099000 0.091600 0.070600 0.084700 0.077500
MuntiacusC 0.117800 0.253200 0.132900 0.248500 0.124900 0.125100 0.125000 0.111600 0.131200 0.012000 0.125200 0.096800 0.147100 0.139900 0.144600 0.111100 0.168800 0.145300 0.118700 0.138300 0.123900 0.119000 0.056500 0.063300 0.125200 0.148100 0.118000 0.124000 0.110300 0.138200 0.030700 0.132400 0.151700 0.124800 0.111600 0.123300 0.104000 0.124700 0.176500 0.075400 0.056300 0.141000 0.000000 0.049800 0.130600 0.125100 0.125100 0.149000 0.155800 0.155800 0.146800 0.139400
WhiteTaile 0.090200 0.262300 0.104600 0.229900 0.097000 0.097200 0.104000 0.084100 0.102700 0.037100 0.097300 0.069900 0.132800 0.118600 0.115400 0.083600 0.138800 0.116300 0.090800 0.109400 0.096300 0.091100 0.030900 0.029900 0.097300 0.105000 0.104200 0.095600 0.083000 0.109500 0.056500 0.111300 0.122700 0.110900 0.084000 0.095200 0.076800 0.096800 0.146800 0.036800 0.030800 0.098200 0.049800 0.000000 0.088200 0.097200 0.083400 0.134500 0.126600 0.112100 0.117700 0.110600
Cattle 0.063200 0.258000 0.063700 0.244900 0.043700 0.069900 0.076700 0.057200 0.057000 0.116200 0.056800 0.031000 0.089200 0.063500 0.077100 0.050400 0.119400 0.109800 0.050500 0.083900 0.056300 0.057400 0.095200 0.089000 0.056800 0.063900 0.076700 0.070500 0.046600 0.063600 0.116800 0.070100 0.131900 0.083200 0.057100 0.006100 0.050300 0.043700 0.103800 0.116000 0.102100 0.070700 0.130600 0.088200 0.000000 0.056800 0.043800 0.091500 0.084300 0.054600 0.070700 0.063800
RoyalAntel 0.030800 0.258500 0.043700 0.239100 0.024500 0.037200 0.046200 0.037400 0.043700 0.110800 0.037200 0.037400 0.055200 0.046600 0.056700 0.030900 0.118800 0.097300 0.031000 0.069900 0.024300 0.037500 0.090200 0.084200 0.037200 0.070200 0.030800 0.056800 0.024400 0.050100 0.111400 0.039800 0.116900 0.037100 0.037400 0.050300 0.030900 0.024500 0.069500 0.109800 0.097100 0.063700 0.125100 0.097200 0.056800 0.000000 0.024600 0.070500 0.050500 0.063500 0.057000 0.050300
Steenbok 0.043400 0.282700 0.043700 0.255300 0.037000 0.049900 0.056400 0.037400 0.043700 0.110800 0.037200 0.037400 0.082400 0.056600 0.056700 0.030900 0.118600 0.094800 0.031000 0.069800 0.036800 0.037500 0.090100 0.087800 0.037200 0.056900 0.056400 0.056800 0.024400 0.050000 0.111400 0.050000 0.102900 0.062800 0.037300 0.050200 0.030800 0.037000 0.069400 0.109500 0.097100 0.050500 0.125100 0.083400 0.043800 0.024600 0.000000 0.070500 0.063500 0.050300 0.056900 0.050200
Impala 0.077100 0.305300 0.077600 0.277900 0.070200 0.084000 0.077300 0.070900 0.077500 0.149000 0.070500 0.070900 0.104200 0.091200 0.050900 0.063900 0.142600 0.120000 0.064200 0.105300 0.069800 0.064400 0.126900 0.120900 0.070500 0.105800 0.077200 0.091500 0.056800 0.084200 0.149800 0.084100 0.154900 0.070300 0.070900 0.084500 0.063900 0.070200 0.104600 0.162000 0.134400 0.099000 0.149000 0.134500 0.091500 0.070500 0.070500 0.000000 0.084700 0.098600 0.091800 0.084500
Klipspring 0.056900 0.314400 0.057200 0.288200 0.050300 0.063500 0.070200 0.064000 0.070500 0.140900 0.063600 0.064000 0.096500 0.070400 0.057200 0.057100 0.141600 0.126600 0.057300 0.097900 0.049900 0.064200 0.119200 0.113300 0.063600 0.098400 0.070200 0.084200 0.050100 0.077100 0.141700 0.061700 0.146900 0.075200 0.063900 0.077400 0.057000 0.050200 0.111000 0.139300 0.126600 0.091600 0.155800 0.126600 0.084300 0.050500 0.063500 0.084700 0.000000 0.091200 0.084500 0.077400
ForestMusk 0.070000 0.251100 0.057100 0.260000 0.063300 0.076800 0.083600 0.037600 0.068400 0.140900 0.050500 0.063800 0.096400 0.070300 0.083800 0.043800 0.147300 0.124200 0.057200 0.095700 0.049900 0.064100 0.119200 0.113200 0.050500 0.063700 0.083600 0.081800 0.050000 0.074600 0.141600 0.076900 0.130400 0.090200 0.063900 0.061400 0.056900 0.063200 0.083200 0.138900 0.126600 0.070600 0.155800 0.112100 0.054600 0.063500 0.050300 0.098600 0.091200 0.000000 0.082200 0.075800
Bushbuck 0.063400 0.288200 0.037800 0.257600 0.056700 0.070100 0.063600 0.057300 0.012400 0.131900 0.057000 0.057300 0.103900 0.077100 0.077300 0.050500 0.127100 0.105200 0.050700 0.037700 0.056400 0.057500 0.110500 0.104200 0.057000 0.091400 0.076900 0.025000 0.043700 0.018600 0.132600 0.070300 0.125000 0.083400 0.057300 0.064000 0.050500 0.056700 0.104000 0.146100 0.117500 0.084700 0.146800 0.117700 0.070700 0.057000 0.056900 0.091800 0.084500 0.082200 0.000000 0.018700
GreaterKud 0.056600 0.277900 0.031200 0.265700 0.050100 0.063300 0.056800 0.050500 0.006100 0.124700 0.050300 0.050600 0.096300 0.070100 0.070300 0.043800 0.119400 0.097800 0.044000 0.031200 0.049800 0.050700 0.103500 0.097300 0.050300 0.084200 0.069900 0.018600 0.037100 0.012300 0.125400 0.063400 0.117500 0.076400 0.050500 0.057100 0.043800 0.050000 0.096800 0.138600 0.110600 0.077500 0.139400 0.110600 0.063800 0.050300 0.050200 0.084500 0.077400 0.075800 0.018700 0.000000
