1
52 1
Argali 0.000000 0.243300 0.081500 0.221300 0.045700 0.001900 0.066500 0.059000 0.074600 0.127300 0.015700 0.069300 0.051800 0.059900 0.070400 0.060100 0.092600 0.088700 0.026500 0.078700 0.052900 0.023500 0.115100 0.161800 0.015700 0.063100 0.050800 0.074500 0.071200 0.075700 0.128900 0.058100 0.089100 0.059900 0.048900 0.076300 0.017600 0.047600 0.056200 0.144100 0.114000 0.073400 0.129600 0.175000 0.072300 0.060100 0.059900 0.065000 0.057800 0.087000 0.072600 0.075600
LesserMous 0.243300 0.000000 0.240500 0.265300 0.240400 0.244800 0.259200 0.252500 0.234200 0.258100 0.245800 0.245800 0.253100 0.262800 0.249700 0.254000 0.250200 0.255700 0.233700 0.236400 0.256300 0.250100 0.250100 0.286200 0.248500 0.254000 0.252700 0.236600 0.263400 0.233100 0.259000 0.258600 0.241300 0.260100 0.237700 0.247400 0.248700 0.248600 0.254500 0.283400 0.255900 0.262500 0.259800 0.296400 0.249500 0.259600 0.259700 0.257100 0.248900 0.256900 0.230100 0.240800
LesserKudu 0.081500 0.240500 0.000000 0.217700 0.070700 0.081600 0.098500 0.090600 0.026200 0.141000 0.077300 0.060300 0.078100 0.095800 0.088500 0.089600 0.097000 0.097400 0.083200 0.029900 0.085600 0.089700 0.125200 0.167100 0.077300 0.090600 0.081200 0.024200 0.096700 0.023300 0.142600 0.096200 0.105200 0.085200 0.081500 0.065200 0.085800 0.076700 0.082600 0.158900 0.127600 0.098900 0.143300 0.184000 0.062300 0.086500 0.087200 0.077800 0.088200 0.085000 0.022300 0.027200
KillerWhal 0.221300 0.265300 0.217700 0.000000 0.212900 0.222700 0.227400 0.226400 0.212700 0.259900 0.218700 0.222500 0.224300 0.235900 0.226800 0.222600 0.216300 0.213700 0.217400 0.216200 0.227200 0.220200 0.243900 0.295100 0.221200 0.221700 0.225200 0.217400 0.227900 0.219100 0.269000 0.234600 0.209100 0.227200 0.221300 0.216700 0.225200 0.218100 0.221400 0.276300 0.250600 0.228400 0.261500 0.312800 0.216100 0.227100 0.213200 0.217200 0.221700 0.221800 0.212600 0.219000
DefassaWat 0.045700 0.240400 0.070700 0.212900 0.000000 0.045700 0.072500 0.064900 0.067900 0.128900 0.047700 0.073100 0.058800 0.065800 0.072100 0.068100 0.094300 0.090500 0.048400 0.074100 0.064000 0.053700 0.119100 0.157100 0.047700 0.071200 0.057700 0.067900 0.077200 0.069000 0.132800 0.066200 0.094000 0.065800 0.054900 0.080200 0.049800 0.019400 0.058000 0.143300 0.118000 0.079300 0.131200 0.172700 0.077200 0.070200 0.061600 0.062700 0.065700 0.082300 0.066000 0.069000
Sheep 0.001900 0.244800 0.081600 0.222700 0.045700 0.000000 0.066500 0.059000 0.074600 0.127300 0.015600 0.070400 0.051800 0.059900 0.070400 0.060100 0.092600 0.089800 0.026400 0.080900 0.052900 0.022500 0.115200 0.161900 0.015600 0.065300 0.050800 0.074500 0.071300 0.075700 0.131300 0.057100 0.091200 0.060000 0.048800 0.078500 0.016600 0.047600 0.056200 0.144200 0.114100 0.073400 0.129700 0.175100 0.074500 0.060100 0.059900 0.064000 0.057800 0.087100 0.072600 0.075600
MaxwellsDu 0.066500 0.259200 0.098500 0.227400 0.072500 0.066500 0.000000 0.077700 0.089300 0.143600 0.070700 0.094600 0.072500 0.033300 0.085800 0.078900 0.109600 0.111200 0.071300 0.094600 0.072700 0.078900 0.128800 0.175200 0.070700 0.082000 0.070400 0.091400 0.085900 0.092600 0.147700 0.037600 0.110500 0.076500 0.073900 0.093100 0.072900 0.076200 0.072900 0.154600 0.132400 0.090300 0.146000 0.188600 0.091200 0.070400 0.082800 0.088800 0.082700 0.104000 0.089500 0.090400
GazellaPrz 0.059000 0.252500 0.090600 0.226400 0.064900 0.059000 0.077700 0.000000 0.083700 0.136000 0.059000 0.077300 0.072200 0.075100 0.076400 0.051500 0.101700 0.104300 0.065900 0.085700 0.051600 0.071300 0.122500 0.173000 0.059000 0.054600 0.071200 0.083600 0.060500 0.084800 0.142300 0.069200 0.097200 0.079400 0.070500 0.085400 0.067300 0.066800 0.049700 0.156300 0.123700 0.064700 0.138300 0.186100 0.085600 0.080700 0.055400 0.074100 0.068800 0.092900 0.077400 0.084700
MountainNy 0.074600 0.234200 0.026200 0.212700 0.067900 0.074600 0.089300 0.083700 0.000000 0.133600 0.072400 0.053400 0.075300 0.086700 0.081500 0.076300 0.091100 0.095700 0.076200 0.021400 0.076500 0.082700 0.115700 0.159600 0.072400 0.081500 0.078400 0.009600 0.087600 0.014500 0.132800 0.087100 0.100300 0.082500 0.074600 0.056300 0.078800 0.073900 0.079900 0.149100 0.119100 0.087600 0.133600 0.177600 0.053400 0.081700 0.082400 0.075000 0.077100 0.080200 0.013600 0.020400
MuntiacusM 0.127300 0.258100 0.141000 0.259900 0.128900 0.127300 0.143600 0.136000 0.133600 0.000000 0.127200 0.133400 0.126800 0.135600 0.139200 0.139600 0.148900 0.141600 0.132200 0.140400 0.134100 0.136100 0.048900 0.090400 0.129600 0.139500 0.133700 0.135800 0.150600 0.137200 0.013600 0.138700 0.143200 0.142800 0.127400 0.139900 0.129700 0.135300 0.138000 0.090200 0.047800 0.150800 0.008300 0.102700 0.137900 0.133600 0.148300 0.141300 0.134100 0.137500 0.133800 0.141700
goat 0.015700 0.245800 0.077300 0.218700 0.047700 0.015600 0.070700 0.059000 0.072400 0.127200 0.000000 0.074500 0.053800 0.066100 0.072400 0.060100 0.093500 0.091900 0.030100 0.078700 0.058000 0.025500 0.108300 0.161700 0.001900 0.061100 0.054800 0.072300 0.071200 0.073500 0.131200 0.064300 0.093300 0.062000 0.050800 0.079400 0.019600 0.053600 0.057200 0.146300 0.108400 0.071300 0.129600 0.177300 0.075400 0.059000 0.057700 0.067100 0.055700 0.083800 0.068300 0.073400
AfricanBuf 0.069300 0.245800 0.060300 0.222500 0.073100 0.070400 0.094600 0.077300 0.053400 0.133400 0.074500 0.000000 0.080500 0.089800 0.086700 0.081500 0.095300 0.099900 0.072000 0.057500 0.077500 0.075300 0.123400 0.167900 0.072400 0.080400 0.081500 0.055400 0.086400 0.054500 0.132700 0.081700 0.098200 0.089800 0.077700 0.039900 0.071400 0.074900 0.078700 0.154900 0.125800 0.088600 0.131100 0.181200 0.038100 0.090100 0.086500 0.078100 0.082200 0.078000 0.053500 0.058600
Topi 0.051800 0.253100 0.078100 0.224300 0.058800 0.051800 0.072500 0.072200 0.075300 0.126800 0.053800 0.080500 0.000000 0.065800 0.068000 0.070200 0.098600 0.092700 0.052500 0.078400 0.070300 0.061900 0.115700 0.162200 0.053800 0.073300 0.015500 0.073100 0.079300 0.074300 0.128400 0.067200 0.097300 0.025400 0.048800 0.081200 0.053900 0.063700 0.068400 0.148200 0.115900 0.081400 0.126800 0.173000 0.079300 0.067100 0.079400 0.069900 0.065800 0.085600 0.071200 0.072200
CommonDuik 0.059900 0.262800 0.095800 0.235900 0.065800 0.059900 0.033300 0.075100 0.086700 0.135600 0.066100 0.089800 0.065800 0.000000 0.079000 0.078400 0.109000 0.106200 0.064700 0.089800 0.072200 0.074200 0.125700 0.169000 0.066100 0.081500 0.064800 0.086600 0.085400 0.089900 0.139600 0.027400 0.105600 0.070900 0.063000 0.092600 0.066100 0.071600 0.070300 0.153600 0.126900 0.089700 0.138000 0.182200 0.088600 0.065900 0.080200 0.082000 0.076000 0.099100 0.086800 0.087700
Suni 0.070400 0.249700 0.088500 0.226800 0.072100 0.070400 0.085800 0.076400 0.081500 0.139200 0.072400 0.086700 0.068000 0.079000 0.000000 0.083700 0.110100 0.106300 0.066900 0.088900 0.081800 0.077500 0.124600 0.180100 0.072500 0.089100 0.072200 0.081500 0.088600 0.080600 0.144400 0.079700 0.103300 0.078300 0.071400 0.089600 0.074600 0.075800 0.078800 0.157200 0.128100 0.093000 0.141600 0.192400 0.089900 0.081700 0.084500 0.066400 0.078200 0.096000 0.081700 0.084700
Springbuck 0.060100 0.254000 0.089600 0.222600 0.068100 0.060100 0.078900 0.051500 0.076300 0.139600 0.060100 0.081500 0.070200 0.078400 0.083700 0.000000 0.108300 0.103400 0.062800 0.086800 0.041500 0.068200 0.127300 0.163500 0.060100 0.034200 0.069100 0.082600 0.026200 0.083800 0.141200 0.076700 0.111200 0.076300 0.067400 0.084400 0.064300 0.072000 0.045600 0.155300 0.126200 0.042200 0.139600 0.185400 0.082500 0.073400 0.053400 0.076200 0.070000 0.100500 0.080700 0.083700
Okapi 0.092600 0.250200 0.097000 0.216300 0.094300 0.092600 0.109600 0.101700 0.091100 0.148900 0.093500 0.095300 0.098600 0.109000 0.110100 0.108300 0.000000 0.034500 0.096300 0.096300 0.103100 0.096500 0.136600 0.180100 0.093600 0.107100 0.100700 0.091000 0.112100 0.093300 0.152900 0.105100 0.091700 0.106900 0.096800 0.100200 0.095800 0.096100 0.106500 0.166800 0.140200 0.114300 0.153700 0.201000 0.095200 0.102900 0.105700 0.095000 0.089700 0.098000 0.089100 0.094300
Giraffe 0.088700 0.255700 0.097400 0.213700 0.090500 0.089800 0.111200 0.104300 0.095700 0.141600 0.091900 0.099900 0.092700 0.106200 0.106300 0.103400 0.034500 0.000000 0.092500 0.098900 0.095000 0.098000 0.133900 0.175000 0.091900 0.102200 0.094700 0.093500 0.113700 0.095800 0.145500 0.108900 0.093200 0.098800 0.093000 0.100600 0.092000 0.092300 0.102700 0.164100 0.132800 0.109400 0.148700 0.193300 0.095600 0.103400 0.106100 0.091200 0.093200 0.102800 0.093800 0.096800
TibetanAnt 0.026500 0.233700 0.083200 0.217400 0.048400 0.026400 0.071300 0.065900 0.076200 0.132200 0.030100 0.072000 0.052500 0.064700 0.066900 0.062800 0.096300 0.092500 0.000000 0.081400 0.060900 0.038400 0.113200 0.163100 0.028400 0.065900 0.051500 0.076200 0.067700 0.075300 0.133800 0.062900 0.095000 0.058500 0.049500 0.076900 0.030200 0.050300 0.059000 0.144300 0.119000 0.074000 0.132300 0.177500 0.075100 0.067000 0.060500 0.067700 0.062600 0.085400 0.074300 0.077300
Sitatunga 0.078700 0.236400 0.029900 0.216200 0.074100 0.080900 0.094600 0.085700 0.021400 0.140400 0.078700 0.057500 0.078400 0.089800 0.088900 0.086800 0.096300 0.098900 0.081400 0.000000 0.080700 0.091200 0.123600 0.162000 0.078700 0.085700 0.082600 0.015500 0.093900 0.022400 0.139700 0.090200 0.108900 0.085600 0.079800 0.062400 0.084000 0.080100 0.084000 0.155000 0.128200 0.094000 0.140500 0.182500 0.059500 0.088000 0.086500 0.083400 0.087500 0.086400 0.015500 0.026300
Oribi 0.052900 0.256300 0.085600 0.227200 0.064000 0.052900 0.072700 0.051600 0.076500 0.134100 0.058000 0.077500 0.070300 0.072200 0.081800 0.041500 0.103100 0.095000 0.060900 0.080700 0.000000 0.062000 0.125200 0.165200 0.058100 0.045500 0.069200 0.078500 0.054400 0.079700 0.135700 0.070500 0.107100 0.076400 0.067500 0.079300 0.058100 0.068000 0.041600 0.149700 0.124100 0.055500 0.134100 0.181000 0.077400 0.070300 0.053500 0.074300 0.074200 0.098500 0.076600 0.077500
BarbaryShe 0.023500 0.250100 0.089700 0.220200 0.053700 0.022500 0.078900 0.071300 0.082700 0.136100 0.025500 0.075300 0.061900 0.074200 0.077500 0.068200 0.096500 0.098000 0.038400 0.091200 0.062000 0.000000 0.123800 0.170800 0.025500 0.073300 0.062900 0.084800 0.077300 0.086000 0.137700 0.070400 0.101600 0.068000 0.057000 0.082400 0.025500 0.059700 0.066400 0.148200 0.122700 0.081500 0.138400 0.184200 0.080500 0.070300 0.070000 0.071000 0.065800 0.095200 0.082900 0.085900
Daviddeer 0.115100 0.250100 0.125200 0.243900 0.119100 0.115200 0.128800 0.122500 0.115700 0.048900 0.108300 0.123400 0.115700 0.125700 0.124600 0.127300 0.136600 0.133900 0.113200 0.123600 0.125200 0.123800 0.000000 0.088700 0.110600 0.127100 0.124800 0.117900 0.139300 0.117000 0.050100 0.128600 0.124000 0.131400 0.115200 0.123000 0.115200 0.126600 0.124400 0.078300 0.019700 0.138200 0.053300 0.106700 0.125600 0.119200 0.132400 0.131200 0.120900 0.127600 0.113600 0.123600
Reindeer 0.161800 0.286200 0.167100 0.295100 0.157100 0.161900 0.175200 0.173000 0.159600 0.090400 0.161700 0.167900 0.162200 0.169000 0.180100 0.163500 0.180100 0.175000 0.163100 0.162000 0.165200 0.170800 0.088700 0.000000 0.161700 0.163300 0.164500 0.161900 0.176000 0.163500 0.089600 0.172400 0.176800 0.171500 0.153300 0.170900 0.161900 0.167400 0.161900 0.083000 0.089900 0.172400 0.090500 0.049000 0.171300 0.158500 0.174800 0.168800 0.167300 0.173300 0.160000 0.163200
Ibex 0.015700 0.248500 0.077300 0.221200 0.047700 0.015600 0.070700 0.059000 0.072400 0.129600 0.001900 0.072400 0.053800 0.066100 0.072500 0.060100 0.093600 0.091900 0.028400 0.078700 0.058100 0.025500 0.110600 0.161700 0.000000 0.061100 0.054800 0.072400 0.069100 0.073600 0.133500 0.064300 0.093300 0.062000 0.050800 0.079400 0.017600 0.053700 0.057200 0.146400 0.110600 0.069200 0.131900 0.177400 0.075400 0.059100 0.057800 0.067100 0.055700 0.083800 0.068300 0.073500
GyrantGaze 0.063100 0.254000 0.090600 0.221700 0.071200 0.065300 0.082000 0.054600 0.081500 0.139500 0.061100 0.080400 0.073300 0.081500 0.089100 0.034200 0.107100 0.102200 0.065900 0.085700 0.045500 0.073300 0.127100 0.163300 0.061100 0.000000 0.072200 0.085700 0.043100 0.086900 0.138800 0.077700 0.113500 0.079400 0.069400 0.085400 0.067300 0.075100 0.044600 0.156300 0.126000 0.015400 0.139500 0.182700 0.085600 0.074400 0.060500 0.078200 0.073000 0.099400 0.083800 0.086800
Hartebeest 0.050800 0.252700 0.081200 0.225200 0.057700 0.050800 0.070400 0.071200 0.078400 0.133700 0.054800 0.081500 0.015500 0.064800 0.072200 0.069100 0.100700 0.094700 0.051500 0.082600 0.069200 0.062900 0.124800 0.164500 0.054800 0.072200 0.000000 0.076200 0.076100 0.077400 0.135300 0.068200 0.100400 0.020300 0.050800 0.086500 0.054900 0.057500 0.065200 0.152800 0.122600 0.080400 0.133700 0.177700 0.084600 0.068100 0.073000 0.068800 0.066800 0.089800 0.074300 0.077300
Bongo 0.074500 0.236600 0.024200 0.217400 0.067900 0.074500 0.091400 0.083600 0.009600 0.135800 0.072300 0.055400 0.073100 0.086600 0.081500 0.082600 0.091000 0.093500 0.076200 0.015500 0.078500 0.084800 0.117900 0.161900 0.072400 0.085700 0.076200 0.000000 0.089700 0.010600 0.135100 0.089100 0.102400 0.080300 0.072400 0.058300 0.078700 0.073900 0.079800 0.151400 0.121300 0.091800 0.135900 0.180000 0.055400 0.081600 0.080200 0.075000 0.079100 0.080100 0.009700 0.016500
Gerenuk 0.071200 0.263400 0.096700 0.227900 0.077200 0.071300 0.085900 0.060500 0.087600 0.150600 0.071200 0.086400 0.079300 0.085400 0.088600 0.026200 0.112100 0.113700 0.067700 0.093900 0.054400 0.077300 0.139300 0.176000 0.069100 0.043100 0.076100 0.089700 0.000000 0.090900 0.152300 0.085800 0.119500 0.083300 0.076500 0.091400 0.073400 0.079000 0.054600 0.162800 0.138200 0.051100 0.148300 0.196800 0.089500 0.082500 0.064400 0.085300 0.076900 0.105500 0.087800 0.088600
CommonElan 0.075700 0.233100 0.023300 0.219100 0.069000 0.075700 0.092600 0.084800 0.014500 0.137200 0.073500 0.054500 0.074300 0.089900 0.080600 0.083800 0.093300 0.095800 0.075300 0.022400 0.079700 0.086000 0.117000 0.163500 0.073600 0.086900 0.077400 0.010600 0.090900 0.000000 0.136500 0.090400 0.101500 0.081500 0.071500 0.057400 0.079900 0.075000 0.081000 0.152900 0.122700 0.093000 0.137300 0.180400 0.056500 0.082800 0.083500 0.076100 0.080300 0.079200 0.014600 0.011600
MuntiacusR 0.128900 0.259000 0.142600 0.269000 0.132800 0.131300 0.147700 0.142300 0.132800 0.013600 0.131200 0.132700 0.128400 0.139600 0.144400 0.141200 0.152900 0.145500 0.133800 0.139700 0.135700 0.137700 0.050100 0.089600 0.133500 0.138800 0.135300 0.135100 0.152300 0.136500 0.000000 0.145100 0.144900 0.144400 0.126600 0.136800 0.133700 0.139300 0.139700 0.089400 0.051300 0.152400 0.015700 0.099500 0.134800 0.135200 0.152400 0.146500 0.138100 0.141500 0.133100 0.141000
HarveysDui 0.058100 0.258600 0.096200 0.234600 0.066200 0.057100 0.037600 0.069200 0.087100 0.138700 0.064300 0.081700 0.067200 0.027400 0.079700 0.076700 0.105100 0.108900 0.062900 0.090200 0.070500 0.070400 0.128600 0.172400 0.064300 0.077700 0.068200 0.089100 0.085800 0.090400 0.145100 0.000000 0.108300 0.076500 0.065400 0.093100 0.062300 0.072200 0.070700 0.154400 0.128700 0.083800 0.141100 0.182000 0.091200 0.068300 0.080600 0.076300 0.078400 0.097500 0.087200 0.086000
Pronghorn 0.089100 0.241300 0.105200 0.209100 0.094000 0.091200 0.110500 0.097200 0.100300 0.143200 0.093300 0.098200 0.097300 0.105600 0.103300 0.111200 0.091700 0.093200 0.095000 0.108900 0.107100 0.101600 0.124000 0.176800 0.093300 0.113500 0.100400 0.102400 0.119500 0.101500 0.144900 0.108300 0.000000 0.104500 0.096600 0.101000 0.097700 0.094700 0.106300 0.157700 0.127500 0.117400 0.148000 0.187800 0.103400 0.105900 0.106600 0.102200 0.094600 0.094600 0.100500 0.103600
BlueWildeb 0.059900 0.260100 0.085200 0.227200 0.065800 0.060000 0.076500 0.079400 0.082500 0.142800 0.062000 0.089800 0.025400 0.070900 0.078300 0.076300 0.106900 0.098800 0.058500 0.085600 0.076400 0.068000 0.131400 0.171500 0.062000 0.079400 0.020300 0.080300 0.083300 0.081500 0.144400 0.076500 0.104500 0.000000 0.053800 0.090500 0.062000 0.069800 0.072400 0.150200 0.133900 0.087600 0.142800 0.184900 0.090800 0.073200 0.082300 0.075000 0.072900 0.093900 0.078400 0.081400
Gemsbok 0.048900 0.237700 0.081500 0.221300 0.054900 0.048800 0.073900 0.070500 0.074600 0.127400 0.050800 0.077700 0.048800 0.063000 0.071400 0.067400 0.096800 0.093000 0.049500 0.079800 0.067500 0.057000 0.115200 0.153300 0.050800 0.069400 0.050800 0.072400 0.076500 0.071500 0.126600 0.065400 0.096600 0.053800 0.000000 0.084800 0.050900 0.058800 0.061400 0.138200 0.116400 0.075400 0.126200 0.163800 0.082900 0.065300 0.075500 0.068100 0.061800 0.079600 0.070500 0.071400
Yak 0.076300 0.247400 0.065200 0.216700 0.080200 0.078500 0.093100 0.085400 0.056300 0.139900 0.079400 0.039900 0.081200 0.092600 0.089600 0.084400 0.100200 0.100600 0.076900 0.062400 0.079300 0.082400 0.123000 0.170900 0.079400 0.085400 0.086500 0.058300 0.091400 0.057400 0.136800 0.093100 0.101000 0.090500 0.084800 0.000000 0.082700 0.086200 0.081600 0.155400 0.127600 0.095700 0.142300 0.185400 0.011500 0.088700 0.091500 0.085200 0.087300 0.089400 0.056400 0.061500
BlueSheep 0.017600 0.248700 0.085800 0.225200 0.049800 0.016600 0.072900 0.067300 0.078800 0.129700 0.019600 0.071400 0.053900 0.066100 0.074600 0.064300 0.095800 0.092000 0.030200 0.084000 0.058100 0.025500 0.115200 0.161900 0.017600 0.067300 0.054900 0.078700 0.073400 0.079900 0.133700 0.062300 0.097700 0.062000 0.050900 0.082700 0.000000 0.055700 0.062500 0.144200 0.116400 0.075500 0.129800 0.175100 0.078700 0.064300 0.066100 0.067100 0.061900 0.088100 0.076800 0.079800
BohorReedb 0.047600 0.248600 0.076700 0.218100 0.019400 0.047600 0.076200 0.066800 0.073900 0.135300 0.053600 0.074900 0.063700 0.071600 0.075800 0.072000 0.096100 0.092300 0.050300 0.080100 0.068000 0.059700 0.126600 0.167400 0.053700 0.075100 0.057500 0.073900 0.079000 0.075000 0.139300 0.072200 0.094700 0.069800 0.058800 0.086200 0.055700 0.000000 0.064000 0.152100 0.125500 0.083200 0.137700 0.183200 0.083300 0.076200 0.061400 0.064100 0.067600 0.090500 0.072000 0.075000
KirksDik 0.056200 0.254500 0.082600 0.221400 0.058000 0.056200 0.072900 0.049700 0.079900 0.138000 0.057200 0.078700 0.068400 0.070300 0.078800 0.045600 0.106500 0.102700 0.059000 0.084000 0.041600 0.066400 0.124400 0.161900 0.057200 0.044600 0.065200 0.079800 0.054600 0.081000 0.139700 0.070700 0.106300 0.072400 0.061400 0.081600 0.062500 0.064000 0.000000 0.151300 0.121000 0.052600 0.138000 0.177700 0.081800 0.067400 0.048500 0.073400 0.068200 0.093400 0.077900 0.078800
RoeDeer 0.144100 0.283400 0.158900 0.276300 0.143300 0.144200 0.154600 0.156300 0.149100 0.090200 0.146300 0.154900 0.148200 0.153600 0.157200 0.155300 0.166800 0.164100 0.144300 0.155000 0.149700 0.148200 0.078300 0.083000 0.146400 0.156300 0.152800 0.151400 0.162800 0.152900 0.089400 0.154400 0.157700 0.150200 0.138200 0.155400 0.144200 0.152100 0.151300 0.000000 0.081800 0.165300 0.088000 0.096200 0.158200 0.148000 0.162900 0.158200 0.148600 0.157900 0.149400 0.153900
WhiteLippe 0.114000 0.255900 0.127600 0.250600 0.118000 0.114100 0.132400 0.123700 0.119100 0.047800 0.108400 0.125800 0.115900 0.126900 0.128100 0.126200 0.140200 0.132800 0.119000 0.128200 0.124100 0.122700 0.019700 0.089900 0.110600 0.126000 0.122600 0.121300 0.138200 0.122700 0.051300 0.128700 0.127500 0.133900 0.116400 0.127600 0.116400 0.125500 0.121000 0.081800 0.000000 0.137100 0.052200 0.106700 0.128000 0.118100 0.130200 0.130100 0.123200 0.124200 0.119400 0.127100
ThomsonGaz 0.073400 0.262500 0.098900 0.228400 0.079300 0.073400 0.090300 0.064700 0.087600 0.150800 0.071300 0.088600 0.081400 0.089700 0.093000 0.042200 0.114300 0.109400 0.074000 0.094000 0.055500 0.081500 0.138200 0.172400 0.069200 0.015400 0.080400 0.091800 0.051100 0.093000 0.152400 0.083800 0.117400 0.087600 0.075400 0.095700 0.075500 0.083200 0.052600 0.165300 0.137100 0.000000 0.150800 0.192000 0.096000 0.080500 0.068600 0.084300 0.079000 0.105500 0.092000 0.092900
MuntiacusC 0.129600 0.259800 0.143300 0.261500 0.131200 0.129700 0.146000 0.138300 0.133600 0.008300 0.129600 0.131100 0.126800 0.138000 0.141600 0.139600 0.153700 0.148700 0.132300 0.140500 0.134100 0.138400 0.053300 0.090500 0.131900 0.139500 0.133700 0.135900 0.148300 0.137300 0.015700 0.141100 0.148000 0.142800 0.126200 0.142300 0.129800 0.137700 0.138000 0.088000 0.052200 0.150800 0.000000 0.102700 0.140300 0.134800 0.150700 0.143600 0.135300 0.139900 0.133900 0.141800
WhiteTaile 0.175000 0.296400 0.184000 0.312800 0.172700 0.175100 0.188600 0.186100 0.177600 0.102700 0.177300 0.181200 0.173000 0.182200 0.192400 0.185400 0.201000 0.193300 0.177500 0.182500 0.181000 0.184200 0.106700 0.049000 0.177400 0.182700 0.177700 0.180000 0.196800 0.180400 0.099500 0.182000 0.187800 0.184900 0.163800 0.185400 0.175100 0.183200 0.177700 0.096200 0.106700 0.192000 0.102700 0.000000 0.187100 0.176400 0.193200 0.178300 0.179400 0.182900 0.178000 0.181400
Cattle 0.072300 0.249500 0.062300 0.216100 0.077200 0.074500 0.091200 0.085600 0.053400 0.137900 0.075400 0.038100 0.079300 0.088600 0.089900 0.082500 0.095200 0.095600 0.075100 0.059500 0.077400 0.080500 0.125600 0.171300 0.075400 0.085600 0.084600 0.055400 0.089500 0.056500 0.134800 0.091200 0.103400 0.090800 0.082900 0.011500 0.078700 0.083300 0.081800 0.158200 0.128000 0.096000 0.140300 0.187100 0.000000 0.086800 0.088500 0.085400 0.081100 0.087500 0.053500 0.058500
RoyalAntel 0.060100 0.259600 0.086500 0.227100 0.070200 0.060100 0.070400 0.080700 0.081700 0.133600 0.059000 0.090100 0.067100 0.065900 0.081700 0.073400 0.102900 0.103400 0.067000 0.088000 0.070300 0.070300 0.119200 0.158500 0.059100 0.074400 0.068100 0.081600 0.082500 0.082800 0.135200 0.068300 0.105900 0.073200 0.065300 0.088700 0.064300 0.076200 0.067400 0.148000 0.118100 0.080500 0.134800 0.176400 0.086800 0.000000 0.078400 0.072100 0.068900 0.091000 0.079700 0.082700
Steenbok 0.059900 0.259700 0.087200 0.213200 0.061600 0.059900 0.082800 0.055400 0.082400 0.148300 0.057700 0.086500 0.079400 0.080200 0.084500 0.053400 0.105700 0.106100 0.060500 0.086500 0.053500 0.070000 0.132400 0.174800 0.057800 0.060500 0.073000 0.080200 0.064400 0.083500 0.152400 0.080600 0.106600 0.082300 0.075500 0.091500 0.066100 0.061400 0.048500 0.162900 0.130200 0.068600 0.150700 0.193200 0.088500 0.078400 0.000000 0.085400 0.073800 0.104400 0.078300 0.081300
Impala 0.065000 0.257100 0.077800 0.217200 0.062700 0.064000 0.088800 0.074100 0.075000 0.141300 0.067100 0.078100 0.069900 0.082000 0.066400 0.076200 0.095000 0.091200 0.067700 0.083400 0.074300 0.071000 0.131200 0.168800 0.067100 0.078200 0.068800 0.075000 0.085300 0.076100 0.146500 0.076300 0.102200 0.075000 0.068100 0.085200 0.067100 0.064100 0.073400 0.158200 0.130100 0.084300 0.143600 0.178300 0.085400 0.072100 0.085400 0.000000 0.066600 0.085300 0.075200 0.078200
Klipspring 0.057800 0.248900 0.088200 0.221700 0.065700 0.057800 0.082700 0.068800 0.077100 0.134100 0.055700 0.082200 0.065800 0.076000 0.078200 0.070000 0.089700 0.093200 0.062600 0.087500 0.074200 0.065800 0.120900 0.167300 0.055700 0.073000 0.066800 0.079100 0.076900 0.080300 0.138100 0.078400 0.094600 0.072900 0.061800 0.087300 0.061900 0.067600 0.068200 0.148600 0.123200 0.079000 0.135300 0.179400 0.081100 0.068900 0.073800 0.066600 0.000000 0.084100 0.077200 0.082300
ForestMusk 0.087000 0.256900 0.085000 0.221800 0.082300 0.087100 0.104000 0.092900 0.080200 0.137500 0.083800 0.078000 0.085600 0.099100 0.096000 0.100500 0.098000 0.102800 0.085400 0.086400 0.098500 0.095200 0.127600 0.173300 0.083800 0.099400 0.089800 0.080100 0.105500 0.079200 0.141500 0.097500 0.094600 0.093900 0.079600 0.089400 0.088100 0.090500 0.093400 0.157900 0.124200 0.105500 0.139900 0.182900 0.087500 0.091000 0.104400 0.085300 0.084100 0.000000 0.080300 0.081200
Bushbuck 0.072600 0.230100 0.022300 0.212600 0.066000 0.072600 0.089500 0.077400 0.013600 0.133800 0.068300 0.053500 0.071200 0.086800 0.081700 0.080700 0.089100 0.093800 0.074300 0.015500 0.076600 0.082900 0.113600 0.160000 0.068300 0.083800 0.074300 0.009700 0.087800 0.014600 0.133100 0.087200 0.100500 0.078400 0.070500 0.056400 0.076800 0.072000 0.077900 0.149400 0.119400 0.092000 0.133900 0.178000 0.053500 0.079700 0.078300 0.075200 0.077200 0.080300 0.000000 0.018500
GreaterKud 0.075600 0.240800 0.027200 0.219000 0.069000 0.075600 0.090400 0.084700 0.020400 0.141700 0.073400 0.058600 0.072200 0.087700 0.084700 0.083700 0.094300 0.096800 0.077300 0.026300 0.077500 0.085900 0.123600 0.163200 0.073500 0.086800 0.077300 0.016500 0.088600 0.011600 0.141000 0.086000 0.103600 0.081400 0.071400 0.061500 0.079800 0.075000 0.078800 0.153900 0.127100 0.092900 0.141800 0.181400 0.058500 0.082700 0.081300 0.078200 0.082300 0.081200 0.018500 0.000000
