1
52 1
Argali 0.000000 0.797200 0.206900 0.588700 0.141100 0.033000 0.091000 0.140900 0.206800 0.215500 0.086600 0.214300 0.077700 0.090000 0.081200 0.115900 0.219400 0.233200 0.097700 0.174400 0.101900 0.078200 0.226500 0.218100 0.077000 0.150000 0.077700 0.171100 0.139700 0.182300 0.216200 0.152600 0.302700 0.077700 0.033600 0.155200 0.065800 0.133700 0.164700 0.221900 0.190300 0.150200 0.192700 0.219400 0.153800 0.104100 0.138100 0.090200 0.154600 0.254900 0.184700 0.173300
LesserMous 0.797200 0.000000 0.854300 0.823700 0.788900 0.827500 0.798200 0.839100 0.852300 0.824200 0.865100 0.726200 0.800000 0.764300 0.827800 0.876200 0.832200 0.868500 0.816400 0.809600 0.875200 0.840600 0.881100 0.794200 0.860600 0.901700 0.808400 0.842400 0.891100 0.860600 0.805400 0.924000 0.942700 0.808900 0.787900 0.716300 0.849000 0.805900 0.927300 0.815600 0.849100 0.903200 0.790900 0.807100 0.725800 0.713000 0.851300 0.788400 0.878300 0.856700 0.822500 0.825600
LesserKudu 0.206900 0.854300 0.000000 0.594500 0.243400 0.214600 0.227000 0.229500 0.036500 0.251100 0.219000 0.200400 0.163200 0.199900 0.194600 0.254900 0.204300 0.218300 0.206000 0.030600 0.237500 0.239000 0.274300 0.253500 0.234300 0.237100 0.188200 0.050400 0.253300 0.060200 0.251900 0.259400 0.335500 0.188100 0.191900 0.193500 0.248800 0.239300 0.253300 0.284400 0.251900 0.237400 0.229500 0.255100 0.191700 0.218500 0.250300 0.176300 0.215900 0.373400 0.040300 0.050900
KillerWhal 0.588700 0.823700 0.594500 0.000000 0.604700 0.590900 0.630000 0.596800 0.593500 0.501600 0.615300 0.641200 0.538700 0.626400 0.588400 0.660500 0.527500 0.649000 0.617100 0.557000 0.582900 0.587200 0.530200 0.524600 0.607800 0.617200 0.544900 0.583000 0.636000 0.556500 0.540600 0.688700 0.551900 0.545000 0.599100 0.582100 0.596000 0.526600 0.632400 0.556300 0.521700 0.618400 0.512000 0.529000 0.574100 0.584900 0.584900 0.562500 0.644800 0.518600 0.527400 0.551800
DefassaWat 0.141100 0.788900 0.243400 0.604700 0.000000 0.138000 0.175800 0.177400 0.243200 0.226500 0.204900 0.251900 0.160100 0.174100 0.142100 0.203500 0.258600 0.298700 0.205000 0.210900 0.186700 0.174600 0.264600 0.256900 0.195500 0.211800 0.161400 0.207000 0.202100 0.244000 0.254800 0.236100 0.329900 0.161400 0.152000 0.206400 0.184700 0.056700 0.201300 0.261100 0.254800 0.212100 0.230800 0.258400 0.217300 0.166400 0.226000 0.149300 0.215300 0.366700 0.221100 0.222000
Sheep 0.033000 0.827500 0.214600 0.590900 0.138000 0.000000 0.124300 0.175000 0.214500 0.237200 0.118400 0.248700 0.110300 0.123100 0.115300 0.149800 0.254500 0.266900 0.129500 0.182800 0.135000 0.111000 0.248100 0.240000 0.109400 0.183500 0.110400 0.179400 0.173700 0.190400 0.237900 0.184400 0.324200 0.110300 0.066700 0.163100 0.098100 0.143100 0.198900 0.244100 0.212100 0.183800 0.214700 0.241400 0.188100 0.137900 0.171700 0.099800 0.186800 0.249900 0.192900 0.181700
MaxwellsDu 0.091000 0.798200 0.227000 0.630000 0.175800 0.124300 0.000000 0.137300 0.226900 0.236500 0.108100 0.209100 0.122000 0.064800 0.090900 0.113200 0.240500 0.280200 0.142000 0.195100 0.122900 0.148100 0.221100 0.239200 0.098200 0.122500 0.122900 0.191500 0.136500 0.202600 0.237200 0.126600 0.307800 0.099600 0.078200 0.151500 0.087600 0.143500 0.185800 0.243400 0.185700 0.122700 0.214000 0.240600 0.150100 0.078700 0.159100 0.111300 0.129200 0.304300 0.205200 0.219700
GazellaPrz 0.140900 0.839100 0.229500 0.596800 0.177400 0.175000 0.137300 0.000000 0.229400 0.238200 0.180100 0.236700 0.147000 0.160600 0.140900 0.163700 0.215500 0.282500 0.191400 0.197300 0.124000 0.199900 0.276200 0.241400 0.170500 0.172800 0.148200 0.168800 0.162600 0.204500 0.212500 0.197500 0.270900 0.148200 0.126800 0.204600 0.184400 0.119100 0.137300 0.273300 0.239500 0.172800 0.215700 0.242700 0.202600 0.127600 0.185800 0.136200 0.177600 0.335000 0.207400 0.222100
MountainNy 0.206800 0.852300 0.036500 0.593500 0.243200 0.214500 0.226900 0.229400 0.000000 0.250900 0.218900 0.200300 0.163100 0.199800 0.194500 0.254700 0.204200 0.242600 0.230000 0.030600 0.237300 0.238800 0.274100 0.253300 0.234200 0.237000 0.188100 0.050300 0.253100 0.060200 0.251700 0.259300 0.335200 0.188100 0.191800 0.193400 0.248700 0.239100 0.253100 0.284100 0.251700 0.237300 0.229300 0.254800 0.191700 0.218400 0.250100 0.176200 0.215900 0.373000 0.040300 0.050900
MuntiacusM 0.215500 0.824200 0.251100 0.501600 0.226500 0.237200 0.236500 0.238200 0.250900 0.000000 0.251900 0.300400 0.193800 0.208100 0.176500 0.237700 0.160600 0.201100 0.238500 0.219000 0.221000 0.196600 0.108100 0.087500 0.242700 0.245500 0.195400 0.215200 0.209800 0.251600 0.064400 0.268900 0.261300 0.195400 0.199800 0.215000 0.232200 0.249600 0.235500 0.088700 0.086700 0.245900 0.042800 0.087900 0.225600 0.227800 0.182300 0.183300 0.274200 0.260000 0.229100 0.244000
goat 0.086600 0.865100 0.219000 0.615300 0.204900 0.118400 0.108100 0.180100 0.218900 0.251900 0.000000 0.201700 0.117500 0.152700 0.146200 0.155700 0.283000 0.294400 0.114100 0.188000 0.164700 0.141000 0.237200 0.229500 0.010100 0.188400 0.117500 0.184500 0.178800 0.195500 0.252300 0.212000 0.311200 0.095200 0.097500 0.169700 0.020400 0.199900 0.203000 0.259000 0.202900 0.188600 0.230200 0.256200 0.168300 0.144100 0.176500 0.129900 0.146300 0.277400 0.197900 0.187000
AfricanBuf 0.214300 0.726200 0.200400 0.641200 0.251900 0.248700 0.209100 0.236700 0.200300 0.300400 0.201700 0.000000 0.167400 0.206600 0.228300 0.250700 0.236200 0.289700 0.188300 0.168800 0.243700 0.274800 0.310700 0.275600 0.217000 0.219500 0.194600 0.190200 0.262200 0.200900 0.301200 0.268000 0.360400 0.169900 0.198400 0.147500 0.206300 0.248000 0.235200 0.308300 0.274000 0.218100 0.277800 0.277200 0.146200 0.174400 0.286200 0.182200 0.223000 0.325800 0.178900 0.192700
Topi 0.077700 0.800000 0.163200 0.538700 0.160100 0.110300 0.122000 0.147000 0.163100 0.193800 0.117500 0.167400 0.000000 0.120700 0.089500 0.146800 0.197300 0.211400 0.083800 0.132000 0.108500 0.110000 0.229700 0.221600 0.130500 0.132300 0.021000 0.129600 0.146000 0.163500 0.219600 0.158200 0.277000 0.021000 0.065400 0.159800 0.120000 0.153600 0.146000 0.251700 0.194800 0.131500 0.197100 0.222800 0.158400 0.112300 0.144300 0.053400 0.138500 0.284000 0.142100 0.155100
CommonDuik 0.090000 0.764300 0.199900 0.626400 0.174100 0.123100 0.064800 0.160600 0.199800 0.208100 0.152700 0.206600 0.120700 0.000000 0.102100 0.135900 0.238100 0.277300 0.117600 0.168400 0.121600 0.146600 0.232000 0.236900 0.143200 0.144800 0.121700 0.165400 0.159200 0.176200 0.209000 0.103400 0.265000 0.121600 0.077400 0.174800 0.132700 0.167800 0.183800 0.241000 0.209200 0.145000 0.186100 0.238400 0.173100 0.101300 0.133400 0.110200 0.174000 0.300900 0.178400 0.192200
Suni 0.081200 0.827800 0.194600 0.588400 0.142100 0.115300 0.090900 0.140900 0.194500 0.176500 0.146200 0.228300 0.089500 0.102100 0.000000 0.153600 0.179800 0.195900 0.133600 0.162000 0.138500 0.090700 0.239900 0.205000 0.136200 0.138100 0.090200 0.159000 0.152600 0.195100 0.203200 0.164800 0.286900 0.090200 0.068400 0.168700 0.125400 0.147400 0.178100 0.208100 0.203500 0.138200 0.179800 0.206100 0.167100 0.104900 0.176000 0.102400 0.168300 0.327200 0.172500 0.186600
Springbuck 0.115900 0.876200 0.254900 0.660500 0.203500 0.149800 0.113200 0.163700 0.254700 0.237700 0.155700 0.250700 0.146800 0.135900 0.153600 0.000000 0.242200 0.284000 0.167100 0.222400 0.124000 0.174500 0.248400 0.240600 0.145900 0.099800 0.148000 0.218400 0.066400 0.229700 0.238500 0.197500 0.296400 0.148000 0.102500 0.178300 0.135200 0.198000 0.113000 0.244600 0.212400 0.099900 0.215200 0.215000 0.176900 0.152400 0.088300 0.136100 0.177200 0.334900 0.232700 0.247900
Okapi 0.219400 0.832200 0.204300 0.527500 0.258600 0.254500 0.240500 0.215500 0.204200 0.160600 0.283000 0.236200 0.197300 0.238100 0.179800 0.242200 0.000000 0.085800 0.242500 0.197300 0.224500 0.226000 0.195900 0.162300 0.273900 0.223800 0.224700 0.193800 0.240500 0.204500 0.161200 0.247800 0.266300 0.224700 0.216000 0.217400 0.263200 0.254500 0.213600 0.164800 0.161000 0.224000 0.163600 0.163200 0.215300 0.231800 0.264700 0.212000 0.253000 0.223300 0.207400 0.222100
Giraffe 0.233200 0.868500 0.218300 0.649000 0.298700 0.266900 0.280200 0.282500 0.242600 0.201100 0.294400 0.289700 0.211400 0.277300 0.195900 0.284000 0.085800 0.000000 0.206400 0.237900 0.263900 0.214400 0.236100 0.179000 0.285900 0.263100 0.238000 0.232600 0.254900 0.243000 0.202000 0.260000 0.349700 0.238000 0.229600 0.272200 0.275300 0.325400 0.253400 0.191600 0.201800 0.263500 0.204800 0.179800 0.243600 0.272100 0.305400 0.251400 0.291100 0.274400 0.246300 0.261200
TibetanAnt 0.097700 0.816400 0.206000 0.617100 0.205000 0.129500 0.142000 0.191400 0.230000 0.238500 0.114100 0.188300 0.083800 0.117600 0.133600 0.167100 0.242500 0.206400 0.000000 0.199300 0.129200 0.106700 0.249200 0.267300 0.127500 0.199500 0.083800 0.195600 0.190000 0.206500 0.264800 0.199600 0.295700 0.083800 0.085900 0.206200 0.116400 0.199900 0.214600 0.271700 0.214700 0.199800 0.242400 0.268700 0.179900 0.131600 0.164100 0.095600 0.202200 0.276400 0.209000 0.223100
Sitatunga 0.174400 0.809600 0.030600 0.557000 0.210900 0.182800 0.195100 0.197300 0.030600 0.219000 0.188000 0.168800 0.132000 0.168400 0.162000 0.222400 0.197300 0.237900 0.199300 0.000000 0.205800 0.207100 0.268400 0.221200 0.202900 0.205400 0.156600 0.020500 0.220900 0.030600 0.219700 0.229200 0.303300 0.156600 0.159900 0.161200 0.217200 0.205800 0.221100 0.251200 0.245500 0.205700 0.197100 0.222500 0.159700 0.186100 0.218300 0.144900 0.185400 0.369400 0.010200 0.020700
Oribi 0.101900 0.875200 0.237500 0.582900 0.186700 0.135000 0.122900 0.124000 0.237300 0.221000 0.164700 0.243700 0.108500 0.121600 0.138500 0.124000 0.224500 0.263900 0.129200 0.205800 0.000000 0.111000 0.231700 0.250000 0.155200 0.132900 0.110100 0.177400 0.147200 0.164100 0.221400 0.136200 0.305700 0.110100 0.088900 0.186100 0.144600 0.180800 0.146900 0.254300 0.196500 0.132100 0.224800 0.251500 0.184400 0.137300 0.121800 0.098600 0.186000 0.259400 0.190500 0.230300
BarbaryShe 0.078200 0.840600 0.239000 0.587200 0.174600 0.111000 0.148100 0.199900 0.238800 0.196600 0.141000 0.274800 0.110000 0.146600 0.090700 0.174500 0.226000 0.214400 0.106700 0.207100 0.111000 0.000000 0.233400 0.251800 0.132300 0.208200 0.110100 0.203200 0.198400 0.214300 0.249500 0.207700 0.336000 0.110100 0.089500 0.215500 0.120800 0.194900 0.224100 0.228600 0.197900 0.208500 0.226300 0.253100 0.187800 0.162100 0.171200 0.122900 0.210400 0.288600 0.217100 0.205800
Daviddeer 0.226500 0.881100 0.274300 0.530200 0.264600 0.248100 0.221100 0.276200 0.274100 0.108100 0.237200 0.310700 0.229700 0.232000 0.239900 0.248400 0.195900 0.236100 0.249200 0.268400 0.231700 0.233400 0.000000 0.120500 0.228000 0.256400 0.231600 0.290700 0.246500 0.274900 0.131500 0.279200 0.259300 0.206100 0.210500 0.252100 0.217400 0.261000 0.273100 0.122300 0.031100 0.256700 0.109900 0.121100 0.262700 0.238700 0.205700 0.219000 0.284800 0.218000 0.278500 0.294400
Reindeer 0.218100 0.794200 0.253500 0.524600 0.256900 0.240000 0.239200 0.241400 0.253300 0.087500 0.229500 0.275600 0.221600 0.236900 0.205000 0.240600 0.162300 0.179000 0.267300 0.221200 0.250000 0.251800 0.120500 0.000000 0.220200 0.248600 0.223500 0.243400 0.212400 0.254100 0.087800 0.271900 0.294000 0.223500 0.202200 0.190700 0.209400 0.252900 0.238500 0.066600 0.087600 0.248900 0.066000 0.021600 0.201500 0.230600 0.236100 0.210800 0.277400 0.262300 0.231400 0.246400
Ibex 0.077000 0.860600 0.234300 0.607800 0.195500 0.109400 0.098200 0.170500 0.234200 0.242700 0.010100 0.217000 0.130500 0.143200 0.136200 0.145900 0.273900 0.285900 0.127500 0.202900 0.155200 0.132300 0.228000 0.220200 0.000000 0.179000 0.131500 0.199100 0.169200 0.210200 0.243400 0.203200 0.317000 0.108500 0.087500 0.159900 0.010300 0.190000 0.193600 0.249800 0.193400 0.179200 0.220800 0.246900 0.158600 0.135300 0.167000 0.143400 0.137900 0.268500 0.212800 0.201800
GyrantGaze 0.150000 0.901700 0.237100 0.617200 0.211800 0.183500 0.122500 0.172800 0.237000 0.245500 0.188400 0.219500 0.132300 0.144800 0.138100 0.099800 0.223800 0.263100 0.199500 0.205400 0.132900 0.208200 0.256400 0.248600 0.179000 0.000000 0.157000 0.201500 0.099200 0.212200 0.246200 0.158500 0.331200 0.133200 0.135800 0.213000 0.168400 0.206700 0.099100 0.280000 0.220800 0.000000 0.223500 0.249900 0.211000 0.137000 0.144500 0.145100 0.162300 0.312500 0.190200 0.230000
Hartebeest 0.077700 0.808400 0.188200 0.544900 0.161400 0.110400 0.122900 0.148200 0.188100 0.195400 0.117500 0.194600 0.021000 0.121700 0.090200 0.148000 0.224700 0.238000 0.083800 0.156600 0.110100 0.110100 0.231600 0.223500 0.131500 0.157000 0.000000 0.153800 0.147100 0.188600 0.221400 0.182300 0.279600 0.021000 0.065900 0.162300 0.120100 0.154900 0.171500 0.254000 0.196500 0.157300 0.198700 0.224700 0.160900 0.112400 0.145500 0.053800 0.161400 0.286500 0.166800 0.180300
Bongo 0.171100 0.842400 0.050400 0.583000 0.207000 0.179400 0.191500 0.168800 0.050300 0.215200 0.184500 0.190200 0.129600 0.165400 0.159000 0.218400 0.193800 0.232600 0.195600 0.020500 0.177400 0.203200 0.290700 0.243400 0.199100 0.201500 0.153800 0.000000 0.217000 0.030000 0.191000 0.201300 0.271100 0.153800 0.156900 0.183100 0.213000 0.201700 0.191700 0.274300 0.267900 0.201800 0.193600 0.245000 0.181400 0.182700 0.214500 0.142200 0.182000 0.362800 0.030400 0.041000
Gerenuk 0.139700 0.891100 0.253300 0.636000 0.202100 0.173700 0.136500 0.162600 0.253100 0.209800 0.178800 0.262200 0.146000 0.159200 0.152600 0.066400 0.240500 0.254900 0.190000 0.220900 0.147200 0.198400 0.246500 0.212400 0.169200 0.099200 0.147100 0.217000 0.000000 0.253900 0.210500 0.196200 0.322100 0.147100 0.125700 0.177200 0.158500 0.196600 0.088900 0.242500 0.210800 0.099300 0.162500 0.213600 0.175500 0.151400 0.133600 0.135200 0.176200 0.361600 0.231200 0.246300
CommonElan 0.182300 0.860600 0.060200 0.556500 0.244000 0.190400 0.202600 0.204500 0.060200 0.251600 0.195500 0.200900 0.163500 0.176200 0.195100 0.229700 0.204500 0.243000 0.206500 0.030600 0.164100 0.214300 0.274900 0.254100 0.210200 0.212200 0.188600 0.030000 0.253900 0.000000 0.226600 0.188300 0.282800 0.188600 0.167900 0.193900 0.224200 0.239800 0.227900 0.258300 0.252500 0.212500 0.230000 0.255600 0.192200 0.219000 0.225500 0.176700 0.216400 0.316900 0.018800 0.051000
MuntiacusR 0.216200 0.805400 0.251900 0.540600 0.254800 0.237900 0.237200 0.212500 0.251700 0.064400 0.252300 0.301200 0.219600 0.209000 0.203200 0.238500 0.161200 0.202000 0.264800 0.219700 0.221400 0.249500 0.131500 0.087800 0.243400 0.246200 0.221400 0.191000 0.210500 0.226600 0.000000 0.244300 0.237900 0.221400 0.200600 0.215600 0.232800 0.250700 0.209800 0.112600 0.109900 0.246600 0.043200 0.088300 0.226200 0.228700 0.208100 0.209000 0.274800 0.260700 0.229800 0.244700
HarveysDui 0.152600 0.924000 0.259400 0.688700 0.236100 0.184400 0.126600 0.197500 0.259300 0.268900 0.212000 0.268000 0.158200 0.103400 0.164800 0.197500 0.247800 0.260000 0.199600 0.229200 0.136200 0.207700 0.279200 0.271900 0.203200 0.158500 0.182300 0.201300 0.196200 0.188300 0.244300 0.000000 0.351900 0.182300 0.139300 0.237100 0.193100 0.231700 0.196100 0.276300 0.244900 0.158800 0.247700 0.273400 0.235000 0.187400 0.218300 0.170800 0.209400 0.333600 0.214200 0.252800
Pronghorn 0.302700 0.942700 0.335500 0.551900 0.329900 0.324200 0.307800 0.270900 0.335200 0.261300 0.311200 0.360400 0.277000 0.265000 0.286900 0.296400 0.266300 0.349700 0.295700 0.303300 0.305700 0.336000 0.259300 0.294000 0.317000 0.331200 0.279600 0.271100 0.322100 0.282800 0.237900 0.351900 0.000000 0.279600 0.284500 0.373200 0.345800 0.312300 0.321000 0.299100 0.262800 0.331800 0.239300 0.293800 0.383400 0.299600 0.291100 0.292300 0.332600 0.303900 0.313500 0.329600
BlueWildeb 0.077700 0.808900 0.188100 0.545000 0.161400 0.110300 0.099600 0.148200 0.188100 0.195400 0.095200 0.169900 0.021000 0.121600 0.090200 0.148000 0.224700 0.238000 0.083800 0.156600 0.110100 0.110100 0.206100 0.223500 0.108500 0.133200 0.021000 0.153800 0.147100 0.188600 0.221400 0.182300 0.279600 0.000000 0.065900 0.162300 0.097300 0.154900 0.171500 0.254000 0.171500 0.133400 0.198700 0.224700 0.160900 0.089000 0.145400 0.053800 0.138500 0.259600 0.166700 0.180300
Gemsbok 0.033600 0.787900 0.191900 0.599100 0.152000 0.066700 0.078200 0.126800 0.191800 0.199800 0.097500 0.198400 0.065400 0.077400 0.068400 0.102500 0.216000 0.229600 0.085900 0.159900 0.088900 0.089500 0.210500 0.202200 0.087500 0.135800 0.065900 0.156900 0.125700 0.167900 0.200600 0.139300 0.284500 0.065900 0.000000 0.140500 0.076900 0.144900 0.150000 0.205600 0.175100 0.136000 0.177400 0.203400 0.139200 0.091600 0.124300 0.077500 0.142000 0.265300 0.170100 0.183900
Yak 0.155200 0.716300 0.193500 0.582100 0.206400 0.163100 0.151500 0.204600 0.193400 0.215000 0.169700 0.147500 0.159800 0.174800 0.168700 0.178300 0.217400 0.272200 0.206200 0.161200 0.186100 0.215500 0.252100 0.190700 0.159900 0.213000 0.162300 0.183100 0.177200 0.193900 0.215600 0.237100 0.373200 0.162300 0.140500 0.000000 0.149100 0.214500 0.202700 0.220700 0.215600 0.211600 0.192300 0.191800 0.021900 0.167200 0.200500 0.150000 0.191800 0.310200 0.171500 0.185600
BlueSheep 0.065800 0.849000 0.248800 0.596000 0.184700 0.098100 0.087600 0.184400 0.248700 0.232200 0.020400 0.206300 0.120000 0.132700 0.125400 0.135200 0.263200 0.275300 0.116400 0.217200 0.144600 0.120800 0.217400 0.209400 0.010300 0.168400 0.120100 0.213000 0.158500 0.224200 0.232800 0.193100 0.345800 0.097300 0.076900 0.149100 0.000000 0.178900 0.182900 0.238900 0.182700 0.168600 0.210200 0.236200 0.147800 0.123600 0.156500 0.132900 0.149300 0.257800 0.227100 0.215900
BohorReedb 0.133700 0.805900 0.239300 0.526600 0.056700 0.143100 0.143500 0.119100 0.239100 0.249600 0.199900 0.248000 0.153600 0.167800 0.147400 0.198000 0.254500 0.325400 0.199900 0.205800 0.180800 0.194900 0.261000 0.252900 0.190000 0.206700 0.154900 0.201700 0.196600 0.239800 0.250700 0.231700 0.312300 0.154900 0.144900 0.214500 0.178900 0.000000 0.195900 0.286900 0.251000 0.207000 0.226100 0.254400 0.212300 0.133400 0.221100 0.142300 0.210600 0.366000 0.216300 0.217300
KirksDik 0.164700 0.927300 0.253300 0.632400 0.201300 0.198900 0.185800 0.137300 0.253100 0.235500 0.203000 0.235200 0.146000 0.183800 0.178100 0.113000 0.213600 0.253400 0.214600 0.221100 0.146900 0.224100 0.273100 0.238500 0.193600 0.099100 0.171500 0.191700 0.088900 0.227900 0.209800 0.196100 0.321000 0.171500 0.150000 0.202700 0.182900 0.195900 0.000000 0.269900 0.236900 0.099300 0.187500 0.239900 0.200900 0.176500 0.134400 0.159300 0.200400 0.346500 0.231200 0.246300
RoeDeer 0.221900 0.815600 0.284400 0.556300 0.261100 0.244100 0.243400 0.273300 0.284100 0.088700 0.259000 0.308300 0.251700 0.241000 0.208100 0.244600 0.164800 0.191600 0.271700 0.251200 0.254300 0.228600 0.122300 0.066600 0.249800 0.280000 0.254000 0.274300 0.242500 0.258300 0.112600 0.276300 0.299100 0.254000 0.205600 0.220700 0.238900 0.286900 0.269900 0.000000 0.088800 0.280500 0.090300 0.066900 0.231600 0.262500 0.240000 0.241000 0.308800 0.239300 0.261700 0.277600
WhiteLippe 0.190300 0.849100 0.251900 0.521700 0.254800 0.212100 0.185700 0.239500 0.251700 0.086700 0.202900 0.274000 0.194800 0.209200 0.203500 0.212400 0.161000 0.201800 0.214700 0.245500 0.196500 0.197900 0.031100 0.087600 0.193400 0.220800 0.196500 0.267900 0.210800 0.252500 0.109900 0.244900 0.262800 0.171500 0.175100 0.215600 0.182700 0.251000 0.236900 0.088800 0.000000 0.221200 0.088100 0.087900 0.226300 0.202400 0.183300 0.184000 0.250000 0.183100 0.255700 0.271300
ThomsonGaz 0.150200 0.903200 0.237400 0.618400 0.212100 0.183800 0.122700 0.172800 0.237300 0.245900 0.188600 0.218100 0.131500 0.145000 0.138200 0.099900 0.224000 0.263500 0.199800 0.205700 0.132100 0.208500 0.256700 0.248900 0.179200 0.000000 0.157300 0.201800 0.099300 0.212500 0.246600 0.158800 0.331800 0.133400 0.136000 0.211600 0.168600 0.207000 0.099300 0.280500 0.221200 0.000000 0.223800 0.250300 0.209600 0.137200 0.144700 0.145300 0.162500 0.312900 0.190500 0.230300
MuntiacusC 0.192700 0.790900 0.229500 0.512000 0.230800 0.214700 0.214000 0.215700 0.229300 0.042800 0.230200 0.277800 0.197100 0.186100 0.179800 0.215200 0.163600 0.204800 0.242400 0.197100 0.224800 0.226300 0.109900 0.066000 0.220800 0.223500 0.198700 0.193600 0.162500 0.230000 0.043200 0.247700 0.239300 0.198700 0.177400 0.192300 0.210200 0.226100 0.187500 0.090300 0.088100 0.223800 0.000000 0.066400 0.203100 0.205100 0.185400 0.186300 0.252600 0.264500 0.207400 0.222000
WhiteTaile 0.219400 0.807100 0.255100 0.529000 0.258400 0.241400 0.240600 0.242700 0.254800 0.087900 0.256200 0.277200 0.222800 0.238400 0.206100 0.215000 0.163200 0.179800 0.268700 0.222500 0.251500 0.253100 0.121100 0.021600 0.246900 0.249900 0.224700 0.245000 0.213600 0.255600 0.088300 0.273400 0.293800 0.224700 0.203400 0.191800 0.236200 0.254400 0.239900 0.066900 0.087900 0.250300 0.066400 0.000000 0.202600 0.232000 0.211000 0.211900 0.278800 0.263900 0.232800 0.247900
Cattle 0.153800 0.725800 0.191700 0.574100 0.217300 0.188100 0.150100 0.202600 0.191700 0.225600 0.168300 0.146200 0.158400 0.173100 0.167100 0.176900 0.215300 0.243600 0.179900 0.159700 0.184400 0.187800 0.262700 0.201500 0.158600 0.211000 0.160900 0.181400 0.175500 0.192200 0.226200 0.235000 0.383400 0.160900 0.139200 0.021900 0.147800 0.212300 0.200900 0.231600 0.226300 0.209600 0.203100 0.202600 0.000000 0.165600 0.198500 0.148600 0.190200 0.320600 0.170000 0.183900
RoyalAntel 0.104100 0.713000 0.218500 0.584900 0.166400 0.137900 0.078700 0.127600 0.218400 0.227800 0.144100 0.174400 0.112300 0.101300 0.104900 0.152400 0.231800 0.272100 0.131600 0.186100 0.137300 0.162100 0.238700 0.230600 0.135300 0.137000 0.112400 0.182700 0.151400 0.219000 0.228700 0.187400 0.299600 0.089000 0.091600 0.167200 0.123600 0.133400 0.176500 0.262500 0.202400 0.137200 0.205100 0.232000 0.165600 0.000000 0.174700 0.101500 0.142100 0.295900 0.196400 0.210900
Steenbok 0.138100 0.851300 0.250300 0.584900 0.226000 0.171700 0.159100 0.185800 0.250100 0.182300 0.176500 0.286200 0.144300 0.133400 0.176000 0.088300 0.264700 0.305400 0.164100 0.218300 0.121800 0.171200 0.205700 0.236100 0.167000 0.144500 0.145500 0.214500 0.133600 0.225500 0.208100 0.218300 0.291100 0.145400 0.124300 0.200500 0.156500 0.221100 0.134400 0.240000 0.183300 0.144700 0.185400 0.211000 0.198500 0.174700 0.000000 0.133700 0.222500 0.315300 0.228400 0.243300
Impala 0.090200 0.788400 0.176300 0.562500 0.149300 0.099800 0.111300 0.136200 0.176200 0.183300 0.129900 0.182200 0.053400 0.110200 0.102400 0.136100 0.212000 0.251400 0.095600 0.144900 0.098600 0.122900 0.219000 0.210800 0.143400 0.145100 0.053800 0.142200 0.135200 0.176700 0.209000 0.170800 0.292300 0.053800 0.077500 0.150000 0.132900 0.142300 0.159300 0.241000 0.184000 0.145300 0.186300 0.211900 0.148600 0.101500 0.133700 0.000000 0.150900 0.274000 0.154900 0.168300
Klipspring 0.154600 0.878300 0.215900 0.644800 0.215300 0.186800 0.129200 0.177600 0.215900 0.274200 0.146300 0.223000 0.138500 0.174000 0.168300 0.177200 0.253000 0.291100 0.202200 0.185400 0.186000 0.210400 0.284800 0.277400 0.137900 0.162300 0.161400 0.182000 0.176200 0.216400 0.274800 0.209400 0.332600 0.138500 0.142000 0.191800 0.149300 0.210600 0.200400 0.308800 0.250000 0.162500 0.252600 0.278800 0.190200 0.142100 0.222500 0.150900 0.000000 0.341300 0.195100 0.208800
ForestMusk 0.254900 0.856700 0.373400 0.518600 0.366700 0.249900 0.304300 0.335000 0.373000 0.260000 0.277400 0.325800 0.284000 0.300900 0.327200 0.334900 0.223300 0.274400 0.276400 0.369400 0.259400 0.288600 0.218000 0.262300 0.268500 0.312500 0.286500 0.362800 0.361600 0.316900 0.260700 0.333600 0.303900 0.259600 0.265300 0.310200 0.257800 0.366000 0.346500 0.239300 0.183100 0.312900 0.264500 0.263900 0.320600 0.295900 0.315300 0.274000 0.341300 0.000000 0.349500 0.367000
Bushbuck 0.184700 0.822500 0.040300 0.527400 0.221100 0.192900 0.205200 0.207400 0.040300 0.229100 0.197900 0.178900 0.142100 0.178400 0.172500 0.232700 0.207400 0.246300 0.209000 0.010200 0.190500 0.217100 0.278500 0.231400 0.212800 0.190200 0.166800 0.030400 0.231200 0.018800 0.229800 0.214200 0.313500 0.166700 0.170100 0.171500 0.227100 0.216300 0.231200 0.261700 0.255700 0.190500 0.207400 0.232800 0.170000 0.196400 0.228400 0.154900 0.195100 0.349500 0.000000 0.028700
GreaterKud 0.173300 0.825600 0.050900 0.551800 0.222000 0.181700 0.219700 0.222100 0.050900 0.244000 0.187000 0.192700 0.155100 0.192200 0.186600 0.247900 0.222100 0.261200 0.223100 0.020700 0.230300 0.205800 0.294400 0.246400 0.201800 0.230000 0.180300 0.041000 0.246300 0.051000 0.244700 0.252800 0.329600 0.180300 0.183900 0.185600 0.215900 0.217300 0.246300 0.277600 0.271300 0.230300 0.222000 0.247900 0.183900 0.210900 0.243300 0.168300 0.208800 0.367000 0.028700 0.000000
