CODONML (in paml version 4.10.7, June 2023)  /home/rachel/ruminants_paml/6406-phy-tree/ENSBTAT00000021482.fasta.phy
Model: free dN/dS Ratios for branches,  kappa = 2.000 fixed

Codon frequency model: F3x4
ns =  54  ls = 135

Codon usage in sequences
--------------------------------------------------------------------------------------------------------------------------------------
Phe TTT   0   3   1   1   3   2 | Ser TCT   0   0   0   0   0   0 | Tyr TAT   0   1   1   0   0   0 | Cys TGT   0   0   0   0   0   0
    TTC  17  14  16  16  13  15 |     TCC   4   4   4   4   4   4 |     TAC   7   6   6   7   7   7 |     TGC   0   0   0   0   0   0
Leu TTA   0   0   0   0   0   0 |     TCA   0   0   0   0   0   1 | *** TAA   0   0   0   0   0   0 | *** TGA   0   0   0   0   0   0
    TTG   2   1   2   2   3   2 |     TCG   1   1   1   1   1   0 |     TAG   0   0   0   0   0   0 | Trp TGG   5   5   5   5   5   5
--------------------------------------------------------------------------------------------------------------------------------------
Leu CTT   0   2   0   0   0   1 | Pro CCT   0   0   0   0   0   0 | His CAT   2   1   2   1   2   2 | Arg CGT   0   0   1   0   0   0
    CTC   6   5   6   6   7   5 |     CCC   3   4   3   3   2   3 |     CAC   5   5   5   6   5   5 |     CGC   2   1   1   1   1   2
    CTA   0   0   0   0   0   0 |     CCA   0   0   0   0   1   0 | Gln CAA   0   1   0   0   1   1 |     CGA   1   0   1   1   1   0
    CTG  10  10  10  10   8   9 |     CCG   0   0   0   0   0   0 |     CAG   8   7   8   8   8   9 |     CGG   4   6   4   5   5   4
--------------------------------------------------------------------------------------------------------------------------------------
Ile ATT   0   0   0   0   0   0 | Thr ACT   1   0   1   1   1   1 | Asn AAT   2   1   2   2   2   2 | Ser AGT   1   0   1   1   0   0
    ATC   1   1   1   1   1   1 |     ACC   4   5   4   3   4   4 |     AAC   2   3   2   1   2   2 |     AGC   2   3   2   3   3   3
    ATA   0   0   0   0   0   0 |     ACA   1   1   1   3   1   1 | Lys AAA   3   3   3   2   2   2 | Arg AGA   0   0   0   0   0   0
Met ATG   6   6   6   6   6   6 |     ACG   1   1   1   1   1   1 |     AAG   5   5   5   5   6   5 |     AGG   0   0   0   0   0   1
--------------------------------------------------------------------------------------------------------------------------------------
Val GTT   0   0   0   0   2   2 | Ala GCT   0   0   0   0   0   0 | Asp GAT   1   1   1   1   1   1 | Gly GGT   0   0   0   0   0   0
    GTC   3   2   3   3   1   1 |     GCC   2   2   2   2   2   2 |     GAC   2   2   2   2   2   1 |     GGC   8   9   8   8   7   8
    GTA   0   0   0   0   1   1 |     GCA   0   0   0   0   0   0 | Glu GAA   1   1   1   1   1   1 |     GGA   2   1   2   2   2   2
    GTG   4   5   4   4   3   3 |     GCG   0   0   0   0   0   0 |     GAG   4   4   4   4   4   5 |     GGG   2   2   2   2   3   2
--------------------------------------------------------------------------------------------------------------------------------------

--------------------------------------------------------------------------------------------------------------------------------------
Phe TTT   1   0   0   0   1   1 | Ser TCT   0   0   0   0   1   0 | Tyr TAT   0   0   0   0   1   1 | Cys TGT   0   0   0   0   0   0
    TTC  16  17  16  17  15  16 |     TCC   4   4   4   4   3   4 |     TAC   7   7   7   7   6   6 |     TGC   0   0   0   0   0   0
Leu TTA   0   0   0   0   0   0 |     TCA   0   0   0   0   0   0 | *** TAA   0   0   0   0   0   0 | *** TGA   0   0   0   0   0   0
    TTG   2   2   2   2   2   2 |     TCG   1   1   1   1   1   1 |     TAG   0   0   0   0   0   0 | Trp TGG   5   5   5   5   5   5
--------------------------------------------------------------------------------------------------------------------------------------
Leu CTT   0   0   0   0   0   1 | Pro CCT   0   0   0   0   0   0 | His CAT   2   2   2   2   2   2 | Arg CGT   0   0   0   0   0   0
    CTC   6   7   7   6   7   6 |     CCC   3   3   3   3   3   3 |     CAC   5   5   5   5   5   5 |     CGC   2   2   2   2   2   1
    CTA   0   0   0   0   0   0 |     CCA   0   0   0   0   0   0 | Gln CAA   0   0   0   0   0   0 |     CGA   1   1   1   1   1   1
    CTG  10   8  10  10  10   9 |     CCG   0   2   0   0   0   0 |     CAG   8   8   8   8   8   8 |     CGG   4   3   4   4   4   5
--------------------------------------------------------------------------------------------------------------------------------------
Ile ATT   0   0   0   0   0   0 | Thr ACT   0   1   1   1   1   1 | Asn AAT   2   2   2   2   2   2 | Ser AGT   2   1   1   1   1   0
    ATC   1   1   1   1   1   1 |     ACC   5   4   4   4   4   3 |     AAC   2   2   2   2   2   2 |     AGC   1   2   1   2   2   3
    ATA   0   0   0   0   0   0 |     ACA   1   1   1   1   1   1 | Lys AAA   3   3   3   3   3   3 | Arg AGA   0   0   0   0   0   0
Met ATG   6   6   6   6   6   6 |     ACG   1   1   1   1   1   2 |     AAG   5   5   5   5   5   5 |     AGG   0   0   0   0   0   0
--------------------------------------------------------------------------------------------------------------------------------------
Val GTT   0   0   0   0   0   0 | Ala GCT   0   0   0   0   0   0 | Asp GAT   1   1   1   1   1   1 | Gly GGT   0   1   0   0   0   0
    GTC   3   3   3   3   3   3 |     GCC   2   2   2   2   2   2 |     GAC   2   2   2   2   2   2 |     GGC   8   7   9   8   8   8
    GTA   0   0   0   0   0   0 |     GCA   0   0   0   0   0   0 | Glu GAA   1   1   0   1   1   2 |     GGA   2   2   2   2   2   3
    GTG   4   4   4   4   4   4 |     GCG   0   0   0   0   0   0 |     GAG   4   4   5   4   4   3 |     GGG   2   2   2   2   2   1
--------------------------------------------------------------------------------------------------------------------------------------

--------------------------------------------------------------------------------------------------------------------------------------
Phe TTT   0   2   1   1   1   0 | Ser TCT   0   0   0   0   0   0 | Tyr TAT   0   0   0   0   0   0 | Cys TGT   0   0   0   0   0   0
    TTC  17  15  16  16  16  17 |     TCC   4   4   4   4   4   4 |     TAC   7   7   7   7   7   7 |     TGC   0   0   0   0   0   0
Leu TTA   0   0   0   0   0   0 |     TCA   0   0   1   0   0   0 | *** TAA   0   0   0   0   0   0 | *** TGA   0   0   0   0   0   0
    TTG   2   2   3   2   2   2 |     TCG   1   1   0   1   1   1 |     TAG   0   0   0   0   0   0 | Trp TGG   5   5   5   5   5   5
--------------------------------------------------------------------------------------------------------------------------------------
Leu CTT   0   0   0   0   0   0 | Pro CCT   0   0   0   1   0   0 | His CAT   2   3   2   2   2   2 | Arg CGT   0   0   0   0   0   0
    CTC   6   6   6   7   5   6 |     CCC   3   3   3   2   3   3 |     CAC   5   4   5   5   5   5 |     CGC   2   2   2   2   2   2
    CTA   0   0   0   0   0   0 |     CCA   0   0   0   0   0   0 | Gln CAA   0   0   0   0   0   0 |     CGA   1   1   1   1   0   1
    CTG  10  10   9   9  10  10 |     CCG   0   0   0   0   0   0 |     CAG   8   8   8   8   8   8 |     CGG   4   4   4   4   5   4
--------------------------------------------------------------------------------------------------------------------------------------
Ile ATT   0   0   0   0   0   0 | Thr ACT   1   1   1   1   1   1 | Asn AAT   2   2   2   2   2   2 | Ser AGT   1   1   1   2   1   1
    ATC   1   1   1   1   1   1 |     ACC   4   4   4   4   4   4 |     AAC   2   2   2   2   3   2 |     AGC   2   2   2   1   2   2
    ATA   0   0   0   0   0   0 |     ACA   1   1   1   1   1   1 | Lys AAA   3   3   3   3   3   3 | Arg AGA   0   0   0   0   0   0
Met ATG   6   6   6   6   6   6 |     ACG   1   1   1   1   1   1 |     AAG   5   5   5   5   5   5 |     AGG   0   0   0   0   0   0
--------------------------------------------------------------------------------------------------------------------------------------
Val GTT   0   0   0   0   0   0 | Ala GCT   0   0   0   0   0   0 | Asp GAT   1   1   1   1   0   1 | Gly GGT   0   0   1   0   1   0
    GTC   3   3   3   3   4   3 |     GCC   2   2   2   2   2   2 |     GAC   2   2   2   2   3   2 |     GGC   8   8   7   8   6   8
    GTA   0   0   0   0   0   0 |     GCA   0   0   0   0   0   0 | Glu GAA   1   1   1   1   1   1 |     GGA   2   3   2   2   2   2
    GTG   4   4   4   4   4   4 |     GCG   0   0   0   0   0   0 |     GAG   4   4   4   4   4   4 |     GGG   2   1   2   2   2   2
--------------------------------------------------------------------------------------------------------------------------------------

--------------------------------------------------------------------------------------------------------------------------------------
Phe TTT   3   2   0   1   0   1 | Ser TCT   0   0   2   1   0   0 | Tyr TAT   1   1   0   1   0   1 | Cys TGT   0   0   0   0   0   0
    TTC  14  15  16  16  17  16 |     TCC   4   4   4   3   4   4 |     TAC   6   6   7   6   7   6 |     TGC   0   0   0   0   0   0
Leu TTA   0   0   0   0   0   0 |     TCA   0   0   0   0   0   0 | *** TAA   0   0   0   0   0   0 | *** TGA   0   0   0   0   0   0
    TTG   2   2   2   2   2   2 |     TCG   1   1   0   1   1   1 |     TAG   0   0   0   0   0   0 | Trp TGG   5   5   5   5   5   5
--------------------------------------------------------------------------------------------------------------------------------------
Leu CTT   1   0   0   0   0   0 | Pro CCT   0   0   0   0   0   0 | His CAT   2   2   1   2   1   2 | Arg CGT   0   0   0   0   0   0
    CTC   5   6   6   6   6   6 |     CCC   3   3   3   3   3   3 |     CAC   5   5   6   5   6   5 |     CGC   1   1   2   2   2   2
    CTA   0   0   1   0   0   0 |     CCA   0   0   0   0   0   0 | Gln CAA   1   1   0   0   0   0 |     CGA   1   2   1   1   1   1
    CTG  10  10   9  10  10  10 |     CCG   0   0   0   0   0   0 |     CAG   7   7   8   8   8   8 |     CGG   5   4   3   4   4   4
--------------------------------------------------------------------------------------------------------------------------------------
Ile ATT   0   0   0   0   0   0 | Thr ACT   1   1   1   1   1   1 | Asn AAT   2   2   2   2   2   2 | Ser AGT   1   1   0   1   0   2
    ATC   1   1   1   1   1   1 |     ACC   4   4   5   4   4   4 |     AAC   1   1   2   2   2   2 |     AGC   3   3   3   2   3   1
    ATA   0   1   0   0   0   0 |     ACA   1   1   0   1   1   1 | Lys AAA   3   3   3   3   3   3 | Arg AGA   0   0   0   0   0   0
Met ATG   6   5   6   6   6   6 |     ACG   1   1   1   1   1   1 |     AAG   5   5   5   5   5   5 |     AGG   0   0   1   0   0   0
--------------------------------------------------------------------------------------------------------------------------------------
Val GTT   1   1   0   0   0   0 | Ala GCT   0   0   0   0   0   0 | Asp GAT   1   1   1   1   1   1 | Gly GGT   1   2   0   0   0   0
    GTC   2   2   1   3   3   3 |     GCC   2   2   2   2   2   2 |     GAC   2   2   2   2   2   2 |     GGC   8   6   8   8   8   8
    GTA   0   0   0   0   0   0 |     GCA   0   0   0   0   0   0 | Glu GAA   1   1   1   1   1   1 |     GGA   1   2   2   2   2   2
    GTG   4   4   6   4   4   4 |     GCG   0   0   0   0   0   0 |     GAG   4   4   4   4   4   4 |     GGG   2   2   2   2   2   2
--------------------------------------------------------------------------------------------------------------------------------------

--------------------------------------------------------------------------------------------------------------------------------------
Phe TTT   1   1   0   0   1   1 | Ser TCT   0   0   0   0   0   1 | Tyr TAT   1   1   0   0   0   1 | Cys TGT   0   0   0   0   0   0
    TTC  16  16  17  17  16  16 |     TCC   4   4   4   5   4   3 |     TAC   6   6   7   7   7   6 |     TGC   0   0   0   0   0   0
Leu TTA   0   0   0   0   0   0 |     TCA   0   0   0   0   1   0 | *** TAA   0   0   0   0   0   0 | *** TGA   0   0   0   0   0   0
    TTG   1   2   2   2   3   2 |     TCG   1   1   1   0   0   1 |     TAG   0   0   0   0   0   0 | Trp TGG   5   5   5   5   5   5
--------------------------------------------------------------------------------------------------------------------------------------
Leu CTT   0   1   0   0   0   0 | Pro CCT   0   0   0   0   0   0 | His CAT   2   2   2   2   1   2 | Arg CGT   0   0   0   0   1   1
    CTC   6   5   6   7   6   6 |     CCC   3   3   3   3   3   3 |     CAC   5   5   5   5   5   5 |     CGC   1   1   2   2   2   1
    CTA   0   0   0   0   0   0 |     CCA   0   0   0   0   0   0 | Gln CAA   0   0   0   0   0   0 |     CGA   1   1   1   1   1   1
    CTG  11  10  10   9   9  10 |     CCG   0   0   0   0   0   0 |     CAG   8   8   8   8   8   8 |     CGG   5   5   4   4   4   4
--------------------------------------------------------------------------------------------------------------------------------------
Ile ATT   0   0   0   0   0   0 | Thr ACT   1   1   1   1   1   1 | Asn AAT   2   2   2   2   2   2 | Ser AGT   1   1   1   1   1   1
    ATC   1   1   1   1   1   1 |     ACC   4   3   4   4   4   4 |     AAC   2   2   2   2   2   2 |     AGC   2   2   2   2   2   2
    ATA   0   0   0   0   0   0 |     ACA   1   1   1   1   1   1 | Lys AAA   3   3   3   3   3   3 | Arg AGA   0   0   0   0   0   0
Met ATG   6   6   6   6   6   6 |     ACG   1   2   1   1   1   1 |     AAG   5   5   5   5   5   5 |     AGG   0   0   0   0   0   0
--------------------------------------------------------------------------------------------------------------------------------------
Val GTT   0   0   0   0   0   0 | Ala GCT   0   0   0   0   0   0 | Asp GAT   1   1   1   1   1   1 | Gly GGT   0   0   0   0   1   0
    GTC   3   3   3   3   3   3 |     GCC   2   2   2   2   2   2 |     GAC   2   2   2   2   2   2 |     GGC   8   7   8   8   7   8
    GTA   0   0   0   0   0   0 |     GCA   0   0   0   0   0   0 | Glu GAA   2   3   1   1   1   1 |     GGA   3   2   2   2   2   2
    GTG   4   4   4   4   4   4 |     GCG   0   0   0   0   0   0 |     GAG   3   2   4   4   4   4 |     GGG   1   3   2   2   2   2
--------------------------------------------------------------------------------------------------------------------------------------

--------------------------------------------------------------------------------------------------------------------------------------
Phe TTT   1   1   1   0   2   1 | Ser TCT   0   1   0   0   0   0 | Tyr TAT   0   1   1   0   0   0 | Cys TGT   0   0   0   0   0   0
    TTC  16  16  16  17  15  16 |     TCC   4   3   4   4   3   4 |     TAC   7   6   6   7   7   7 |     TGC   0   0   0   0   0   0
Leu TTA   0   0   0   0   0   1 |     TCA   0   0   0   0   0   1 | *** TAA   0   0   0   0   0   0 | *** TGA   0   0   0   0   0   0
    TTG   2   2   2   2   3   2 |     TCG   1   1   1   1   2   0 |     TAG   0   0   0   0   0   0 | Trp TGG   5   5   5   5   5   5
--------------------------------------------------------------------------------------------------------------------------------------
Leu CTT   0   0   0   0   1   0 | Pro CCT   0   0   0   0   1   0 | His CAT   2   2   2   2   3   1 | Arg CGT   0   0   0   0   0   1
    CTC   6   6   6   6   5   6 |     CCC   3   3   3   3   2   3 |     CAC   5   5   5   5   4   5 |     CGC   2   2   1   2   1   2
    CTA   0   0   1   0   0   0 |     CCA   0   0   0   0   0   0 | Gln CAA   0   0   0   0   1   0 |     CGA   1   1   1   1   1   1
    CTG  10  10   9  10   9   9 |     CCG   0   0   0   0   0   0 |     CAG   8   8   8   8   7   8 |     CGG   4   4   5   4   5   4
--------------------------------------------------------------------------------------------------------------------------------------
Ile ATT   0   0   0   0   0   0 | Thr ACT   1   1   1   1   2   1 | Asn AAT   2   2   2   2   2   2 | Ser AGT   2   1   0   2   1   1
    ATC   1   1   1   1   1   1 |     ACC   4   4   3   4   3   4 |     AAC   2   2   2   2   2   2 |     AGC   1   2   3   1   2   2
    ATA   0   0   0   0   0   0 |     ACA   0   1   1   1   2   1 | Lys AAA   3   3   3   3   3   3 | Arg AGA   0   0   0   0   0   0
Met ATG   6   6   6   6   6   6 |     ACG   2   1   2   1   0   1 |     AAG   5   5   5   5   5   5 |     AGG   0   0   0   0   0   0
--------------------------------------------------------------------------------------------------------------------------------------
Val GTT   0   0   0   0   0   0 | Ala GCT   0   0   0   0   0   0 | Asp GAT   1   1   1   1   1   1 | Gly GGT   0   0   0   0   1   1
    GTC   3   3   3   3   3   3 |     GCC   2   2   2   2   2   2 |     GAC   2   2   2   2   2   2 |     GGC   8   8   7   8   7   7
    GTA   0   0   0   0   0   0 |     GCA   0   0   0   0   0   0 | Glu GAA   1   1   2   1   1   1 |     GGA   2   2   3   2   2   2
    GTG   4   4   4   4   4   4 |     GCG   0   0   0   0   0   0 |     GAG   4   4   3   4   4   4 |     GGG   2   2   2   2   2   2
--------------------------------------------------------------------------------------------------------------------------------------

--------------------------------------------------------------------------------------------------------------------------------------
Phe TTT   2   2   0   0   0   1 | Ser TCT   0   0   0   0   0   0 | Tyr TAT   0   0   0   0   0   1 | Cys TGT   0   0   0   0   0   0
    TTC  15  15  17  17  17  16 |     TCC   4   4   4   4   4   4 |     TAC   7   7   7   7   7   6 |     TGC   0   0   0   0   0   0
Leu TTA   0   0   0   0   0   0 |     TCA   0   0   0   0   0   0 | *** TAA   0   0   0   0   0   0 | *** TGA   0   0   0   0   0   0
    TTG   2   2   2   2   2   2 |     TCG   1   1   1   1   1   1 |     TAG   0   0   0   0   0   0 | Trp TGG   5   5   5   5   5   5
--------------------------------------------------------------------------------------------------------------------------------------
Leu CTT   0   0   0   0   0   0 | Pro CCT   0   0   0   0   0   0 | His CAT   2   2   2   2   2   2 | Arg CGT   0   1   0   0   0   0
    CTC   6   6   6   6   6   6 |     CCC   3   3   3   3   3   3 |     CAC   5   5   5   5   5   5 |     CGC   2   1   2   2   2   1
    CTA   1   0   0   0   0   0 |     CCA   0   0   0   0   0   0 | Gln CAA   0   0   0   0   0   0 |     CGA   1   1   1   1   1   1
    CTG   9  10  10  10  10  10 |     CCG   0   0   0   0   0   0 |     CAG   8   8   8   8   8   8 |     CGG   4   4   4   4   4   5
--------------------------------------------------------------------------------------------------------------------------------------
Ile ATT   0   0   0   0   0   0 | Thr ACT   1   1   1   0   1   1 | Asn AAT   2   2   2   2   2   2 | Ser AGT   1   1   2   2   1   2
    ATC   1   1   1   1   1   1 |     ACC   4   4   4   5   4   3 |     AAC   2   2   2   2   2   2 |     AGC   2   2   1   1   2   1
    ATA   0   0   0   0   0   0 |     ACA   1   1   1   1   1   1 | Lys AAA   2   3   3   2   3   3 | Arg AGA   0   0   0   0   0   0
Met ATG   6   6   6   6   6   6 |     ACG   1   1   1   1   1   2 |     AAG   6   5   5   6   5   5 |     AGG   0   0   0   0   0   0
--------------------------------------------------------------------------------------------------------------------------------------
Val GTT   1   0   0   0   0   0 | Ala GCT   0   0   0   0   0   0 | Asp GAT   1   1   1   1   2   1 | Gly GGT   1   0   0   0   0   0
    GTC   2   3   3   3   3   3 |     GCC   2   2   2   2   2   2 |     GAC   2   2   2   2   1   2 |     GGC   7   8   8   8   8   8
    GTA   0   0   0   0   0   0 |     GCA   0   0   0   0   0   0 | Glu GAA   1   1   1   1   1   2 |     GGA   2   2   2   2   3   2
    GTG   4   4   4   4   4   4 |     GCG   0   0   0   0   0   0 |     GAG   4   4   4   4   4   3 |     GGG   2   2   2   2   1   2
--------------------------------------------------------------------------------------------------------------------------------------

--------------------------------------------------------------------------------------------------------------------------------------
Phe TTT   1   0   1   1   1   1 | Ser TCT   0   0   0   0   0   0 | Tyr TAT   1   0   1   1   0   0 | Cys TGT   0   0   0   0   0   0
    TTC  16  17  16  16  16  16 |     TCC   4   5   4   4   4   4 |     TAC   6   7   6   6   7   7 |     TGC   0   0   0   0   0   0
Leu TTA   0   0   0   0   0   0 |     TCA   0   0   0   0   0   0 | *** TAA   0   0   0   0   0   0 | *** TGA   0   0   0   0   0   0
    TTG   1   2   2   2   2   2 |     TCG   1   0   1   1   1   1 |     TAG   0   0   0   0   0   0 | Trp TGG   5   5   5   5   5   5
--------------------------------------------------------------------------------------------------------------------------------------
Leu CTT   0   0   1   1   0   0 | Pro CCT   0   1   0   0   0   0 | His CAT   2   2   2   2   2   3 | Arg CGT   0   0   0   0   1   0
    CTC   6   7   6   5   6   6 |     CCC   3   2   3   3   3   3 |     CAC   5   5   5   5   5   4 |     CGC   1   2   1   1   1   2
    CTA   0   0   0   0   0   0 |     CCA   0   0   0   0   0   0 | Gln CAA   0   0   0   0   0   0 |     CGA   1   1   1   1   1   1
    CTG  11   9   9  10  10  10 |     CCG   0   0   0   0   0   0 |     CAG   8   8   8   8   8   8 |     CGG   5   4   5   5   4   4
--------------------------------------------------------------------------------------------------------------------------------------
Ile ATT   0   0   0   0   0   0 | Thr ACT   1   1   1   2   1   1 | Asn AAT   2   2   2   2   2   2 | Ser AGT   1   1   0   1   1   1
    ATC   1   1   1   1   1   1 |     ACC   3   4   3   2   4   3 |     AAC   2   2   2   2   2   2 |     AGC   2   2   3   2   2   2
    ATA   0   0   0   0   0   0 |     ACA   1   1   1   1   1   2 | Lys AAA   3   3   3   3   3   3 | Arg AGA   0   0   0   0   0   0
Met ATG   6   6   6   6   6   6 |     ACG   2   1   2   2   1   1 |     AAG   5   5   5   5   5   5 |     AGG   0   0   0   0   0   0
--------------------------------------------------------------------------------------------------------------------------------------
Val GTT   0   0   0   0   0   0 | Ala GCT   0   0   0   0   0   0 | Asp GAT   1   2   1   1   1   1 | Gly GGT   0   0   0   1   0   0
    GTC   3   3   3   3   3   3 |     GCC   2   2   2   2   2   2 |     GAC   2   1   2   2   2   2 |     GGC   8   8   8   6   8   8
    GTA   0   0   0   0   0   1 |     GCA   0   0   0   0   0   0 | Glu GAA   2   1   2   2   1   1 |     GGA   3   2   3   2   2   2
    GTG   4   4   4   4   4   3 |     GCG   0   0   0   0   0   0 |     GAG   3   4   3   3   4   4 |     GGG   1   2   1   3   2   2
--------------------------------------------------------------------------------------------------------------------------------------

--------------------------------------------------------------------------------------------------------------------------------------
Phe TTT   0   1   1   1   1   1 | Ser TCT   0   0   0   0   1   1 | Tyr TAT   0   0   0   0   1   1 | Cys TGT   0   0   0   0   0   0
    TTC  17  16  16  16  16  16 |     TCC   4   4   4   4   3   3 |     TAC   7   7   7   7   6   6 |     TGC   0   0   0   0   0   0
Leu TTA   0   0   0   0   0   0 |     TCA   0   1   0   0   0   0 | *** TAA   0   0   0   0   0   0 | *** TGA   0   0   0   0   0   0
    TTG   2   3   1   2   2   2 |     TCG   1   0   1   1   1   1 |     TAG   0   0   0   0   0   0 | Trp TGG   5   5   5   5   5   5
--------------------------------------------------------------------------------------------------------------------------------------
Leu CTT   0   0   0   0   0   0 | Pro CCT   0   0   0   0   0   0 | His CAT   2   3   1   1   2   2 | Arg CGT   0   1   1   0   0   0
    CTC   6   6   4   6   6   6 |     CCC   3   3   3   3   3   3 |     CAC   5   3   5   6   5   5 |     CGC   2   2   2   1   2   2
    CTA   0   0   0   0   0   0 |     CCA   0   0   0   0   0   0 | Gln CAA   0   0   0   0   0   0 |     CGA   1   1   1   1   1   1
    CTG  10   9  13  10  10  10 |     CCG   0   0   0   0   0   0 |     CAG   8   8   8   8   8   8 |     CGG   4   4   4   5   4   4
--------------------------------------------------------------------------------------------------------------------------------------
Ile ATT   0   0   0   0   0   0 | Thr ACT   1   1   1   1   1   1 | Asn AAT   2   2   2   2   2   2 | Ser AGT   1   1   1   1   1   1
    ATC   1   1   1   1   1   1 |     ACC   4   4   4   3   4   4 |     AAC   2   2   2   1   2   2 |     AGC   2   2   2   3   2   2
    ATA   0   0   0   0   0   0 |     ACA   1   1   1   3   1   1 | Lys AAA   3   3   3   2   3   3 | Arg AGA   0   0   0   0   0   0
Met ATG   6   6   6   6   6   6 |     ACG   1   1   1   1   1   1 |     AAG   5   5   5   5   5   5 |     AGG   0   0   0   0   0   0
--------------------------------------------------------------------------------------------------------------------------------------
Val GTT   0   0   0   0   0   0 | Ala GCT   0   0   0   0   0   0 | Asp GAT   1   1   0   2   1   1 | Gly GGT   0   1   0   0   0   0
    GTC   3   3   3   3   3   3 |     GCC   2   2   1   2   2   2 |     GAC   2   2   3   1   2   2 |     GGC   8   7   8   8   8   8
    GTA   0   0   0   0   0   0 |     GCA   0   0   0   0   0   0 | Glu GAA   1   1   1   1   1   1 |     GGA   2   2   2   2   2   2
    GTG   4   4   4   4   4   4 |     GCG   0   0   1   0   0   0 |     GAG   4   4   4   4   4   4 |     GGG   2   2   2   2   2   2
--------------------------------------------------------------------------------------------------------------------------------------

Codon position x base (3x4) table for each sequence.

#1: Argali         
position  1:    T:0.26667    C:0.30370    A:0.21481    G:0.21481
position  2:    T:0.36296    C:0.12593    A:0.31111    G:0.20000
position  3:    T:0.05185    C:0.50370    A:0.05926    G:0.38519
Average         T:0.22716    C:0.31111    A:0.19506    G:0.26667

#2: LesserMouseDeer
position  1:    T:0.25926    C:0.31111    A:0.21481    G:0.21481
position  2:    T:0.36296    C:0.13333    A:0.30370    G:0.20000
position  3:    T:0.06667    C:0.48889    A:0.05185    G:0.39259
Average         T:0.22963    C:0.31111    A:0.19012    G:0.26914

#3: LesserKudu     
position  1:    T:0.26667    C:0.30370    A:0.21481    G:0.21481
position  2:    T:0.36296    C:0.12593    A:0.31111    G:0.20000
position  3:    T:0.07407    C:0.48148    A:0.05926    G:0.38519
Average         T:0.23457    C:0.30370    A:0.19506    G:0.26667

#4: ForestMuskDeer2
position  1:    T:0.26667    C:0.30370    A:0.21481    G:0.21481
position  2:    T:0.36296    C:0.13333    A:0.29630    G:0.20741
position  3:    T:0.05185    C:0.48889    A:0.06667    G:0.39259
Average         T:0.22716    C:0.30864    A:0.19259    G:0.27160

#5: Camel          
position  1:    T:0.26667    C:0.30370    A:0.21481    G:0.21481
position  2:    T:0.35556    C:0.12593    A:0.31852    G:0.20000
position  3:    T:0.08148    C:0.45185    A:0.07407    G:0.39259
Average         T:0.23457    C:0.29383    A:0.20247    G:0.26914

#6: KillerWhale    
position  1:    T:0.26667    C:0.30370    A:0.21481    G:0.21481
position  2:    T:0.35556    C:0.12593    A:0.31852    G:0.20000
position  3:    T:0.08148    C:0.46667    A:0.06667    G:0.38519
Average         T:0.23457    C:0.29877    A:0.20000    G:0.26667

#7: DefassaWaterbuck
position  1:    T:0.26667    C:0.30370    A:0.21481    G:0.21481
position  2:    T:0.36296    C:0.12593    A:0.31111    G:0.20000
position  3:    T:0.05926    C:0.49630    A:0.05926    G:0.38519
Average         T:0.22963    C:0.30864    A:0.19506    G:0.26667

#8: Sheep          
position  1:    T:0.26667    C:0.30370    A:0.21481    G:0.21481
position  2:    T:0.35556    C:0.14074    A:0.31111    G:0.19259
position  3:    T:0.05926    C:0.50370    A:0.05926    G:0.37778
Average         T:0.22716    C:0.31605    A:0.19506    G:0.26173

#9: MaxwellsDuiker 
position  1:    T:0.25926    C:0.31111    A:0.20741    G:0.22222
position  2:    T:0.36296    C:0.12593    A:0.31111    G:0.20000
position  3:    T:0.05185    C:0.50370    A:0.05185    G:0.39259
Average         T:0.22469    C:0.31358    A:0.19012    G:0.27160

#10: GazellaPrzewalskyi
position  1:    T:0.26667    C:0.30370    A:0.21481    G:0.21481
position  2:    T:0.36296    C:0.12593    A:0.31111    G:0.20000
position  3:    T:0.05185    C:0.50370    A:0.05926    G:0.38519
Average         T:0.22716    C:0.31111    A:0.19506    G:0.26667

#11: MountainNyala  
position  1:    T:0.25926    C:0.31111    A:0.21481    G:0.21481
position  2:    T:0.36296    C:0.12593    A:0.31111    G:0.20000
position  3:    T:0.07407    C:0.48148    A:0.05926    G:0.38519
Average         T:0.23210    C:0.30617    A:0.19506    G:0.26667

#12: MuntiacusMuntjak
position  1:    T:0.26667    C:0.30370    A:0.21481    G:0.21481
position  2:    T:0.36296    C:0.12593    A:0.31111    G:0.20000
position  3:    T:0.06667    C:0.48148    A:0.07407    G:0.37778
Average         T:0.23210    C:0.30370    A:0.20000    G:0.26420

#13: goat           
position  1:    T:0.26667    C:0.30370    A:0.21481    G:0.21481
position  2:    T:0.36296    C:0.12593    A:0.31111    G:0.20000
position  3:    T:0.05185    C:0.50370    A:0.05926    G:0.38519
Average         T:0.22716    C:0.31111    A:0.19506    G:0.26667

#14: AfricanBuffalo 
position  1:    T:0.26667    C:0.30370    A:0.21481    G:0.21481
position  2:    T:0.36296    C:0.12593    A:0.31111    G:0.20000
position  3:    T:0.07407    C:0.48148    A:0.06667    G:0.37778
Average         T:0.23457    C:0.30370    A:0.19753    G:0.26420

#15: Topi           
position  1:    T:0.27407    C:0.29630    A:0.21481    G:0.21481
position  2:    T:0.36296    C:0.12593    A:0.31111    G:0.20000
position  3:    T:0.06667    C:0.48889    A:0.06667    G:0.37778
Average         T:0.23457    C:0.30370    A:0.19753    G:0.26420

#16: CommonDuiker   
position  1:    T:0.26667    C:0.30370    A:0.21481    G:0.21481
position  2:    T:0.36296    C:0.12593    A:0.31111    G:0.20000
position  3:    T:0.07407    C:0.48889    A:0.05926    G:0.37778
Average         T:0.23457    C:0.30617    A:0.19506    G:0.26420

#17: Suni           
position  1:    T:0.26667    C:0.29630    A:0.22222    G:0.21481
position  2:    T:0.36296    C:0.12593    A:0.31852    G:0.19259
position  3:    T:0.05926    C:0.49630    A:0.05185    G:0.39259
Average         T:0.22963    C:0.30617    A:0.19753    G:0.26667

#18: Springbuck     
position  1:    T:0.26667    C:0.30370    A:0.21481    G:0.21481
position  2:    T:0.36296    C:0.12593    A:0.31111    G:0.20000
position  3:    T:0.05185    C:0.50370    A:0.05926    G:0.38519
Average         T:0.22716    C:0.31111    A:0.19506    G:0.26667

#19: Okapi          
position  1:    T:0.26667    C:0.30370    A:0.21481    G:0.21481
position  2:    T:0.36296    C:0.12593    A:0.30370    G:0.20741
position  3:    T:0.10370    C:0.45185    A:0.05926    G:0.38519
Average         T:0.24444    C:0.29383    A:0.19259    G:0.26914

#20: Giraffe        
position  1:    T:0.26667    C:0.30370    A:0.21481    G:0.21481
position  2:    T:0.36296    C:0.12593    A:0.30370    G:0.20741
position  3:    T:0.09630    C:0.45185    A:0.08148    G:0.37037
Average         T:0.24198    C:0.29383    A:0.20000    G:0.26420

#21: TibetanAntelope
position  1:    T:0.26667    C:0.29630    A:0.22222    G:0.21481
position  2:    T:0.35556    C:0.13333    A:0.31111    G:0.20000
position  3:    T:0.05185    C:0.50370    A:0.05926    G:0.38519
Average         T:0.22469    C:0.31111    A:0.19753    G:0.26667

#22: Sitatunga      
position  1:    T:0.26667    C:0.30370    A:0.21481    G:0.21481
position  2:    T:0.36296    C:0.12593    A:0.31111    G:0.20000
position  3:    T:0.07407    C:0.48148    A:0.05926    G:0.38519
Average         T:0.23457    C:0.30370    A:0.19506    G:0.26667

#23: Oribi          
position  1:    T:0.26667    C:0.30370    A:0.21481    G:0.21481
position  2:    T:0.36296    C:0.12593    A:0.31111    G:0.20000
position  3:    T:0.03704    C:0.51852    A:0.05926    G:0.38519
Average         T:0.22222    C:0.31605    A:0.19506    G:0.26667

#24: BarbarySheep   
position  1:    T:0.26667    C:0.30370    A:0.21481    G:0.21481
position  2:    T:0.36296    C:0.12593    A:0.31111    G:0.20000
position  3:    T:0.07407    C:0.48148    A:0.05926    G:0.38519
Average         T:0.23457    C:0.30370    A:0.19506    G:0.26667

#25: Daviddeer      
position  1:    T:0.25926    C:0.31111    A:0.21481    G:0.21481
position  2:    T:0.36296    C:0.12593    A:0.31111    G:0.20000
position  3:    T:0.06667    C:0.48148    A:0.07407    G:0.37778
Average         T:0.22963    C:0.30617    A:0.20000    G:0.26420

#26: Reindeer       
position  1:    T:0.26667    C:0.30370    A:0.21481    G:0.21481
position  2:    T:0.36296    C:0.12593    A:0.31111    G:0.20000
position  3:    T:0.07407    C:0.45926    A:0.07407    G:0.39259
Average         T:0.23457    C:0.29630    A:0.20000    G:0.26914

#27: Ibex           
position  1:    T:0.26667    C:0.30370    A:0.21481    G:0.21481
position  2:    T:0.36296    C:0.12593    A:0.31111    G:0.20000
position  3:    T:0.05185    C:0.50370    A:0.05926    G:0.38519
Average         T:0.22716    C:0.31111    A:0.19506    G:0.26667

#28: GyrantGazelle  
position  1:    T:0.26667    C:0.30370    A:0.21481    G:0.21481
position  2:    T:0.36296    C:0.12593    A:0.31111    G:0.20000
position  3:    T:0.05185    C:0.51852    A:0.05926    G:0.37037
Average         T:0.22716    C:0.31605    A:0.19506    G:0.26173

#29: Hartebeest     
position  1:    T:0.27407    C:0.29630    A:0.21481    G:0.21481
position  2:    T:0.36296    C:0.12593    A:0.30370    G:0.20741
position  3:    T:0.06667    C:0.48889    A:0.06667    G:0.37778
Average         T:0.23457    C:0.30370    A:0.19506    G:0.26667

#30: Bongo          
position  1:    T:0.26667    C:0.30370    A:0.21481    G:0.21481
position  2:    T:0.36296    C:0.12593    A:0.31111    G:0.20000
position  3:    T:0.08148    C:0.47407    A:0.05926    G:0.38519
Average         T:0.23704    C:0.30123    A:0.19506    G:0.26667

#31: Gerenuk        
position  1:    T:0.26667    C:0.30370    A:0.21481    G:0.21481
position  2:    T:0.36296    C:0.12593    A:0.31111    G:0.20000
position  3:    T:0.06667    C:0.48889    A:0.05185    G:0.39259
Average         T:0.23210    C:0.30617    A:0.19259    G:0.26914

#32: CommonEland    
position  1:    T:0.26667    C:0.30370    A:0.21481    G:0.21481
position  2:    T:0.36296    C:0.12593    A:0.31111    G:0.20000
position  3:    T:0.07407    C:0.48148    A:0.05926    G:0.38519
Average         T:0.23457    C:0.30370    A:0.19506    G:0.26667

#33: MuntiacusReevesi
position  1:    T:0.26667    C:0.30370    A:0.21481    G:0.21481
position  2:    T:0.36296    C:0.12593    A:0.31111    G:0.20000
position  3:    T:0.05926    C:0.47407    A:0.08148    G:0.38519
Average         T:0.22963    C:0.30123    A:0.20247    G:0.26667

#34: HarveysDuiker  
position  1:    T:0.26667    C:0.30370    A:0.21481    G:0.21481
position  2:    T:0.36296    C:0.12593    A:0.31111    G:0.20000
position  3:    T:0.05926    C:0.49630    A:0.05926    G:0.38519
Average         T:0.22963    C:0.30864    A:0.19506    G:0.26667

#35: Pronghorn      
position  1:    T:0.27407    C:0.29630    A:0.21481    G:0.21481
position  2:    T:0.36296    C:0.12593    A:0.31111    G:0.20000
position  3:    T:0.10370    C:0.43704    A:0.07407    G:0.38519
Average         T:0.24691    C:0.28642    A:0.20000    G:0.26667

#36: BlueWildebeest 
position  1:    T:0.27407    C:0.29630    A:0.21481    G:0.21481
position  2:    T:0.36296    C:0.12593    A:0.30370    G:0.20741
position  3:    T:0.06667    C:0.48889    A:0.07407    G:0.37037
Average         T:0.23457    C:0.30370    A:0.19753    G:0.26420

#37: Gemsbok        
position  1:    T:0.26667    C:0.30370    A:0.21481    G:0.21481
position  2:    T:0.36296    C:0.12593    A:0.31111    G:0.20000
position  3:    T:0.08148    C:0.47407    A:0.05926    G:0.38519
Average         T:0.23704    C:0.30123    A:0.19506    G:0.26667

#38: Yak            
position  1:    T:0.26667    C:0.30370    A:0.21481    G:0.21481
position  2:    T:0.36296    C:0.12593    A:0.31111    G:0.20000
position  3:    T:0.07407    C:0.48148    A:0.05926    G:0.38519
Average         T:0.23457    C:0.30370    A:0.19506    G:0.26667

#39: BlueSheep      
position  1:    T:0.26667    C:0.30370    A:0.21481    G:0.21481
position  2:    T:0.36296    C:0.12593    A:0.31111    G:0.20000
position  3:    T:0.05926    C:0.49630    A:0.05926    G:0.38519
Average         T:0.22963    C:0.30864    A:0.19506    G:0.26667

#40: BohorReedbuck  
position  1:    T:0.26667    C:0.30370    A:0.21481    G:0.21481
position  2:    T:0.36296    C:0.12593    A:0.31111    G:0.20000
position  3:    T:0.05185    C:0.50370    A:0.05185    G:0.39259
Average         T:0.22716    C:0.31111    A:0.19259    G:0.26914

#41: KirksDik       
position  1:    T:0.26667    C:0.30370    A:0.21481    G:0.21481
position  2:    T:0.36296    C:0.12593    A:0.31111    G:0.20000
position  3:    T:0.05926    C:0.49630    A:0.06667    G:0.37778
Average         T:0.22963    C:0.30864    A:0.19753    G:0.26420

#42: RoeDeer        
position  1:    T:0.26667    C:0.30370    A:0.21481    G:0.21481
position  2:    T:0.36296    C:0.12593    A:0.31111    G:0.20000
position  3:    T:0.07407    C:0.46667    A:0.06667    G:0.39259
Average         T:0.23457    C:0.29877    A:0.19753    G:0.26914

#43: WhiteLippedDeer
position  1:    T:0.25926    C:0.31111    A:0.21481    G:0.21481
position  2:    T:0.36296    C:0.12593    A:0.31111    G:0.20000
position  3:    T:0.06667    C:0.47407    A:0.07407    G:0.38519
Average         T:0.22963    C:0.30370    A:0.20000    G:0.26667

#44: ThomsonGazelle 
position  1:    T:0.26667    C:0.30370    A:0.21481    G:0.21481
position  2:    T:0.36296    C:0.12593    A:0.31111    G:0.20000
position  3:    T:0.06667    C:0.50370    A:0.05926    G:0.37037
Average         T:0.23210    C:0.31111    A:0.19506    G:0.26173

#45: MuntiacusCrinifrons
position  1:    T:0.26667    C:0.30370    A:0.21481    G:0.21481
position  2:    T:0.36296    C:0.12593    A:0.31111    G:0.20000
position  3:    T:0.06667    C:0.48148    A:0.07407    G:0.37778
Average         T:0.23210    C:0.30370    A:0.20000    G:0.26420

#46: WhiteTailedDeer
position  1:    T:0.26667    C:0.30370    A:0.21481    G:0.21481
position  2:    T:0.36296    C:0.12593    A:0.31111    G:0.20000
position  3:    T:0.08889    C:0.44444    A:0.06667    G:0.40000
Average         T:0.23951    C:0.29136    A:0.19753    G:0.27160

#47: Cattle         
position  1:    T:0.26667    C:0.30370    A:0.21481    G:0.21481
position  2:    T:0.36296    C:0.12593    A:0.31111    G:0.20000
position  3:    T:0.06667    C:0.48889    A:0.05926    G:0.38519
Average         T:0.23210    C:0.30617    A:0.19506    G:0.26667

#48: RoyalAntelope  
position  1:    T:0.26667    C:0.30370    A:0.21481    G:0.21481
position  2:    T:0.36296    C:0.12593    A:0.31111    G:0.20000
position  3:    T:0.06667    C:0.48148    A:0.07407    G:0.37778
Average         T:0.23210    C:0.30370    A:0.20000    G:0.26420

#49: Steenbok       
position  1:    T:0.26667    C:0.30370    A:0.21481    G:0.21481
position  2:    T:0.36296    C:0.12593    A:0.31111    G:0.20000
position  3:    T:0.05185    C:0.50370    A:0.05926    G:0.38519
Average         T:0.22716    C:0.31111    A:0.19506    G:0.26667

#50: Impala         
position  1:    T:0.27407    C:0.29630    A:0.21481    G:0.21481
position  2:    T:0.36296    C:0.12593    A:0.30370    G:0.20741
position  3:    T:0.08148    C:0.47407    A:0.06667    G:0.37778
Average         T:0.23951    C:0.29877    A:0.19506    G:0.26667

#51: Klipspringer   
position  1:    T:0.25926    C:0.31111    A:0.21481    G:0.21481
position  2:    T:0.36296    C:0.12593    A:0.30370    G:0.20741
